t x y content type
0 -0.055 -0.555 0 2
0 -0.055 -0.545 0 2
0 -0.055 -0.535 0 2
0 -0.055 -0.525 0 2
0 -0.055 -0.515 0 2
0 -0.055 -0.505 0 2
0 -0.055 -0.495 0 2
0 -0.055 -0.485 0 2
0 -0.055 -0.475 0 2
0 -0.055 -0.465 0 2
0 -0.055 -0.455 0 2
0 -0.055 -0.445 0 2
0 -0.055 -0.435 0 2
0 -0.055 -0.425 0 2
0 -0.055 -0.415 0 2
0 -0.055 -0.405 0 2
0 -0.055 -0.395 0 2
0 -0.055 -0.385 0 2
0 -0.055 -0.375 0 2
0 -0.055 -0.365 0 1
0 -0.055 -0.355 0 1
0 -0.055 -0.345 0 1
0 -0.055 -0.335 0 1
0 -0.055 -0.325 0 1
0 -0.055 -0.315 0 1
0 -0.055 -0.305 0 1
0 -0.055 -0.295 0 2
0 -0.055 -0.285 0 2
0 -0.055 -0.275 0 2
0 -0.055 -0.265 0 2
0 -0.055 -0.255 0 2
0 -0.055 -0.245 0 2
0 -0.055 -0.235 0 2
0 -0.055 -0.225 0 2
0 -0.055 -0.215 0 2
0 -0.055 -0.205 0 2
0 -0.055 -0.195 0 2
0 -0.055 -0.185 0 2
0 -0.055 -0.175 0 2
0 -0.055 -0.165 0 2
0 -0.055 -0.155 0 2
0 -0.055 -0.145 0 2
0 -0.055 -0.135 0 2
0 -0.055 -0.125 0 2
0 -0.055 -0.115 0 2
0 -0.055 -0.105 0 2
0 -0.055 -0.095 0 1
0 -0.055 -0.085 0 1
0 -0.055 -0.075 0 1
0 -0.055 -0.065 0 1
0 -0.055 -0.055 0 1
0 -0.055 -0.045 0 1
0 -0.055 -0.035 0 1
0 -0.055 -0.025 0 1
0 -0.055 -0.015 0 1
0 -0.055 -0.005 0 1
0 -0.055 0.005 0 1
0 -0.055 0.015 0 2
0 -0.055 0.025 0 2
0 -0.055 0.035 0 2
0 -0.055 0.045 0 2
0 -0.055 0.055 0 2
0 -0.055 0.065 0 2
0 -0.055 0.075 0 2
0 -0.055 0.085 0 2
0 -0.055 0.095 0 2
0 -0.055 0.105 0 2
0 -0.055 0.115 0 2
0 -0.055 0.125 0 2
0 -0.055 0.135 0 2
0 -0.055 0.145 0 2
0 -0.055 0.155 0 2
0 -0.055 0.165 0 2
0 -0.055 0.175 0 2
0 -0.055 0.185 0 2
0 -0.055 0.195 0 2
0 -0.055 0.205 0 2
0 -0.055 0.215 0 2
0 -0.055 0.225 0 2
0 -0.055 0.235 0 2
0 -0.055 0.245 0 2
0 -0.055 0.255 0 2
0 -0.055 0.265 0 2
0 -0.055 0.275 0 2
0 -0.055 0.285 0 2
0 -0.055 0.295 0 2
0 -0.055 0.305 0 2
0 -0.055 0.315 0 2
0 -0.055 0.325 0 2
0 -0.055 0.335 0 2
0 -0.055 0.345 0 2
0 -0.055 0.355 0 2
0 -0.055 0.365 0 2
0 -0.055 0.375 0 2
0 -0.055 0.385 0 2
0 -0.055 0.395 0 2
0 -0.055 0.405 0 2
0 -0.055 0.415 0 2
0 -0.055 0.425 0 2
0 -0.055 0.435 0 2
0 -0.055 0.445 0 1
0 -0.055 0.455 0 1
0 -0.055 0.465 0 1
0 -0.055 0.475 0 1
0 -0.055 0.485 0 1
0 -0.055 0.495 0 1
0 -0.055 0.505 0 1
0 -0.055 0.515 0 2
0 -0.055 0.525 0 2
0 -0.055 0.535 0 2
0 -0.055 0.545 0 2
0 -0.055 0.555 0 2
0 -0.055 0.565 0 2
0 -0.045 -0.555 0 2
0 -0.045 -0.545 0 2
0 -0.045 -0.535 0 2
0 -0.045 -0.525 0 2
0 -0.045 -0.515 0 2
0 -0.045 -0.505 0 2
0 -0.045 -0.495 0 2
0 -0.045 -0.485 0 2
0 -0.045 -0.475 0 2
0 -0.045 -0.465 0 2
0 -0.045 -0.455 0 2
0 -0.045 -0.445 0 2
0 -0.045 -0.435 0 2
0 -0.045 -0.425 0 2
0 -0.045 -0.415 0 2
0 -0.045 -0.405 0 2
0 -0.045 -0.395 0 2
0 -0.045 -0.385 0 2
0 -0.045 -0.375 0 1
0 -0.045 -0.365 0 1
0 -0.045 -0.355 0 1
0 -0.045 -0.345 0 1
0 -0.045 -0.335 0 1
0 -0.045 -0.325 0 1
0 -0.045 -0.315 0 1
0 -0.045 -0.305 0 1
0 -0.045 -0.295 0 2
0 -0.045 -0.285 0 2
0 -0.045 -0.275 0 2
0 -0.045 -0.265 0 2
0 -0.045 -0.255 0 2
0 -0.045 -0.245 0 2
0 -0.045 -0.235 0 2
0 -0.045 -0.225 0 2
0 -0.045 -0.215 0 2
0 -0.045 -0.205 0 2
0 -0.045 -0.195 0 2
0 -0.045 -0.185 0 2
0 -0.045 -0.175 0 2
0 -0.045 -0.165 0 2
0 -0.045 -0.155 0 2
0 -0.045 -0.145 0 2
0 -0.045 -0.135 0 2
0 -0.045 -0.125 0 2
0 -0.045 -0.115 0 2
0 -0.045 -0.105 0 2
0 -0.045 -0.095 0 1
0 -0.045 -0.085 0 1
0 -0.045 -0.075 0 1
0 -0.045 -0.065 0 1
0 -0.045 -0.055 0 1
0 -0.045 -0.045 0 1
0 -0.045 -0.035 0 1
0 -0.045 -0.025 0 1
0 -0.045 -0.015 0 1
0 -0.045 -0.005 0 1
0 -0.045 0.005 0 1
0 -0.045 0.015 0 2
0 -0.045 0.025 0 2
0 -0.045 0.035 0 2
0 -0.045 0.045 0 2
0 -0.045 0.055 0 2
0 -0.045 0.065 0 2
0 -0.045 0.075 0 2
0 -0.045 0.085 0 2
0 -0.045 0.095 0 2
0 -0.045 0.105 0 2
0 -0.045 0.115 0 2
0 -0.045 0.125 0 2
0 -0.045 0.135 0 2
0 -0.045 0.145 0 2
0 -0.045 0.155 0 2
0 -0.045 0.165 0 2
0 -0.045 0.175 0 2
0 -0.045 0.185 0 2
0 -0.045 0.195 0 2
0 -0.045 0.205 0 2
0 -0.045 0.215 0 2
0 -0.045 0.225 0 2
0 -0.045 0.235 0 2
0 -0.045 0.245 0 2
0 -0.045 0.255 0 2
0 -0.045 0.265 0 2
0 -0.045 0.275 0 2
0 -0.045 0.285 0 2
0 -0.045 0.295 0 2
0 -0.045 0.305 0 2
0 -0.045 0.315 0 2
0 -0.045 0.325 0 2
0 -0.045 0.335 0 2
0 -0.045 0.345 0 2
0 -0.045 0.355 0 2
0 -0.045 0.365 0 2
0 -0.045 0.375 0 2
0 -0.045 0.385 0 2
0 -0.045 0.395 0 2
0 -0.045 0.405 0 2
0 -0.045 0.415 0 2
0 -0.045 0.425 0 2
0 -0.045 0.435 0 2
0 -0.045 0.445 0 1
0 -0.045 0.455 0 1
0 -0.045 0.465 0 1
0 -0.045 0.475 0 1
0 -0.045 0.485 0 1
0 -0.045 0.495 0 1
0 -0.045 0.505 0 1
0 -0.045 0.515 0 2
0 -0.045 0.525 0 2
0 -0.045 0.535 0 2
0 -0.045 0.545 0 2
0 -0.045 0.555 0 2
0 -0.045 0.565 0 2
0 -0.035 -0.555 0 2
0 -0.035 -0.545 0 2
0 -0.035 -0.535 0 2
0 -0.035 -0.525 0 2
0 -0.035 -0.515 0 2
0 -0.035 -0.505 0 2
0 -0.035 -0.495 0 2
0 -0.035 -0.485 0 2
0 -0.035 -0.475 0 2
0 -0.035 -0.465 0 2
0 -0.035 -0.455 0 2
0 -0.035 -0.445 0 2
0 -0.035 -0.435 0 2
0 -0.035 -0.425 0 2
0 -0.035 -0.415 0 2
0 -0.035 -0.405 0 2
0 -0.035 -0.395 0 2
0 -0.035 -0.385 0 2
0 -0.035 -0.375 0 1
0 -0.035 -0.365 0 1
0 -0.035 -0.355 0 1
0 -0.035 -0.345 0 1
0 -0.035 -0.335 0 1
0 -0.035 -0.325 0 1
0 -0.035 -0.315 0 1
0 -0.035 -0.305 0 1
0 -0.035 -0.295 0 2
0 -0.035 -0.285 0 2
0 -0.035 -0.275 0 2
0 -0.035 -0.265 0 2
0 -0.035 -0.255 0 2
0 -0.035 -0.245 0 2
0 -0.035 -0.235 0 2
0 -0.035 -0.225 0 2
0 -0.035 -0.215 0 2
0 -0.035 -0.205 0 2
0 -0.035 -0.195 0 2
0 -0.035 -0.185 0 2
0 -0.035 -0.175 0 2
0 -0.035 -0.165 0 2
0 -0.035 -0.155 0 2
0 -0.035 -0.145 0 2
0 -0.035 -0.135 0 2
0 -0.035 -0.125 0 2
0 -0.035 -0.115 0 2
0 -0.035 -0.105 0 2
0 -0.035 -0.095 0 2
0 -0.035 -0.085 0 1
0 -0.035 -0.075 0 1
0 -0.035 -0.065 0 1
0 -0.035 -0.055 0 1
0 -0.035 -0.045 0 1
0 -0.035 -0.035 0 1
0 -0.035 -0.025 0 1
0 -0.035 -0.015 0 1
0 -0.035 -0.005 0 1
0 -0.035 0.005 0 1
0 -0.035 0.015 0 2
0 -0.035 0.025 0 2
0 -0.035 0.035 0 2
0 -0.035 0.045 0 2
0 -0.035 0.055 0 2
0 -0.035 0.065 0 2
0 -0.035 0.075 0 2
0 -0.035 0.085 0 2
0 -0.035 0.095 0 2
0 -0.035 0.105 0 2
0 -0.035 0.115 0 2
0 -0.035 0.125 0 2
0 -0.035 0.135 0 2
0 -0.035 0.145 0 2
0 -0.035 0.155 0 2
0 -0.035 0.165 0 2
0 -0.035 0.175 0 2
0 -0.035 0.185 0 2
0 -0.035 0.195 0 2
0 -0.035 0.205 0 2
0 -0.035 0.215 0 2
0 -0.035 0.225 0 2
0 -0.035 0.235 0 2
0 -0.035 0.245 0 2
0 -0.035 0.255 0 2
0 -0.035 0.265 0 2
0 -0.035 0.275 0 2
0 -0.035 0.285 0 2
0 -0.035 0.295 0 2
0 -0.035 0.305 0 2
0 -0.035 0.315 0 2
0 -0.035 0.325 0 2
0 -0.035 0.335 0 2
0 -0.035 0.345 0 2
0 -0.035 0.355 0 2
0 -0.035 0.365 0 2
0 -0.035 0.375 0 2
0 -0.035 0.385 0 2
0 -0.035 0.395 0 2
0 -0.035 0.405 0 2
0 -0.035 0.415 0 2
0 -0.035 0.425 0 2
0 -0.035 0.435 0 2
0 -0.035 0.445 0 1
0 -0.035 0.455 0 1
0 -0.035 0.465 0 1
0 -0.035 0.475 0 1
0 -0.035 0.485 0 1
0 -0.035 0.495 0 1
0 -0.035 0.505 0 2
0 -0.035 0.515 0 2
0 -0.035 0.525 0 2
0 -0.035 0.535 0 2
0 -0.035 0.545 0 2
0 -0.035 0.555 0 2
0 -0.035 0.565 0 2
0 -0.025 -0.555 0 2
0 -0.025 -0.545 0 2
0 -0.025 -0.535 0 2
0 -0.025 -0.525 0 2
0 -0.025 -0.515 0 2
0 -0.025 -0.505 0 2
0 -0.025 -0.495 0 2
0 -0.025 -0.485 0 2
0 -0.025 -0.475 0 2
0 -0.025 -0.465 0 2
0 -0.025 -0.455 0 2
0 -0.025 -0.445 0 2
0 -0.025 -0.435 0 2
0 -0.025 -0.425 0 2
0 -0.025 -0.415 0 2
0 -0.025 -0.405 0 2
0 -0.025 -0.395 0 2
0 -0.025 -0.385 0 1
0 -0.025 -0.375 0 1
0 -0.025 -0.365 0 1
0 -0.025 -0.355 0 1
0 -0.025 -0.345 0 1
0 -0.025 -0.335 0 1
0 -0.025 -0.325 0 1
0 -0.025 -0.315 0 1
0 -0.025 -0.305 0 1
0 -0.025 -0.295 0 2
0 -0.025 -0.285 0 2
0 -0.025 -0.275 0 2
0 -0.025 -0.265 0 2
0 -0.025 -0.255 0 2
0 -0.025 -0.245 0 2
0 -0.025 -0.235 0 2
0 -0.025 -0.225 0 2
0 -0.025 -0.215 0 2
0 -0.025 -0.205 0 2
0 -0.025 -0.195 0 2
0 -0.025 -0.185 0 2
0 -0.025 -0.175 0 2
0 -0.025 -0.165 0 2
0 -0.025 -0.155 0 2
0 -0.025 -0.145 0 2
0 -0.025 -0.135 0 2
0 -0.025 -0.125 0 2
0 -0.025 -0.115 0 2
0 -0.025 -0.105 0 2
0 -0.025 -0.095 0 2
0 -0.025 -0.085 0 2
0 -0.025 -0.075 0 1
0 -0.025 -0.065 0 1
0 -0.025 -0.055 0 1
0 -0.025 -0.045 0 1
0 -0.025 -0.035 0 1
0 -0.025 -0.025 0 1
0 -0.025 -0.015 0 1
0 -0.025 -0.005 0 2
0 -0.025 0.005 0 2
0 -0.025 0.015 0 2
0 -0.025 0.025 0 2
0 -0.025 0.035 0 2
0 -0.025 0.045 0 2
0 -0.025 0.055 0 2
0 -0.025 0.065 0 2
0 -0.025 0.075 0 2
0 -0.025 0.085 0 2
0 -0.025 0.095 0 2
0 -0.025 0.105 0 2
0 -0.025 0.115 0 2
0 -0.025 0.125 0 2
0 -0.025 0.135 0 2
0 -0.025 0.145 0 2
0 -0.025 0.155 0 2
0 -0.025 0.165 0 2
0 -0.025 0.175 0 2
0 -0.025 0.185 0 2
0 -0.025 0.195 0 2
0 -0.025 0.205 0 2
0 -0.025 0.215 0 2
0 -0.025 0.225 0 2
0 -0.025 0.235 0 2
0 -0.025 0.245 0 2
0 -0.025 0.255 0 2
0 -0.025 0.265 0 2
0 -0.025 0.275 0 2
0 -0.025 0.285 0 2
0 -0.025 0.295 0 2
0 -0.025 0.305 0 2
0 -0.025 0.315 0 2
0 -0.025 0.325 0 2
0 -0.025 0.335 0 2
0 -0.025 0.345 0 2
0 -0.025 0.355 0 2
0 -0.025 0.365 0 2
0 -0.025 0.375 0 2
0 -0.025 0.385 0 2
0 -0.025 0.395 0 2
0 -0.025 0.405 0 2
0 -0.025 0.415 0 2
0 -0.025 0.425 0 2
0 -0.025 0.435 0 2
0 -0.025 0.445 0 1
0 -0.025 0.455 0 1
0 -0.025 0.465 0 1
0 -0.025 0.475 0 1
0 -0.025 0.485 0 1
0 -0.025 0.495 0 1
0 -0.025 0.505 0 2
0 -0.025 0.515 0 2
0 -0.025 0.525 0 2
0 -0.025 0.535 0 2
0 -0.025 0.545 0 2
0 -0.025 0.555 0 2
0 -0.025 0.565 0 2
0 -0.015 -0.555 0 2
0 -0.015 -0.545 0 2
0 -0.015 -0.535 0 2
0 -0.015 -0.525 0 2
0 -0.015 -0.515 0 2
0 -0.015 -0.505 0 2
0 -0.015 -0.495 0 2
0 -0.015 -0.485 0 2
0 -0.015 -0.475 0 2
0 -0.015 -0.465 0 2
0 -0.015 -0.455 0 2
0 -0.015 -0.445 0 2
0 -0.015 -0.435 0 2
0 -0.015 -0.425 0 2
0 -0.015 -0.415 0 2
0 -0.015 -0.405 0 2
0 -0.015 -0.395 0 2
0 -0.015 -0.385 0 1
0 -0.015 -0.375 0 1
0 -0.015 -0.365 0 1
0 -0.015 -0.355 0 1
0 -0.015 -0.345 0 1
0 -0.015 -0.335 0 1
0 -0.015 -0.325 0 1
0 -0.015 -0.315 0 1
0 -0.015 -0.305 0 1
0 -0.015 -0.295 0 2
0 -0.015 -0.285 0 2
0 -0.015 -0.275 0 2
0 -0.015 -0.265 0 2
0 -0.015 -0.255 0 2
0 -0.015 -0.245 0 2
0 -0.015 -0.235 0 2
0 -0.015 -0.225 0 2
0 -0.015 -0.215 0 2
0 -0.015 -0.205 0 2
0 -0.015 -0.195 0 2
0 -0.015 -0.185 0 2
0 -0.015 -0.175 0 2
0 -0.015 -0.165 0 2
0 -0.015 -0.155 0 2
0 -0.015 -0.145 0 2
0 -0.015 -0.135 0 2
0 -0.015 -0.125 0 2
0 -0.015 -0.115 0 2
0 -0.015 -0.105 0 2
0 -0.015 -0.095 0 2
0 -0.015 -0.085 0 2
0 -0.015 -0.075 0 2
0 -0.015 -0.065 0 2
0 -0.015 -0.055 0 2
0 -0.015 -0.045 0 2
0 -0.015 -0.035 0 2
0 -0.015 -0.025 0 2
0 -0.015 -0.015 0 2
0 -0.015 -0.005 0 2
0 -0.015 0.005 0 2
0 -0.015 0.015 0 2
0 -0.015 0.025 0 2
0 -0.015 0.035 0 2
0 -0.015 0.045 0 2
0 -0.015 0.055 0 2
0 -0.015 0.065 0 2
0 -0.015 0.075 0 2
0 -0.015 0.085 0 2
0 -0.015 0.095 0 2
0 -0.015 0.105 0 2
0 -0.015 0.115 0 2
0 -0.015 0.125 0 2
0 -0.015 0.135 0 2
0 -0.015 0.145 0 2
0 -0.015 0.155 0 2
0 -0.015 0.165 0 2
0 -0.015 0.175 0 2
0 -0.015 0.185 0 2
0 -0.015 0.195 0 2
0 -0.015 0.205 0 2
0 -0.015 0.215 0 2
0 -0.015 0.225 0 2
0 -0.015 0.235 0 2
0 -0.015 0.245 0 2
0 -0.015 0.255 0 2
0 -0.015 0.265 0 2
0 -0.015 0.275 0 2
0 -0.015 0.285 0 2
0 -0.015 0.295 0 2
0 -0.015 0.305 0 2
0 -0.015 0.315 0 2
0 -0.015 0.325 0 2
0 -0.015 0.335 0 2
0 -0.015 0.345 0 2
0 -0.015 0.355 0 2
0 -0.015 0.365 0 2
0 -0.015 0.375 0 2
0 -0.015 0.385 0 2
0 -0.015 0.395 0 2
0 -0.015 0.405 0 2
0 -0.015 0.415 0 2
0 -0.015 0.425 0 2
0 -0.015 0.435 0 2
0 -0.015 0.445 0 2
0 -0.015 0.455 0 1
0 -0.015 0.465 0 1
0 -0.015 0.475 0 1
0 -0.015 0.485 0 1
0 -0.015 0.495 0 2
0 -0.015 0.505 0 2
0 -0.015 0.515 0 2
0 -0.015 0.525 0 2
0 -0.015 0.535 0 2
0 -0.015 0.545 0 2
0 -0.015 0.555 0 2
0 -0.015 0.565 0 2
0 -0.005 -0.555 0 2
0 -0.005 -0.545 0 2
0 -0.005 -0.535 0 2
0 -0.005 -0.525 0 2
0 -0.005 -0.515 0 2
0 -0.005 -0.505 0 2
0 -0.005 -0.495 0 2
0 -0.005 -0.485 0 2
0 -0.005 -0.475 0 2
0 -0.005 -0.465 0 2
0 -0.005 -0.455 0 2
0 -0.005 -0.445 0 2
0 -0.005 -0.435 0 2
0 -0.005 -0.425 0 2
0 -0.005 -0.415 0 2
0 -0.005 -0.405 0 2
0 -0.005 -0.395 0 2
0 -0.005 -0.385 0 1
0 -0.005 -0.375 0 1
0 -0.005 -0.365 0 1
0 -0.005 -0.355 0 1
0 -0.005 -0.345 0 1
0 -0.005 -0.335 0 1
0 -0.005 -0.325 0 1
0 -0.005 -0.315 0 1
0 -0.005 -0.305 0 2
0 -0.005 -0.295 0 2
0 -0.005 -0.285 0 2
0 -0.005 -0.275 0 2
0 -0.005 -0.265 0 2
0 -0.005 -0.255 0 2
0 -0.005 -0.245 0 2
0 -0.005 -0.235 0 2
0 -0.005 -0.225 0 2
0 -0.005 -0.215 0 2
0 -0.005 -0.205 0 2
0 -0.005 -0.195 0 2
0 -0.005 -0.185 0 2
0 -0.005 -0.175 0 2
0 -0.005 -0.165 0 2
0 -0.005 -0.155 0 2
0 -0.005 -0.145 0 2
0 -0.005 -0.135 0 2
0 -0.005 -0.125 0 2
0 -0.005 -0.115 0 2
0 -0.005 -0.105 0 2
0 -0.005 -0.095 0 2
0 -0.005 -0.085 0 2
0 -0.005 -0.075 0 2
0 -0.005 -0.065 0 2
0 -0.005 -0.055 0 2
0 -0.005 -0.045 0 2
0 -0.005 -0.035 0 2
0 -0.005 -0.025 0 2
0 -0.005 -0.015 0 2
0 -0.005 -0.005 0 2
0 -0.005 0.005 0 2
0 -0.005 0.015 0 2
0 -0.005 0.025 0 2
0 -0.005 0.035 0 2
0 -0.005 0.045 0 2
0 -0.005 0.055 0 2
0 -0.005 0.065 0 2
0 -0.005 0.075 0 2
0 -0.005 0.085 0 2
0 -0.005 0.095 0 2
0 -0.005 0.105 0 2
0 -0.005 0.115 0 2
0 -0.005 0.125 0 2
0 -0.005 0.135 0 2
0 -0.005 0.145 0 2
0 -0.005 0.155 0 2
0 -0.005 0.165 0 2
0 -0.005 0.175 0 2
0 -0.005 0.185 0 2
0 -0.005 0.195 0 2
0 -0.005 0.205 0 2
0 -0.005 0.215 0 1
0 -0.005 0.225 0 1
0 -0.005 0.235 0 1
0 -0.005 0.245 0 1
0 -0.005 0.255 0 1
0 -0.005 0.265 0 2
0 -0.005 0.275 0 2
0 -0.005 0.285 0 2
0 -0.005 0.295 0 2
0 -0.005 0.305 0 2
0 -0.005 0.315 0 2
0 -0.005 0.325 0 2
0 -0.005 0.335 0 2
0 -0.005 0.345 0 2
0 -0.005 0.355 0 2
0 -0.005 0.365 0 2
0 -0.005 0.375 0 2
0 -0.005 0.385 0 2
0 -0.005 0.395 0 2
0 -0.005 0.405 0 2
0 -0.005 0.415 0 2
0 -0.005 0.425 0 2
0 -0.005 0.435 0 2
0 -0.005 0.445 0 2
0 -0.005 0.455 0 2
0 -0.005 0.465 0 2
0 -0.005 0.475 0 2
0 -0.005 0.485 0 2
0 -0.005 0.495 0 2
0 -0.005 0.505 0 2
0 -0.005 0.515 0 2
0 -0.005 0.525 0 2
0 -0.005 0.535 0 2
0 -0.005 0.545 0 2
0 -0.005 0.555 0 2
0 -0.005 0.565 0 2
0 0.005 -0.555 0 2
0 0.005 -0.545 0 2
0 0.005 -0.535 0 2
0 0.005 -0.525 0 2
0 0.005 -0.515 0 2
0 0.005 -0.505 0 2
0 0.005 -0.495 0.01137445271 2
0 0.005 -0.485 0.01167716921 2
0 0.005 -0.475 0.01195809354 2
0 0.005 -0.465 0.01221670145 2
0 0.005 -0.455 0.01245251031 2
0 0.005 -0.445 0.01266508006 2
0 0.005 -0.435 0.01285401398 2
0 0.005 -0.425 0.01301895949 2
0 0.005 -0.415 0.01315960876 2
0 0.005 -0.405 0.01327569931 2
0 0.005 -0.395 0.01336701449 2
0 0.005 -0.385 0.01343338389 1
0 0.005 -0.375 0.01347468365 1
0 0.005 -0.365 0.01349083668 1
0 0.005 -0.355 0.01348181285 1
0 0.005 -0.345 0.013447629 1
0 0.005 -0.335 0.01338834892 1
0 0.005 -0.325 0.01330408325 1
0 0.005 -0.315 0.01319498923 2
0 0.005 -0.305 0.01306127046 2
0 0.005 -0.295 0.0129031765 2
0 0.005 -0.285 0.01272100237 2
0 0.005 -0.275 0.01251508806 2
0 0.005 -0.265 0.01228581785 2
0 0.005 -0.255 0.0120336196 2
0 0.005 -0.245 0.01175896398 2
0 0.005 -0.235 0.01146236355 2
0 0.005 -0.225 0.01114437183 2
0 0.005 -0.215 0.01080558227 2
0 0.005 -0.205 0.01044662712 2
0 0.005 -0.195 0.01006817626 2
0 0.005 -0.185 0.009670935985 2
0 0.005 -0.175 0.009255647614 2
0 0.005 -0.165 0.008823086173 2
0 0.005 -0.155 0.008374058916 2
0 0.005 -0.145 0.007909403826 2
0 0.005 -0.135 0.007429988052 2
0 0.005 -0.125 0.006936706288 2
0 0.005 -0.115 0.006430479108 2
0 0.005 -0.105 0.005912251241 2
0 0.005 -0.095 0.005382989815 2
0 0.005 -0.085 0.004843682549 2
0 0.005 -0.075 0.004295335907 2
0 0.005 -0.065 0.003738973225 2
0 0.005 -0.055 0.003175632798 2
0 0.005 -0.045 0.002606365943 2
0 0.005 -0.035 0.002032235037 2
0 0.005 -0.025 0.001454311534 2
0 0.005 -0.015 0.0008736739664 2
0 0.005 -0.005 0.0002914059313 2
0 0.005 0.005 -0.0002914059313 2
0 0.005 0.015 -0.0008736739664 2
0 0.005 0.025 -0.001454311534 2
0 0.005 0.035 -0.002032235037 2
0 0.005 0.045 -0.002606365943 2
0 0.005 0.055 -0.003175632798 2
0 0.005 0.065 -0.003738973225 2
0 0.005 0.075 -0.004295335907 2
0 0.005 0.085 -0.004843682549 2
0 0.005 0.095 -0.005382989815 2
0 0.005 0.105 -0.005912251241 2
0 0.005 0.115 -0.006430479108 2
0 0.005 0.125 -0.006936706288 2
0 0.005 0.135 -0.007429988052 2
0 0.005 0.145 -0.007909403826 2
0 0.005 0.155 -0.008374058916 2
0 0.005 0.165 -0.008823086173 2
0 0.005 0.175 -0.009255647614 2
0 0.005 0.185 -0.009670935985 2
0 0.005 0.195 -0.01006817626 1
0 0.005 0.205 -0.01044662712 1
0 0.005 0.215 -0.01080558227 1
0 0.005 0.225 -0.01114437183 1
0 0.005 0.235 -0.01146236355 1
0 0.005 0.245 -0.01175896398 1
0 0.005 0.255 -0.0120336196 1
0 0.005 0.265 -0.01228581785 1
0 0.005 0.275 -0.01251508806 2
0 0.005 0.285 -0.01272100237 2
0 0.005 0.295 -0.0129031765 2
0 0.005 0.305 -0.01306127046 2
0 0.005 0.315 -0.01319498923 2
0 0.005 0.325 -0.01330408325 2
0 0.005 0.335 -0.01338834892 2
0 0.005 0.345 -0.013447629 2
0 0.005 0.355 -0.01348181285 2
0 0.005 0.365 -0.01349083668 2
0 0.005 0.375 -0.01347468365 2
0 0.005 0.385 -0.01343338389 2
0 0.005 0.395 -0.01336701449 2
0 0.005 0.405 -0.01327569931 2
0 0.005 0.415 -0.01315960876 2
0 0.005 0.425 -0.01301895949 2
0 0.005 0.435 -0.01285401398 2
0 0.005 0.445 -0.01266508006 2
0 0.005 0.455 -0.01245251031 2
0 0.005 0.465 -0.01221670145 2
0 0.005 0.475 -0.01195809354 2
0 0.005 0.485 -0.01167716921 2
0 0.005 0.495 -0.01137445271 2
0 0.005 0.505 0 2
0 0.005 0.515 0 2
0 0.005 0.525 0 2
0 0.005 0.535 0 2
0 0.005 0.545 0 2
0 0.005 0.555 0 2
0 0.005 0.565 0 2
0 0.015 -0.555 0 2
0 0.015 -0.545 0 2
0 0.015 -0.535 0 2
0 0.015 -0.525 0 2
0 0.015 -0.515 0 2
0 0.015 -0.505 0 2
0 0.015 -0.495 0.03411507709 2
0 0.015 -0.485 0.0350230062 2
0 0.015 -0.475 0.03586557469 2
0 0.015 -0.465 0.03664121013 2
0 0.015 -0.455 0.03734846504 2
0 0.015 -0.445 0.03798601951 2
0 0.015 -0.435 0.03855268372 2
0 0.015 -0.425 0.03904740016 2
0 0.015 -0.415 0.03946924558 2
0 0.015 -0.405 0.03981743272 2
0 0.015 -0.395 0.04009131179 2
0 0.015 -0.385 0.04029037166 2
0 0.015 -0.375 0.04041424086 1
0 0.015 -0.365 0.04046268821 1
0 0.015 -0.355 0.04043562329 1
0 0.015 -0.345 0.04033309663 1
0 0.015 -0.335 0.04015529955 1
0 0.015 -0.325 0.03990256386 2
0 0.015 -0.315 0.03957536123 2
0 0.015 -0.305 0.03917430228 2
0 0.015 -0.295 0.03870013549 2
0 0.015 -0.285 0.03815374574 2
0 0.015 -0.275 0.03753615272 2
0 0.015 -0.265 0.03684850901 2
0 0.015 -0.255 0.03609209788 2
0 0.015 -0.245 0.03526833097 2
0 0.015 -0.235 0.03437874562 2
0 0.015 -0.225 0.03342500197 2
0 0.015 -0.215 0.03240887993 2
0 0.015 -0.205 0.03133227581 2
0 0.015 -0.195 0.03019719878 2
0 0.015 -0.185 0.02900576715 2
0 0.015 -0.175 0.02776020438 2
0 0.015 -0.165 0.02646283498 2
0 0.015 -0.155 0.02511608012 2
0 0.015 -0.145 0.02372245313 2
0 0.015 -0.135 0.02228455484 2
0 0.015 -0.125 0.02080506868 2
0 0.015 -0.115 0.01928675569 2
0 0.015 -0.105 0.01773244938 2
0 0.015 -0.095 0.01614505043 2
0 0.015 -0.085 0.01452752126 2
0 0.015 -0.075 0.01288288055 2
0 0.015 -0.065 0.01121419756 2
0 0.015 -0.055 0.009524586413 2
0 0.015 -0.045 0.007817200296 2
0 0.015 -0.035 0.006095225567 2
0 0.015 -0.025 0.004361875808 2
0 0.015 -0.015 0.002620385831 2
0 0.015 -0.005 0.0008740056393 2
0 0.015 0.005 -0.0008740056393 2
0 0.015 0.015 -0.002620385831 2
0 0.015 0.025 -0.004361875808 2
0 0.015 0.035 -0.006095225567 2
0 0.015 0.045 -0.007817200296 2
0 0.015 0.055 -0.009524586413 2
0 0.015 0.065 -0.01121419756 2
0 0.015 0.075 -0.01288288055 2
0 0.015 0.085 -0.01452752126 2
0 0.015 0.095 -0.01614505043 2
0 0.015 0.105 -0.01773244938 2
0 0.015 0.115 -0.01928675569 2
0 0.015 0.125 -0.02080506868 2
0 0.015 0.135 -0.02228455484 2
0 0.015 0.145 -0.02372245313 2
0 0.015 0.155 -0.02511608012 2
0 0.015 0.165 -0.02646283498 2
0 0.015 0.175 -0.02776020438 2
0 0.015 0.185 -0.02900576715 1
0 0.015 0.195 -0.03019719878 1
0 0.015 0.205 -0.03133227581 1
0 0.015 0.215 -0.03240887993 1
0 0.015 0.225 -0.03342500197 1
0 0.015 0.235 -0.03437874562 1
0 0.015 0.245 -0.03526833097 1
0 0.015 0.255 -0.03609209788 1
0 0.015 0.265 -0.03684850901 1
0 0.015 0.275 -0.03753615272 2
0 0.015 0.285 -0.03815374574 2
0 0.015 0.295 -0.03870013549 2
0 0.015 0.305 -0.03917430228 2
0 0.015 0.315 -0.03957536123 2
0 0.015 0.325 -0.03990256386 2
0 0.015 0.335 -0.04015529955 2
0 0.015 0.345 -0.04033309663 2
0 0.015 0.355 -0.04043562329 2
0 0.015 0.365 -0.04046268821 2
0 0.015 0.375 -0.04041424086 2
0 0.015 0.385 -0.04029037166 2
0 0.015 0.395 -0.04009131179 2
0 0.015 0.405 -0.03981743272 2
0 0.015 0.415 -0.03946924558 2
0 0.015 0.425 -0.03904740016 2
0 0.015 0.435 -0.03855268372 2
0 0.015 0.445 -0.03798601951 2
0 0.015 0.455 -0.03734846504 2
0 0.015 0.465 -0.03664121013 2
0 0.015 0.475 -0.03586557469 2
0 0.015 0.485 -0.0350230062 2
0 0.015 0.495 -0.03411507709 2
0 0.015 0.505 0 2
0 0.015 0.515 0 2
0 0.015 0.525 0 2
0 0.015 0.535 0 2
0 0.015 0.545 0 2
0 0.015 0.555 0 2
0 0.015 0.565 0 2
0 0.025 -0.555 0 2
0 0.025 -0.545 0 2
0 0.025 -0.535 0 2
0 0.025 -0.525 0 2
0 0.025 -0.515 0 2
0 0.025 -0.505 0 2
0 0.025 -0.495 0.05683086441 2
0 0.025 -0.485 0.05834334511 2
0 0.025 -0.475 0.05974694433 2
0 0.025 -0.465 0.06103904263 2
0 0.025 -0.455 0.06221722867 2
0 0.025 -0.445 0.0632793037 2
0 0.025 -0.435 0.06422328565 2
0 0.025 -0.425 0.06504741285 2
0 0.025 -0.415 0.0657501473 2
0 0.025 -0.405 0.06633017753 2
0 0.025 -0.395 0.06678642109 2
0 0.025 -0.385 0.06711802652 2
0 0.025 -0.375 0.06732437497 1
0 0.025 -0.365 0.06740508136 1
0 0.025 -0.355 0.06735999506 1
0 0.025 -0.345 0.06718920023 1
0 0.025 -0.335 0.06689301559 2
0 0.025 -0.325 0.0664719939 2
0 0.025 -0.315 0.06592692087 2
0 0.025 -0.305 0.06525881373 2
0 0.025 -0.295 0.06446891931 2
0 0.025 -0.285 0.06355871173 2
0 0.025 -0.275 0.06252988965 2
0 0.025 -0.265 0.06138437305 2
0 0.025 -0.255 0.06012429974 2
0 0.025 -0.245 0.05875202128 2
0 0.025 -0.235 0.05727009865 2
0 0.025 -0.225 0.05568129744 2
0 0.025 -0.215 0.05398858271 2
0 0.025 -0.205 0.05219511342 2
0 0.025 -0.195 0.05030423659 2
0 0.025 -0.185 0.04831948101 2
0 0.025 -0.175 0.04624455066 2
0 0.025 -0.165 0.04408331784 2
0 0.025 -0.155 0.04183981586 2
0 0.025 -0.145 0.03951823159 2
0 0.025 -0.135 0.03712289763 2
0 0.025 -0.125 0.03465828419 2
0 0.025 -0.115 0.03212899078 2
0 0.025 -0.105 0.02953973762 2
0 0.025 -0.095 0.02689535683 2
0 0.025 -0.085 0.02420078339 2
0 0.025 -0.075 0.02146104597 2
0 0.025 -0.065 0.01868125754 2
0 0.025 -0.055 0.01586660577 2
0 0.025 -0.045 0.01302234343 2
0 0.025 -0.035 0.01015377854 2
0 0.025 -0.025 0.007266264471 2
0 0.025 -0.015 0.004365189956 2
0 0.025 -0.005 0.001455969038 2
0 0.025 0.005 -0.001455969038 2
0 0.025 0.015 -0.004365189956 2
0 0.025 0.025 -0.007266264471 2
0 0.025 0.035 -0.01015377854 2
0 0.025 0.045 -0.01302234343 2
0 0.025 0.055 -0.01586660577 2
0 0.025 0.065 -0.01868125754 2
0 0.025 0.075 -0.02146104597 2
0 0.025 0.085 -0.02420078339 2
0 0.025 0.095 -0.02689535683 2
0 0.025 0.105 -0.02953973762 2
0 0.025 0.115 -0.03212899078 2
0 0.025 0.125 -0.03465828419 2
0 0.025 0.135 -0.03712289763 2
0 0.025 0.145 -0.03951823159 2
0 0.025 0.155 -0.04183981586 2
0 0.025 0.165 -0.04408331784 2
0 0.025 0.175 -0.04624455066 1
0 0.025 0.185 -0.04831948101 1
0 0.025 0.195 -0.05030423659 1
0 0.025 0.205 -0.05219511342 1
0 0.025 0.215 -0.05398858271 1
0 0.025 0.225 -0.05568129744 1
0 0.025 0.235 -0.05727009865 1
0 0.025 0.245 -0.05875202128 1
0 0.025 0.255 -0.06012429974 1
0 0.025 0.265 -0.06138437305 1
0 0.025 0.275 -0.06252988965 2
0 0.025 0.285 -0.06355871173 2
0 0.025 0.295 -0.06446891931 2
0 0.025 0.305 -0.06525881373 2
0 0.025 0.315 -0.06592692087 2
0 0.025 0.325 -0.0664719939 2
0 0.025 0.335 -0.06689301559 2
0 0.025 0.345 -0.06718920023 2
0 0.025 0.355 -0.06735999506 2
0 0.025 0.365 -0.06740508136 2
0 0.025 0.375 -0.06732437497 2
0 0.025 0.385 -0.06711802652 2
0 0.025 0.395 -0.06678642109 2
0 0.025 0.405 -0.06633017753 2
0 0.025 0.415 -0.0657501473 2
0 0.025 0.425 -0.06504741285 2
0 0.025 0.435 -0.06422328565 2
0 0.025 0.445 -0.0632793037 2
0 0.025 0.455 -0.06221722867 2
0 0.025 0.465 -0.06103904263 2
0 0.025 0.475 -0.05974694433 2
0 0.025 0.485 -0.05834334511 2
0 0.025 0.495 -0.05683086441 2
0 0.025 0.505 0 2
0 0.025 0.515 0 2
0 0.025 0.525 0 2
0 0.025 0.535 0 2
0 0.025 0.545 0 2
0 0.025 0.555 0 2
0 0.025 0.565 0 2
0 0.035 -0.555 0 2
0 0.035 -0.545 0 2
0 0.035 -0.535 0 2
0 0.035 -0.525 0 2
0 0.035 -0.515 0 2
0 0.035 -0.505 0 2
0 0.035 -0.495 0.0795052767 2
0 0.035 -0.485 0.08162120786 2
0 0.035 -0.475 0.08358481593 2
0 0.035 -0.465 0.08539243638 2
0 0.035 -0.455 0.08704069579 2
0 0.035 -0.445 0.08852651815 2
0 0.035 -0.435 0.08984713059 2
0 0.035 -0.425 0.09100006855 2
0 0.035 -0.415 0.09198318041 2
0 0.035 -0.405 0.09279463145 2
0 0.035 -0.395 0.09343290734 2
0 0.035 -0.385 0.0938968169 1
0 0.035 -0.375 0.09418549438 1
0 0.035 -0.365 0.09429840105 1
0 0.035 -0.355 0.0942353262 2
0 0.035 -0.345 0.09399638754 2
0 0.035 -0.335 0.09358203098 2
0 0.035 -0.325 0.0929930298 2
0 0.035 -0.315 0.0922304832 2
0 0.035 -0.305 0.09129581428 2
0 0.035 -0.295 0.09019076731 2
0 0.035 -0.285 0.08891740457 2
0 0.035 -0.275 0.08747810243 2
0 0.035 -0.265 0.08587554694 2
0 0.035 -0.255 0.08411272883 2
0 0.035 -0.245 0.08219293789 2
0 0.035 -0.235 0.08011975688 2
0 0.035 -0.225 0.07789705482 2
0 0.035 -0.215 0.07552897974 2
0 0.035 -0.205 0.073019951 2
0 0.035 -0.195 0.070374651 2
0 0.035 -0.185 0.06759801645 2
0 0.035 -0.175 0.06469522916 2
0 0.035 -0.165 0.06167170636 2
0 0.035 -0.155 0.05853309062 2
0 0.035 -0.145 0.05528523928 2
0 0.035 -0.135 0.05193421354 2
0 0.035 -0.125 0.04848626716 2
0 0.035 -0.115 0.04494783475 2
0 0.035 -0.105 0.04132551982 2
0 0.035 -0.095 0.03762608239 2
0 0.035 -0.085 0.03385642643 2
0 0.035 -0.075 0.03002358694 2
0 0.035 -0.065 0.02613471685 2
0 0.035 -0.055 0.02219707363 2
0 0.035 -0.045 0.01821800581 2
0 0.035 -0.035 0.01420493918 2
0 0.035 -0.025 0.01016536302 2
0 0.035 -0.015 0.006106816057 2
0 0.035 -0.005 0.002036872436 2
0 0.035 0.005 -0.002036872436 2
0 0.035 0.015 -0.006106816057 2
0 0.035 0.025 -0.01016536302 2
0 0.035 0.035 -0.01420493918 2
0 0.035 0.045 -0.01821800581 2
0 0.035 0.055 -0.02219707363 2
0 0.035 0.065 -0.02613471685 2
0 0.035 0.075 -0.03002358694 2
0 0.035 0.085 -0.03385642643 2
0 0.035 0.095 -0.03762608239 2
0 0.035 0.105 -0.04132551982 2
0 0.035 0.115 -0.04494783475 2
0 0.035 0.125 -0.04848626716 2
0 0.035 0.135 -0.05193421354 2
0 0.035 0.145 -0.05528523928 2
0 0.035 0.155 -0.05853309062 2
0 0.035 0.165 -0.06167170636 2
0 0.035 0.175 -0.06469522916 1
0 0.035 0.185 -0.06759801645 1
0 0.035 0.195 -0.070374651 1
0 0.035 0.205 -0.073019951 1
0 0.035 0.215 -0.07552897974 1
0 0.035 0.225 -0.07789705482 1
0 0.035 0.235 -0.08011975688 1
0 0.035 0.245 -0.08219293789 1
0 0.035 0.255 -0.08411272883 1
0 0.035 0.265 -0.08587554694 2
0 0.035 0.275 -0.08747810243 2
0 0.035 0.285 -0.08891740457 2
0 0.035 0.295 -0.09019076731 2
0 0.035 0.305 -0.09129581428 2
0 0.035 0.315 -0.0922304832 2
0 0.035 0.325 -0.0929930298 2
0 0.035 0.335 -0.09358203098 2
0 0.035 0.345 -0.09399638754 2
0 0.035 0.355 -0.0942353262 2
0 0.035 0.365 -0.09429840105 2
0 0.035 0.375 -0.09418549438 2
0 0.035 0.385 -0.0938968169 2
0 0.035 0.395 -0.09343290734 2
0 0.035 0.405 -0.09279463145 2
0 0.035 0.415 -0.09198318041 2
0 0.035 0.425 -0.09100006855 2
0 0.035 0.435 -0.08984713059 2
0 0.035 0.445 -0.08852651815 2
0 0.035 0.455 -0.08704069579 2
0 0.035 0.465 -0.08539243638 2
0 0.035 0.475 -0.08358481593 2
0 0.035 0.485 -0.08162120786 2
0 0.035 0.495 -0.0795052767 2
0 0.035 0.505 0 2
0 0.035 0.515 0 2
0 0.035 0.525 0 2
0 0.035 0.535 0 2
0 0.035 0.545 0 2
0 0.035 0.555 0 2
0 0.035 0.565 0 2
0 0.045 -0.555 0 2
0 0.045 -0.545 0 2
0 0.045 -0.535 0 2
0 0.045 -0.525 0 2
0 0.045 -0.515 0 2
0 0.045 -0.505 0 2
0 0.045 -0.495 0.1021218061 2
0 0.045 -0.485 0.1048396473 2
0 0.045 -0.475 0.1073618346 2
0 0.045 -0.465 0.1096836612 2
0 0.045 -0.455 0.111800794 2
0 0.045 -0.445 0.1137092819 2
0 0.045 -0.435 0.1154055634 2
0 0.045 -0.425 0.1168864728 2
0 0.045 -0.415 0.1181492463 2
0 0.045 -0.405 0.1191915274 2
0 0.045 -0.395 0.1200113709 1
0 0.045 -0.385 0.1206072468 1
0 0.045 -0.375 0.1209780432 1
0 0.045 -0.365 0.1211230679 1
0 0.045 -0.355 0.1210420504 1
0 0.045 -0.345 0.1207351419 1
0 0.045 -0.335 0.1202029151 2
0 0.045 -0.325 0.1194463632 2
0 0.045 -0.315 0.1184668983 2
0 0.045 -0.305 0.117266348 2
0 0.045 -0.295 0.115846953 2
0 0.045 -0.285 0.1142113622 2
0 0.045 -0.275 0.1123626278 2
0 0.045 -0.265 0.1103042002 2
0 0.045 -0.255 0.1080399207 2
0 0.045 -0.245 0.1055740149 2
0 0.045 -0.235 0.1029110849 2
0 0.045 -0.225 0.1000561002 2
0 0.045 -0.215 0.09701438881 2
0 0.045 -0.205 0.09379162729 2
0 0.045 -0.195 0.09039383 2
0 0.045 -0.185 0.08682733798 2
0 0.045 -0.175 0.08309880707 2
0 0.045 -0.165 0.07921519555 2
0 0.045 -0.155 0.07518375108 2
0 0.045 -0.145 0.07101199722 2
0 0.045 -0.135 0.06670771937 2
0 0.045 -0.125 0.06227895028 2
0 0.045 -0.115 0.05773395499 2
0 0.045 -0.105 0.05308121546 2
0 0.045 -0.095 0.04832941473 2
0 0.045 -0.085 0.0434874207 2
0 0.045 -0.075 0.03856426959 2
0 0.045 -0.065 0.03356914909 2
0 0.045 -0.055 0.02851138118 2
0 0.045 -0.045 0.02340040478 2
0 0.045 -0.035 0.01824575808 2
0 0.045 -0.025 0.01305706079 2
0 0.045 -0.015 0.007843996164 2
0 0.045 -0.005 0.002616292914 2
0 0.045 0.005 -0.002616292914 2
0 0.045 0.015 -0.007843996164 2
0 0.045 0.025 -0.01305706079 2
0 0.045 0.035 -0.01824575808 2
0 0.045 0.045 -0.02340040478 2
0 0.045 0.055 -0.02851138118 2
0 0.045 0.065 -0.03356914909 2
0 0.045 0.075 -0.03856426959 2
0 0.045 0.085 -0.0434874207 2
0 0.045 0.095 -0.04832941473 2
0 0.045 0.105 -0.05308121546 2
0 0.045 0.115 -0.05773395499 2
0 0.045 0.125 -0.06227895028 2
0 0.045 0.135 -0.06670771937 2
0 0.045 0.145 -0.07101199722 2
0 0.045 0.155 -0.07518375108 2
0 0.045 0.165 -0.07921519555 1
0 0.045 0.175 -0.08309880707 1
0 0.045 0.185 -0.08682733798 1
0 0.045 0.195 -0.09039383 1
0 0.045 0.205 -0.09379162729 1
0 0.045 0.215 -0.09701438881 1
0 0.045 0.225 -0.1000561002 1
0 0.045 0.235 -0.1029110849 1
0 0.045 0.245 -0.1055740149 1
0 0.045 0.255 -0.1080399207 1
0 0.045 0.265 -0.1103042002 2
0 0.045 0.275 -0.1123626278 2
0 0.045 0.285 -0.1142113622 2
0 0.045 0.295 -0.115846953 2
0 0.045 0.305 -0.117266348 2
0 0.045 0.315 -0.1184668983 2
0 0.045 0.325 -0.1194463632 2
0 0.045 0.335 -0.1202029151 2
0 0.045 0.345 -0.1207351419 2
0 0.045 0.355 -0.1210420504 2
0 0.045 0.365 -0.1211230679 2
0 0.045 0.375 -0.1209780432 2
0 0.045 0.385 -0.1206072468 2
0 0.045 0.395 -0.1200113709 2
0 0.045 0.405 -0.1191915274 2
0 0.045 0.415 -0.1181492463 2
0 0.045 0.425 -0.1168864728 2
0 0.045 0.435 -0.1154055634 2
0 0.045 0.445 -0.1137092819 2
0 0.045 0.455 -0.111800794 2
0 0.045 0.465 -0.1096836612 2
0 0.045 0.475 -0.1073618346 2
0 0.045 0.485 -0.1048396473 2
0 0.045 0.495 -0.1021218061 2
0 0.045 0.505 0 2
0 0.045 0.515 0 2
0 0.045 0.525 0 2
0 0.045 0.535 0 2
0 0.045 0.545 0 2
0 0.045 0.555 0 2
0 0.045 0.565 0 2
0 0.055 -0.555 0 2
0 0.055 -0.545 0 2
0 0.055 -0.535 0 2
0 0.055 -0.525 0 2
0 0.055 -0.515 0 2
0 0.055 -0.505 0 2
0 0.055 -0.495 0.124663987 2
0 0.055 -0.485 0.1279817594 2
0 0.055 -0.475 0.1310606898 2
0 0.055 -0.465 0.1338950321 2
0 0.055 -0.455 0.136479497 2
0 0.055 -0.445 0.1388092611 2
0 0.055 -0.435 0.1408799766 2
0 0.055 -0.425 0.1426877792 2
0 0.055 -0.415 0.144229295 2
0 0.055 -0.405 0.1455016473 2
0 0.055 -0.395 0.1465024616 1
0 0.055 -0.385 0.1472298701 1
0 0.055 -0.375 0.1476825154 1
0 0.055 -0.365 0.1478595526 1
0 0.055 -0.355 0.1477606515 1
0 0.055 -0.345 0.1473859965 1
0 0.055 -0.335 0.1467362869 1
0 0.055 -0.325 0.1458127352 2
0 0.055 -0.315 0.1446170649 2
0 0.055 -0.305 0.1431515074 2
0 0.055 -0.295 0.1414187977 2
0 0.055 -0.285 0.1394221696 2
0 0.055 -0.275 0.137165349 2
0 0.055 -0.265 0.1346525478 2
0 0.055 -0.255 0.1318884553 2
0 0.055 -0.245 0.1288782301 2
0 0.055 -0.235 0.1256274897 2
0 0.055 -0.225 0.1221423009 2
0 0.055 -0.215 0.1184291677 2
0 0.055 -0.205 0.1144950197 2
0 0.055 -0.195 0.1103471989 2
0 0.055 -0.185 0.1059934459 2
0 0.055 -0.175 0.1014418859 2
0 0.055 -0.165 0.09670101307 2
0 0.055 -0.155 0.09177967491 2
0 0.055 -0.145 0.08668705572 2
0 0.055 -0.135 0.08143265946 2
0 0.055 -0.125 0.07602629196 2
0 0.055 -0.115 0.07047804272 2
0 0.055 -0.105 0.06479826597 2
0 0.055 -0.095 0.05899756143 2
0 0.055 -0.085 0.05308675448 2
0 0.055 -0.075 0.04707687599 2
0 0.055 -0.065 0.04097914172 2
0 0.055 -0.055 0.03480493137 2
0 0.055 -0.045 0.02856576737 2
0 0.055 -0.035 0.02227329338 2
0 0.055 -0.025 0.01593925254 2
0 0.055 -0.015 0.009575465544 2
0 0.055 -0.005 0.003193808631 2
0 0.055 0.005 -0.003193808631 2
0 0.055 0.015 -0.009575465544 2
0 0.055 0.025 -0.01593925254 2
0 0.055 0.035 -0.02227329338 2
0 0.055 0.045 -0.02856576737 2
0 0.055 0.055 -0.03480493137 2
0 0.055 0.065 -0.04097914172 2
0 0.055 0.075 -0.04707687599 2
0 0.055 0.085 -0.05308675448 2
0 0.055 0.095 -0.05899756143 2
0 0.055 0.105 -0.06479826597 2
0 0.055 0.115 -0.07047804272 2
0 0.055 0.125 -0.07602629196 2
0 0.055 0.135 -0.08143265946 2
0 0.055 0.145 -0.08668705572 2
0 0.055 0.155 -0.09177967491 2
0 0.055 0.165 -0.09670101307 1
0 0.055 0.175 -0.1014418859 1
0 0.055 0.185 -0.1059934459 1
0 0.055 0.195 -0.1103471989 1
0 0.055 0.205 -0.1144950197 1
0 0.055 0.215 -0.1184291677 1
0 0.055 0.225 -0.1221423009 1
0 0.055 0.235 -0.1256274897 1
0 0.055 0.245 -0.1288782301 1
0 0.055 0.255 -0.1318884553 2
0 0.055 0.265 -0.1346525478 2
0 0.055 0.275 -0.137165349 2
0 0.055 0.285 -0.1394221696 2
0 0.055 0.295 -0.1414187977 2
0 0.055 0.305 -0.1431515074 2
0 0.055 0.315 -0.1446170649 2
0 0.055 0.325 -0.1458127352 2
0 0.055 0.335 -0.1467362869 2
0 0.055 0.345 -0.1473859965 2
0 0.055 0.355 -0.1477606515 1
0 0.055 0.365 -0.1478595526 1
0 0.055 0.375 -0.1476825154 1
0 0.055 0.385 -0.1472298701 1
0 0.055 0.395 -0.1465024616 1
0 0.055 0.405 -0.1455016473 2
0 0.055 0.415 -0.144229295 2
0 0.055 0.425 -0.1426877792 2
0 0.055 0.435 -0.1408799766 2
0 0.055 0.445 -0.1388092611 2
0 0.055 0.455 -0.136479497 2
0 0.055 0.465 -0.1338950321 2
0 0.055 0.475 -0.1310606898 2
0 0.055 0.485 -0.1279817594 2
0 0.055 0.495 -0.124663987 2
0 0.055 0.505 0 2
0 0.055 0.515 0 2
0 0.055 0.525 0 2
0 0.055 0.535 0 2
0 0.055 0.545 0 2
0 0.055 0.555 0 2
0 0.055 0.565 0 2
0 0.065 -0.555 0 2
0 0.065 -0.545 0 2
0 0.065 -0.535 0 2
0 0.065 -0.525 0 2
0 0.065 -0.515 0 2
0 0.065 -0.505 0 2
0 0.065 -0.495 0.1471154078 2
0 0.065 -0.485 0.151030696 2
0 0.065 -0.475 0.1546641278 2
0 0.065 -0.465 0.1580089224 2
0 0.065 -0.455 0.1610588377 2
0 0.065 -0.445 0.1638081818 2
0 0.065 -0.435 0.1662518238 2
0 0.065 -0.425 0.1683852035 2
0 0.065 -0.415 0.1702043393 2
0 0.065 -0.405 0.1717058365 2
0 0.065 -0.395 0.172886893 1
0 0.065 -0.385 0.1737453045 1
0 0.065 -0.375 0.1742794691 1
0 0.065 -0.365 0.17448839 1
0 0.065 -0.355 0.1743716772 1
0 0.065 -0.345 0.1739295485 1
0 0.065 -0.335 0.1731628292 1
0 0.065 -0.325 0.17207295 1
0 0.065 -0.315 0.1706619448 2
0 0.065 -0.305 0.168932447 2
0 0.065 -0.295 0.1668876842 2
0 0.065 -0.285 0.1645314723 2
0 0.065 -0.275 0.1618682086 2
0 0.065 -0.265 0.1589028632 2
0 0.065 -0.255 0.1556409702 2
0 0.065 -0.245 0.152088617 2
0 0.065 -0.235 0.148252433 2
0 0.065 -0.225 0.1441395774 2
0 0.065 -0.215 0.1397577257 2
0 0.065 -0.205 0.1351150554 2
0 0.065 -0.195 0.1302202308 2
0 0.065 -0.185 0.1250823866 2
0 0.065 -0.175 0.1197111112 2
0 0.065 -0.165 0.1141164286 2
0 0.065 -0.155 0.1083087797 2
0 0.065 -0.145 0.1022990028 2
0 0.065 -0.135 0.09609831347 2
0 0.065 -0.125 0.08971828362 2
0 0.065 -0.115 0.08317081976 2
0 0.065 -0.105 0.07646814088 2
0 0.065 -0.095 0.06962275566 2
0 0.065 -0.085 0.06264743909 2
0 0.065 -0.075 0.05555520864 2
0 0.065 -0.065 0.04835929998 2
0 0.065 -0.055 0.04107314224 2
0 0.065 -0.045 0.033710333 2
0 0.065 -0.035 0.02628461288 2
0 0.065 -0.025 0.0188098399 2
0 0.065 -0.015 0.01129996362 2
0 0.065 -0.005 0.003768999134 2
0 0.065 0.005 -0.003768999134 2
0 0.065 0.015 -0.01129996362 2
0 0.065 0.025 -0.0188098399 2
0 0.065 0.035 -0.02628461288 2
0 0.065 0.045 -0.033710333 1
0 0.065 0.055 -0.04107314224 1
0 0.065 0.065 -0.04835929998 1
0 0.065 0.075 -0.05555520864 1
0 0.065 0.085 -0.06264743909 1
0 0.065 0.095 -0.06962275566 2
0 0.065 0.105 -0.07646814088 2
0 0.065 0.115 -0.08317081976 2
0 0.065 0.125 -0.08971828362 2
0 0.065 0.135 -0.09609831347 2
0 0.065 0.145 -0.1022990028 2
0 0.065 0.155 -0.1083087797 2
0 0.065 0.165 -0.1141164286 1
0 0.065 0.175 -0.1197111112 1
0 0.065 0.185 -0.1250823866 1
0 0.065 0.195 -0.1302202308 1
0 0.065 0.205 -0.1351150554 1
0 0.065 0.215 -0.1397577257 1
0 0.065 0.225 -0.1441395774 1
0 0.065 0.235 -0.148252433 1
0 0.065 0.245 -0.152088617 2
0 0.065 0.255 -0.1556409702 2
0 0.065 0.265 -0.1589028632 2
0 0.065 0.275 -0.1618682086 2
0 0.065 0.285 -0.1645314723 2
0 0.065 0.295 -0.1668876842 2
0 0.065 0.305 -0.168932447 2
0 0.065 0.315 -0.1706619448 2
0 0.065 0.325 -0.17207295 2
0 0.065 0.335 -0.1731628292 1
0 0.065 0.345 -0.1739295485 1
0 0.065 0.355 -0.1743716772 1
0 0.065 0.365 -0.17448839 1
0 0.065 0.375 -0.1742794691 1
0 0.065 0.385 -0.1737453045 1
0 0.065 0.395 -0.172886893 1
0 0.065 0.405 -0.1717058365 1
0 0.065 0.415 -0.1702043393 2
0 0.065 0.425 -0.1683852035 2
0 0.065 0.435 -0.1662518238 2
0 0.065 0.445 -0.1638081818 2
0 0.065 0.455 -0.1610588377 2
0 0.065 0.465 -0.1580089224 2
0 0.065 0.475 -0.1546641278 2
0 0.065 0.485 -0.151030696 2
0 0.065 0.495 -0.1471154078 2
0 0.065 0.505 0 2
0 0.065 0.515 0 2
0 0.065 0.525 0 2
0 0.065 0.535 0 2
0 0.065 0.545 0 2
0 0.065 0.555 0 2
0 0.065 0.565 0 2
0 0.075 -0.555 0 2
0 0.075 -0.545 0 2
0 0.075 -0.535 0 2
0 0.075 -0.525 0 2
0 0.075 -0.515 0 2
0 0.075 -0.505 0 2
0 0.075 -0.495 0.1694597229 2
0 0.075 -0.485 0.1739696765 2
0 0.075 -0.475 0.1781549645 2
0 0.075 -0.465 0.1820077762 2
0 0.075 -0.455 0.1855209215 2
0 0.075 -0.445 0.1886878439 2
0 0.075 -0.435 0.1915026334 2
0 0.075 -0.425 0.1939600369 2
0 0.075 -0.415 0.1960554685 2
0 0.075 -0.405 0.1977850174 2
0 0.075 -0.395 0.1991454561 1
0 0.075 -0.385 0.2001342457 1
0 0.075 -0.375 0.2007495407 1
0 0.075 -0.365 0.2009901931 1
0 0.075 -0.355 0.2008557536 1
0 0.075 -0.345 0.2003464732 1
0 0.075 -0.335 0.1994633023 1
0 0.075 -0.325 0.1982078891 1
0 0.075 -0.315 0.1965825764 2
0 0.075 -0.305 0.1945903975 2
0 0.075 -0.295 0.1922350701 2
0 0.075 -0.285 0.1895209899 2
0 0.075 -0.275 0.1864532219 2
0 0.075 -0.265 0.1830374913 2
0 0.075 -0.255 0.1792801725 2
0 0.075 -0.245 0.1751882776 2
0 0.075 -0.235 0.1707694428 2
0 0.075 -0.225 0.1660319148 2
0 0.075 -0.215 0.1609845348 2
0 0.075 -0.205 0.1556367222 2
0 0.075 -0.195 0.1499984574 2
0 0.075 -0.185 0.1440802625 2
0 0.075 -0.175 0.1378931822 2
0 0.075 -0.165 0.131448763 2
0 0.075 -0.155 0.1247590315 2
0 0.075 -0.145 0.1178364722 2
0 0.075 -0.135 0.1106940043 2
0 0.075 -0.125 0.103344957 2
0 0.075 -0.115 0.09580304528 2
0 0.075 -0.105 0.08808234408 2
0 0.075 -0.095 0.08019726189 2
0 0.075 -0.085 0.07216251399 2
0 0.075 -0.075 0.063993095 2
0 0.075 -0.065 0.05570425083 2
0 0.075 -0.055 0.04731145031 2
0 0.075 -0.045 0.03883035623 2
0 0.075 -0.035 0.03027679618 2
0 0.075 -0.025 0.02166673298 2
0 0.075 -0.015 0.0130162349 2
0 0.075 -0.005 0.004341445663 2
0 0.075 0.005 -0.004341445663 2
0 0.075 0.015 -0.0130162349 2
0 0.075 0.025 -0.02166673298 2
0 0.075 0.035 -0.03027679618 1
0 0.075 0.045 -0.03883035623 1
0 0.075 0.055 -0.04731145031 1
0 0.075 0.065 -0.05570425083 1
0 0.075 0.075 -0.063993095 1
0 0.075 0.085 -0.07216251399 1
0 0.075 0.095 -0.08019726189 1
0 0.075 0.105 -0.08808234408 1
0 0.075 0.115 -0.09580304528 2
0 0.075 0.125 -0.103344957 2
0 0.075 0.135 -0.1106940043 2
0 0.075 0.145 -0.1178364722 2
0 0.075 0.155 -0.1247590315 2
0 0.075 0.165 -0.131448763 2
0 0.075 0.175 -0.1378931822 1
0 0.075 0.185 -0.1440802625 1
0 0.075 0.195 -0.1499984574 1
0 0.075 0.205 -0.1556367222 1
0 0.075 0.215 -0.1609845348 1
0 0.075 0.225 -0.1660319148 2
0 0.075 0.235 -0.1707694428 2
0 0.075 0.245 -0.1751882776 2
0 0.075 0.255 -0.1792801725 2
0 0.075 0.265 -0.1830374913 2
0 0.075 0.275 -0.1864532219 2
0 0.075 0.285 -0.1895209899 2
0 0.075 0.295 -0.1922350701 2
0 0.075 0.305 -0.1945903975 2
0 0.075 0.315 -0.1965825764 2
0 0.075 0.325 -0.1982078891 1
0 0.075 0.335 -0.1994633023 1
0 0.075 0.345 -0.2003464732 1
0 0.075 0.355 -0.2008557536 1
0 0.075 0.365 -0.2009901931 1
0 0.075 0.375 -0.2007495407 1
0 0.075 0.385 -0.2001342457 1
0 0.075 0.395 -0.1991454561 1
0 0.075 0.405 -0.1977850174 1
0 0.075 0.415 -0.1960554685 2
0 0.075 0.425 -0.1939600369 2
0 0.075 0.435 -0.1915026334 2
0 0.075 0.445 -0.1886878439 2
0 0.075 0.455 -0.1855209215 2
0 0.075 0.465 -0.1820077762 2
0 0.075 0.475 -0.1781549645 2
0 0.075 0.485 -0.1739696765 2
0 0.075 0.495 -0.1694597229 2
0 0.075 0.505 0 2
0 0.075 0.515 0 2
0 0.075 0.525 0 2
0 0.075 0.535 0 2
0 0.075 0.545 0 2
0 0.075 0.555 0 2
0 0.075 0.565 0 2
0 0.085 -0.555 0 2
0 0.085 -0.545 0 2
0 0.085 -0.535 0 2
0 0.085 -0.525 0 2
0 0.085 -0.515 0 2
0 0.085 -0.505 0 2
0 0.085 -0.495 0.191680665 2
0 0.085 -0.485 0.1967820005 2
0 0.085 -0.475 0.2015160976 2
0 0.085 -0.465 0.2058741215 2
0 0.085 -0.455 0.209847939 2
0 0.085 -0.445 0.2134301341 2
0 0.085 -0.435 0.2166140218 2
0 0.085 -0.425 0.2193936602 2
0 0.085 -0.415 0.2217638618 2
0 0.085 -0.405 0.2237202033 2
0 0.085 -0.395 0.2252590338 1
0 0.085 -0.385 0.2263774815 1
0 0.085 -0.375 0.2270734591 1
0 0.085 -0.365 0.2273456678 1
0 0.085 -0.355 0.2271935995 1
0 0.085 -0.345 0.2266175381 1
0 0.085 -0.335 0.2256185586 1
0 0.085 -0.325 0.2241985253 1
0 0.085 -0.315 0.2223600884 1
0 0.085 -0.305 0.2201066787 2
0 0.085 -0.295 0.2174425016 2
0 0.085 -0.285 0.2143725291 2
0 0.085 -0.275 0.2109024903 2
0 0.085 -0.265 0.2070388612 2
0 0.085 -0.255 0.2027888521 2
0 0.085 -0.245 0.1981603945 2
0 0.085 -0.235 0.1931621261 2
0 0.085 -0.225 0.1878033747 2
0 0.085 -0.215 0.182094141 2
0 0.085 -0.205 0.1760450796 2
0 0.085 -0.195 0.1696674795 2
0 0.085 -0.185 0.1629732426 2
0 0.085 -0.175 0.1559748618 2
0 0.085 -0.165 0.1486853977 2
0 0.085 -0.155 0.141118454 2
0 0.085 -0.145 0.1332881523 2
0 0.085 -0.135 0.1252091056 2
0 0.085 -0.125 0.1168963913 2
0 0.085 -0.115 0.1083655226 2
0 0.085 -0.105 0.09963242 2
0 0.085 -0.095 0.09071338146 2
0 0.085 -0.085 0.08162505184 2
0 0.085 -0.075 0.07238439194 2
0 0.085 -0.065 0.06300864688 2
0 0.085 -0.055 0.05351531385 2
0 0.085 -0.045 0.04392210949 2
0 0.085 -0.035 0.03424693682 2
0 0.085 -0.025 0.02450785186 2
0 0.085 -0.015 0.01472302986 2
0 0.085 -0.005 0.004910731454 2
0 0.085 0.005 -0.004910731454 2
0 0.085 0.015 -0.01472302986 2
0 0.085 0.025 -0.02450785186 2
0 0.085 0.035 -0.03424693682 1
0 0.085 0.045 -0.04392210949 1
0 0.085 0.055 -0.05351531385 1
0 0.085 0.065 -0.06300864688 1
0 0.085 0.075 -0.07238439194 1
0 0.085 0.085 -0.08162505184 1
0 0.085 0.095 -0.09071338146 1
0 0.085 0.105 -0.09963242 1
0 0.085 0.115 -0.1083655226 1
0 0.085 0.125 -0.1168963913 2
0 0.085 0.135 -0.1252091056 2
0 0.085 0.145 -0.1332881523 2
0 0.085 0.155 -0.141118454 2
0 0.085 0.165 -0.1486853977 2
0 0.085 0.175 -0.1559748618 2
0 0.085 0.185 -0.1629732426 2
0 0.085 0.195 -0.1696674795 2
0 0.085 0.205 -0.1760450796 2
0 0.085 0.215 -0.182094141 2
0 0.085 0.225 -0.1878033747 2
0 0.085 0.235 -0.1931621261 2
0 0.085 0.245 -0.1981603945 2
0 0.085 0.255 -0.2027888521 2
0 0.085 0.265 -0.2070388612 2
0 0.085 0.275 -0.2109024903 2
0 0.085 0.285 -0.2143725291 2
0 0.085 0.295 -0.2174425016 2
0 0.085 0.305 -0.2201066787 2
0 0.085 0.315 -0.2223600884 1
0 0.085 0.325 -0.2241985253 1
0 0.085 0.335 -0.2256185586 1
0 0.085 0.345 -0.2266175381 1
0 0.085 0.355 -0.2271935995 1
0 0.085 0.365 -0.2273456678 1
0 0.085 0.375 -0.2270734591 1
0 0.085 0.385 -0.2263774815 1
0 0.085 0.395 -0.2252590338 1
0 0.085 0.405 -0.2237202033 1
0 0.085 0.415 -0.2217638618 2
0 0.085 0.425 -0.2193936602 2
0 0.085 0.435 -0.2166140218 2
0 0.085 0.445 -0.2134301341 2
0 0.085 0.455 -0.209847939 2
0 0.085 0.465 -0.2058741215 2
0 0.085 0.475 -0.2015160976 2
0 0.085 0.485 -0.1967820005 2
0 0.085 0.495 -0.191680665 2
0 0.085 0.505 0 2
0 0.085 0.515 0 2
0 0.085 0.525 0 2
0 0.085 0.535 0 2
0 0.085 0.545 0 2
0 0.085 0.555 0 2
0 0.085 0.565 0 2
0 0.095 -0.555 0 2
0 0.095 -0.545 0 2
0 0.095 -0.535 0 2
0 0.095 -0.525 0 2
0 0.095 -0.515 0 2
0 0.095 -0.505 0 2
0 0.095 -0.495 0.2137620563 2
0 0.095 -0.485 0.2194510598 2
0 0.095 -0.475 0.2247305194 2
0 0.095 -0.465 0.2295905825 2
0 0.095 -0.455 0.2340221792 2
0 0.095 -0.445 0.2380170391 2
0 0.095 -0.435 0.241567707 2
0 0.095 -0.425 0.2446675565 2
0 0.095 -0.415 0.2473108025 2
0 0.095 -0.405 0.2494925124 2
0 0.095 -0.395 0.2512086144 2
0 0.095 -0.385 0.252455906 1
0 0.095 -0.375 0.2532320594 1
0 0.095 -0.365 0.2535356262 1
0 0.095 -0.355 0.2533660398 1
0 0.095 -0.345 0.2527236168 1
0 0.095 -0.335 0.251609556 1
0 0.095 -0.325 0.2500259366 1
0 0.095 -0.315 0.2479757138 1
0 0.095 -0.305 0.2454627139 2
0 0.095 -0.295 0.2424916267 2
0 0.095 -0.285 0.2390679969 2
0 0.095 -0.275 0.2351982136 2
0 0.095 -0.265 0.2308894989 2
0 0.095 -0.255 0.2261498937 2
0 0.095 -0.245 0.2209882431 2
0 0.095 -0.235 0.2154141799 2
0 0.095 -0.225 0.2094381066 2
0 0.095 -0.215 0.2030711757 2
0 0.095 -0.205 0.1963252695 2
0 0.095 -0.195 0.1892129772 2
0 0.095 -0.185 0.1817475719 2
0 0.095 -0.175 0.1739429858 2
0 0.095 -0.165 0.1658137839 2
0 0.095 -0.155 0.157375137 2
0 0.095 -0.145 0.1486427935 2
0 0.095 -0.135 0.13963305 2
0 0.095 -0.125 0.1303627205 2
0 0.095 -0.115 0.1208491056 2
0 0.095 -0.105 0.1111099597 2
0 0.095 -0.095 0.1011634583 2
0 0.095 -0.085 0.09102816355 2
0 0.095 -0.075 0.08072299031 2
0 0.095 -0.065 0.07026717024 2
0 0.095 -0.055 0.0596802162 2
0 0.095 -0.045 0.04898188578 2
0 0.095 -0.035 0.0381921444 2
0 0.095 -0.025 0.02733112809 2
0 0.095 -0.015 0.0164191059 2
0 0.095 -0.005 0.005476442047 2
0 0.095 0.005 -0.005476442047 2
0 0.095 0.015 -0.0164191059 2
0 0.095 0.025 -0.02733112809 2
0 0.095 0.035 -0.0381921444 1
0 0.095 0.045 -0.04898188578 1
0 0.095 0.055 -0.0596802162 1
0 0.095 0.065 -0.07026717024 1
0 0.095 0.075 -0.08072299031 1
0 0.095 0.085 -0.09102816355 1
0 0.095 0.095 -0.1011634583 1
0 0.095 0.105 -0.1111099597 1
0 0.095 0.115 -0.1208491056 1
0 0.095 0.125 -0.1303627205 1
0 0.095 0.135 -0.13963305 2
0 0.095 0.145 -0.1486427935 2
0 0.095 0.155 -0.157375137 2
0 0.095 0.165 -0.1658137839 2
0 0.095 0.175 -0.1739429858 2
0 0.095 0.185 -0.1817475719 2
0 0.095 0.195 -0.1892129772 2
0 0.095 0.205 -0.1963252695 2
0 0.095 0.215 -0.2030711757 2
0 0.095 0.225 -0.2094381066 2
0 0.095 0.235 -0.2154141799 2
0 0.095 0.245 -0.2209882431 2
0 0.095 0.255 -0.2261498937 2
0 0.095 0.265 -0.2308894989 2
0 0.095 0.275 -0.2351982136 2
0 0.095 0.285 -0.2390679969 2
0 0.095 0.295 -0.2424916267 2
0 0.095 0.305 -0.2454627139 1
0 0.095 0.315 -0.2479757138 1
0 0.095 0.325 -0.2500259366 1
0 0.095 0.335 -0.251609556 1
0 0.095 0.345 -0.2527236168 1
0 0.095 0.355 -0.2533660398 1
0 0.095 0.365 -0.2535356262 1
0 0.095 0.375 -0.2532320594 1
0 0.095 0.385 -0.252455906 1
0 0.095 0.395 -0.2512086144 1
0 0.095 0.405 -0.2494925124 1
0 0.095 0.415 -0.2473108025 2
0 0.095 0.425 -0.2446675565 2
0 0.095 0.435 -0.241567707 2
0 0.095 0.445 -0.2380170391 2
0 0.095 0.455 -0.2340221792 2
0 0.095 0.465 -0.2295905825 2
0 0.095 0.475 -0.2247305194 2
0 0.095 0.485 -0.2194510598 2
0 0.095 0.495 -0.2137620563 2
0 0.095 0.505 0 2
0 0.095 0.515 0 2
0 0.095 0.525 0 2
0 0.095 0.535 0 2
0 0.095 0.545 0 2
0 0.095 0.555 0 2
0 0.095 0.565 0 2
0 0.105 -0.555 0 1
0 0.105 -0.545 0 1
0 0.105 -0.535 0 1
0 0.105 -0.525 0 2
0 0.105 -0.515 0 2
0 0.105 -0.505 0 2
0 0.105 -0.495 0.2356878206 2
0 0.105 -0.485 0.2419603503 2
0 0.105 -0.475 0.2477813288 2
0 0.105 -0.465 0.2531398929 2
0 0.105 -0.455 0.2580260424 2
0 0.105 -0.445 0.2624306587 2
0 0.105 -0.435 0.2663455217 2
0 0.105 -0.425 0.2697633255 2
0 0.105 -0.415 0.2726776917 2
0 0.105 -0.405 0.2750831814 2
0 0.105 -0.395 0.2769753056 2
0 0.105 -0.385 0.2783505329 1
0 0.105 -0.375 0.2792062971 1
0 0.105 -0.365 0.279541001 1
0 0.105 -0.355 0.27935402 1
0 0.105 -0.345 0.2786457031 1
0 0.105 -0.335 0.2774173721 1
0 0.105 -0.325 0.2756713194 1
0 0.105 -0.315 0.2734108035 1
0 0.105 -0.305 0.270640043 2
0 0.105 -0.295 0.2673642087 2
0 0.105 -0.285 0.2635894141 2
0 0.105 -0.275 0.2593227038 2
0 0.105 -0.265 0.2545720403 2
0 0.105 -0.255 0.2493462896 2
0 0.105 -0.245 0.2436552039 2
0 0.105 -0.235 0.2375094041 2
0 0.105 -0.225 0.2309203596 2
0 0.105 -0.215 0.223900367 2
0 0.105 -0.205 0.2164625271 2
0 0.105 -0.195 0.2086207207 2
0 0.105 -0.185 0.2003895822 2
0 0.105 -0.175 0.1917844727 2
0 0.105 -0.165 0.1828214513 2
0 0.105 -0.155 0.1735172449 2
0 0.105 -0.145 0.1638892172 2
0 0.105 -0.135 0.1539553362 2
0 0.105 -0.125 0.1437341408 2
0 0.105 -0.115 0.1332447059 2
0 0.105 -0.105 0.1225066072 2
0 0.105 -0.095 0.1115398842 2
0 0.105 -0.085 0.1003650033 2
0 0.105 -0.075 0.08900281927 2
0 0.105 -0.065 0.07747453644 2
0 0.105 -0.055 0.0658016691 2
0 0.105 -0.045 0.0540060014 2
0 0.105 -0.035 0.04210954664 2
0 0.105 -0.025 0.03013450623 2
0 0.105 -0.015 0.0181032282 2
0 0.105 -0.005 0.006038165582 2
0 0.105 0.005 -0.006038165582 2
0 0.105 0.015 -0.0181032282 2
0 0.105 0.025 -0.03013450623 2
0 0.105 0.035 -0.04210954664 2
0 0.105 0.045 -0.0540060014 1
0 0.105 0.055 -0.0658016691 1
0 0.105 0.065 -0.07747453644 1
0 0.105 0.075 -0.08900281927 1
0 0.105 0.085 -0.1003650033 1
0 0.105 0.095 -0.1115398842 1
0 0.105 0.105 -0.1225066072 1
0 0.105 0.115 -0.1332447059 1
0 0.105 0.125 -0.1437341408 1
0 0.105 0.135 -0.1539553362 2
0 0.105 0.145 -0.1638892172 1
0 0.105 0.155 -0.1735172449 1
0 0.105 0.165 -0.1828214513 1
0 0.105 0.175 -0.1917844727 2
0 0.105 0.185 -0.2003895822 2
0 0.105 0.195 -0.2086207207 2
0 0.105 0.205 -0.2164625271 2
0 0.105 0.215 -0.223900367 2
0 0.105 0.225 -0.2309203596 2
0 0.105 0.235 -0.2375094041 2
0 0.105 0.245 -0.2436552039 2
0 0.105 0.255 -0.2493462896 2
0 0.105 0.265 -0.2545720403 2
0 0.105 0.275 -0.2593227038 2
0 0.105 0.285 -0.2635894141 2
0 0.105 0.295 -0.2673642087 2
0 0.105 0.305 -0.270640043 1
0 0.105 0.315 -0.2734108035 1
0 0.105 0.325 -0.2756713194 1
0 0.105 0.335 -0.2774173721 1
0 0.105 0.345 -0.2786457031 1
0 0.105 0.355 -0.27935402 1
0 0.105 0.365 -0.279541001 1
0 0.105 0.375 -0.2792062971 1
0 0.105 0.385 -0.2783505329 1
0 0.105 0.395 -0.2769753056 1
0 0.105 0.405 -0.2750831814 2
0 0.105 0.415 -0.2726776917 2
0 0.105 0.425 -0.2697633255 2
0 0.105 0.435 -0.2663455217 2
0 0.105 0.445 -0.2624306587 2
0 0.105 0.455 -0.2580260424 2
0 0.105 0.465 -0.2531398929 2
0 0.105 0.475 -0.2477813288 2
0 0.105 0.485 -0.2419603503 2
0 0.105 0.495 -0.2356878206 2
0 0.105 0.505 0 2
0 0.105 0.515 0 2
0 0.105 0.525 0 2
0 0.105 0.535 0 2
0 0.105 0.545 0 2
0 0.105 0.555 0 2
0 0.105 0.565 0 2
0 0.115 -0.555 0 1
0 0.115 -0.545 0 1
0 0.115 -0.535 0 1
0 0.115 -0.525 0 1
0 0.115 -0.515 0 1
0 0.115 -0.505 0 2
0 0.115 -0.495 0.2574419953 2
0 0.115 -0.485 0.2642934845 2
0 0.115 -0.475 0.270651744 2
0 0.115 -0.465 0.2765049079 2
0 0.115 -0.455 0.2818420529 1
0 0.115 -0.445 0.2866532188 1
0 0.115 -0.435 0.2909294268 1
0 0.115 -0.425 0.2946626966 1
0 0.115 -0.415 0.2978460611 1
0 0.115 -0.405 0.3004735795 1
0 0.115 -0.395 0.3025403482 1
0 0.115 -0.385 0.3040425102 2
0 0.115 -0.375 0.3049772621 1
0 0.115 -0.365 0.3053428594 1
0 0.115 -0.355 0.3051386199 1
0 0.115 -0.345 0.3043649248 1
0 0.115 -0.335 0.3030232179 1
0 0.115 -0.325 0.3011160031 1
0 0.115 -0.315 0.2986468397 1
0 0.115 -0.305 0.2956203358 2
0 0.115 -0.295 0.2920421394 2
0 0.115 -0.285 0.2879189282 2
0 0.115 -0.275 0.2832583971 2
0 0.115 -0.265 0.2780692436 2
0 0.115 -0.255 0.2723611519 2
0 0.115 -0.245 0.2661447744 2
0 0.115 -0.235 0.2594317124 2
0 0.115 -0.225 0.2522344938 2
0 0.115 -0.215 0.2445665503 2
0 0.115 -0.205 0.2364421918 2
0 0.115 -0.195 0.2278765804 2
0 0.115 -0.185 0.2188857012 2
0 0.115 -0.175 0.2094863332 2
0 0.115 -0.165 0.1996960177 2
0 0.115 -0.155 0.1895330256 2
0 0.115 -0.145 0.1790163232 2
0 0.115 -0.135 0.1681655371 2
0 0.115 -0.125 0.1570009172 2
0 0.115 -0.115 0.1455432991 2
0 0.115 -0.105 0.1338140652 2
0 0.115 -0.095 0.1218351049 2
0 0.115 -0.085 0.1096287735 2
0 0.115 -0.075 0.09721785081 2
0 0.115 -0.065 0.08462549823 2
0 0.115 -0.055 0.07187521588 2
0 0.115 -0.045 0.0589907986 2
0 0.115 -0.035 0.04599629154 2
0 0.115 -0.025 0.0329159453 2
0 0.115 -0.015 0.01977417067 2
0 0.115 -0.005 0.006595493104 2
0 0.115 0.005 -0.006595493104 2
0 0.115 0.015 -0.01977417067 2
0 0.115 0.025 -0.0329159453 2
0 0.115 0.035 -0.04599629154 2
0 0.115 0.045 -0.0589907986 1
0 0.115 0.055 -0.07187521588 1
0 0.115 0.065 -0.08462549823 1
0 0.115 0.075 -0.09721785081 1
0 0.115 0.085 -0.1096287735 1
0 0.115 0.095 -0.1218351049 1
0 0.115 0.105 -0.1338140652 1
0 0.115 0.115 -0.1455432991 1
0 0.115 0.125 -0.1570009172 1
0 0.115 0.135 -0.1681655371 1
0 0.115 0.145 -0.1790163232 1
0 0.115 0.155 -0.1895330256 1
0 0.115 0.165 -0.1996960177 1
0 0.115 0.175 -0.2094863332 1
0 0.115 0.185 -0.2188857012 1
0 0.115 0.195 -0.2278765804 1
0 0.115 0.205 -0.2364421918 2
0 0.115 0.215 -0.2445665503 2
0 0.115 0.225 -0.2522344938 2
0 0.115 0.235 -0.2594317124 2
0 0.115 0.245 -0.2661447744 2
0 0.115 0.255 -0.2723611519 2
0 0.115 0.265 -0.2780692436 2
0 0.115 0.275 -0.2832583971 2
0 0.115 0.285 -0.2879189282 2
0 0.115 0.295 -0.2920421394 2
0 0.115 0.305 -0.2956203358 1
0 0.115 0.315 -0.2986468397 1
0 0.115 0.325 -0.3011160031 1
0 0.115 0.335 -0.3030232179 1
0 0.115 0.345 -0.3043649248 1
0 0.115 0.355 -0.3051386199 1
0 0.115 0.365 -0.3053428594 1
0 0.115 0.375 -0.3049772621 1
0 0.115 0.385 -0.3040425102 1
0 0.115 0.395 -0.3025403482 2
0 0.115 0.405 -0.3004735795 2
0 0.115 0.415 -0.2978460611 2
0 0.115 0.425 -0.2946626966 2
0 0.115 0.435 -0.2909294268 2
0 0.115 0.445 -0.2866532188 2
0 0.115 0.455 -0.2818420529 2
0 0.115 0.465 -0.2765049079 2
0 0.115 0.475 -0.270651744 2
0 0.115 0.485 -0.2642934845 2
0 0.115 0.495 -0.2574419953 2
0 0.115 0.505 0 2
0 0.115 0.515 0 2
0 0.115 0.525 0 2
0 0.115 0.535 0 2
0 0.115 0.545 0 2
0 0.115 0.555 0 2
0 0.115 0.565 0 2
0 0.125 -0.555 0 1
0 0.125 -0.545 0 1
0 0.125 -0.535 0 1
0 0.125 -0.525 0 1
0 0.125 -0.515 0 1
0 0.125 -0.505 0 1
0 0.125 -0.495 0.2790087425 2
0 0.125 -0.485 0.286434203 2
0 0.125 -0.475 0.2933251144 2
0 0.125 -0.465 0.2996686168 1
0 0.125 -0.455 0.3054528716 1
0 0.125 -0.445 0.3106670844 1
0 0.125 -0.435 0.3153015242 1
0 0.125 -0.425 0.3193475421 1
0 0.125 -0.415 0.3227975873 1
0 0.125 -0.405 0.3256452214 1
0 0.125 -0.395 0.32788513 1
0 0.125 -0.385 0.3295131329 1
0 0.125 -0.375 0.330526192 1
0 0.125 -0.365 0.3309224166 1
0 0.125 -0.355 0.3307010673 1
0 0.125 -0.345 0.3298625573 1
0 0.125 -0.335 0.3284084512 1
0 0.125 -0.325 0.3263414629 1
0 0.125 -0.315 0.3236654497 1
0 0.125 -0.305 0.3203854058 2
0 0.125 -0.295 0.3165074523 2
0 0.125 -0.285 0.3120388264 2
0 0.125 -0.275 0.3069878676 2
0 0.125 -0.265 0.301364002 2
0 0.125 -0.255 0.295177725 2
0 0.125 -0.245 0.2884405815 2
0 0.125 -0.235 0.2811651446 2
0 0.125 -0.225 0.2733649917 2
0 0.125 -0.215 0.2650546798 2
0 0.125 -0.205 0.2562497177 2
0 0.125 -0.195 0.2469665373 2
0 0.125 -0.185 0.2372224631 2
0 0.125 -0.175 0.2270356797 2
0 0.125 -0.165 0.2164251979 2
0 0.125 -0.155 0.2054108191 2
0 0.125 -0.145 0.1940130986 2
0 0.125 -0.135 0.1822533071 2
0 0.125 -0.125 0.1701533909 2
0 0.125 -0.115 0.1577359312 2
0 0.125 -0.105 0.1450241015 2
0 0.125 -0.095 0.132041625 2
0 0.125 -0.085 0.1188127299 2
0 0.125 -0.075 0.1053621041 2
0 0.125 -0.065 0.09171484945 2
0 0.125 -0.055 0.07789643478 2
0 0.125 -0.045 0.06393264827 2
0 0.125 -0.035 0.04984954939 2
0 0.125 -0.025 0.03567342031 2
0 0.125 -0.015 0.0214307168 2
0 0.125 -0.005 0.007148018856 2
0 0.125 0.005 -0.007148018856 2
0 0.125 0.015 -0.0214307168 2
0 0.125 0.025 -0.03567342031 2
0 0.125 0.035 -0.04984954939 2
0 0.125 0.045 -0.06393264827 2
0 0.125 0.055 -0.07789643478 1
0 0.125 0.065 -0.09171484945 1
0 0.125 0.075 -0.1053621041 1
0 0.125 0.085 -0.1188127299 1
0 0.125 0.095 -0.132041625 1
0 0.125 0.105 -0.1450241015 1
0 0.125 0.115 -0.1577359312 1
0 0.125 0.125 -0.1701533909 1
0 0.125 0.135 -0.1822533071 1
0 0.125 0.145 -0.1940130986 1
0 0.125 0.155 -0.2054108191 1
0 0.125 0.165 -0.2164251979 1
0 0.125 0.175 -0.2270356797 1
0 0.125 0.185 -0.2372224631 1
0 0.125 0.195 -0.2469665373 1
0 0.125 0.205 -0.2562497177 1
0 0.125 0.215 -0.2650546798 2
0 0.125 0.225 -0.2733649917 2
0 0.125 0.235 -0.2811651446 2
0 0.125 0.245 -0.2884405815 2
0 0.125 0.255 -0.295177725 2
0 0.125 0.265 -0.301364002 2
0 0.125 0.275 -0.3069878676 2
0 0.125 0.285 -0.3120388264 2
0 0.125 0.295 -0.3165074523 2
0 0.125 0.305 -0.3203854058 1
0 0.125 0.315 -0.3236654497 1
0 0.125 0.325 -0.3263414629 1
0 0.125 0.335 -0.3284084512 1
0 0.125 0.345 -0.3298625573 1
0 0.125 0.355 -0.3307010673 1
0 0.125 0.365 -0.3309224166 1
0 0.125 0.375 -0.330526192 1
0 0.125 0.385 -0.3295131329 1
0 0.125 0.395 -0.32788513 2
0 0.125 0.405 -0.3256452214 2
0 0.125 0.415 -0.3227975873 2
0 0.125 0.425 -0.3193475421 2
0 0.125 0.435 -0.3153015242 2
0 0.125 0.445 -0.3106670844 2
0 0.125 0.455 -0.3054528716 2
0 0.125 0.465 -0.2996686168 2
0 0.125 0.475 -0.2933251144 2
0 0.125 0.485 -0.286434203 2
0 0.125 0.495 -0.2790087425 2
0 0.125 0.505 0 2
0 0.125 0.515 0 2
0 0.125 0.525 0 2
0 0.125 0.535 0 2
0 0.125 0.545 0 2
0 0.125 0.555 0 2
0 0.125 0.565 0 2
0 0.135 -0.555 0 1
0 0.135 -0.545 0 1
0 0.135 -0.535 0 1
0 0.135 -0.525 0 1
0 0.135 -0.515 0 1
0 0.135 -0.505 0 1
0 0.135 -0.495 0.3003723607 1
0 0.135 -0.485 0.3083663866 2
0 0.135 -0.475 0.3157849331 2
0 0.135 -0.465 0.3226141555 1
0 0.135 -0.455 0.3288413091 1
0 0.135 -0.445 0.3344547726 1
0 0.135 -0.435 0.3394440701 1
0 0.135 -0.425 0.3437998904 1
0 0.135 -0.415 0.3475141046 1
0 0.135 -0.405 0.3505797812 1
0 0.135 -0.395 0.3529911989 1
0 0.135 -0.385 0.3547438576 1
0 0.135 -0.375 0.3558344863 1
0 0.135 -0.365 0.3562610497 1
0 0.135 -0.355 0.3560227518 2
0 0.135 -0.345 0.3551200373 1
0 0.135 -0.335 0.3535545907 1
0 0.135 -0.325 0.3513293337 1
0 0.135 -0.315 0.348448419 2
0 0.135 -0.305 0.3449172231 2
0 0.135 -0.295 0.3407423358 2
0 0.135 -0.285 0.3359315486 2
0 0.135 -0.275 0.3304938393 2
0 0.135 -0.265 0.3244393559 2
0 0.135 -0.255 0.3177793975 2
0 0.135 -0.245 0.3105263929 2
0 0.135 -0.235 0.3026938779 2
0 0.135 -0.225 0.2942964696 2
0 0.135 -0.215 0.2853498395 2
0 0.135 -0.205 0.275870684 2
0 0.135 -0.195 0.2658766931 2
0 0.135 -0.185 0.255386518 2
0 0.135 -0.175 0.2444197356 2
0 0.135 -0.165 0.2329968123 2
0 0.135 -0.155 0.2211390657 2
0 0.135 -0.145 0.2088686251 2
0 0.135 -0.135 0.1962083898 2
0 0.135 -0.125 0.1831819866 2
0 0.135 -0.115 0.1698137255 2
0 0.135 -0.105 0.1561285547 2
0 0.135 -0.095 0.1421520138 2
0 0.135 -0.085 0.127910186 2
0 0.135 -0.075 0.1134296497 2
0 0.135 -0.065 0.09873742877 2
0 0.135 -0.055 0.08386094212 2
0 0.135 -0.045 0.06882795254 2
0 0.135 -0.035 0.05366651488 2
0 0.135 -0.025 0.03840492372 2
0 0.135 -0.015 0.02307166054 2
0 0.135 -0.005 0.007695340579 2
0 0.135 0.005 -0.007695340579 2
0 0.135 0.015 -0.02307166054 2
0 0.135 0.025 -0.03840492372 2
0 0.135 0.035 -0.05366651488 2
0 0.135 0.045 -0.06882795254 2
0 0.135 0.055 -0.08386094212 2
0 0.135 0.065 -0.09873742877 1
0 0.135 0.075 -0.1134296497 1
0 0.135 0.085 -0.127910186 1
0 0.135 0.095 -0.1421520138 1
0 0.135 0.105 -0.1561285547 1
0 0.135 0.115 -0.1698137255 1
0 0.135 0.125 -0.1831819866 1
0 0.135 0.135 -0.1962083898 1
0 0.135 0.145 -0.2088686251 1
0 0.135 0.155 -0.2211390657 1
0 0.135 0.165 -0.2329968123 1
0 0.135 0.175 -0.2444197356 1
0 0.135 0.185 -0.255386518 1
0 0.135 0.195 -0.2658766931 1
0 0.135 0.205 -0.275870684 1
0 0.135 0.215 -0.2853498395 1
0 0.135 0.225 -0.2942964696 2
0 0.135 0.235 -0.3026938779 2
0 0.135 0.245 -0.3105263929 2
0 0.135 0.255 -0.3177793975 2
0 0.135 0.265 -0.3244393559 2
0 0.135 0.275 -0.3304938393 2
0 0.135 0.285 -0.3359315486 2
0 0.135 0.295 -0.3407423358 2
0 0.135 0.305 -0.3449172231 2
0 0.135 0.315 -0.348448419 1
0 0.135 0.325 -0.3513293337 1
0 0.135 0.335 -0.3535545907 1
0 0.135 0.345 -0.3551200373 1
0 0.135 0.355 -0.3560227518 1
0 0.135 0.365 -0.3562610497 1
0 0.135 0.375 -0.3558344863 1
0 0.135 0.385 -0.3547438576 1
0 0.135 0.395 -0.3529911989 2
0 0.135 0.405 -0.3505797812 2
0 0.135 0.415 -0.3475141046 2
0 0.135 0.425 -0.3437998904 2
0 0.135 0.435 -0.3394440701 2
0 0.135 0.445 -0.3344547726 2
0 0.135 0.455 -0.3288413091 2
0 0.135 0.465 -0.3226141555 2
0 0.135 0.475 -0.3157849331 2
0 0.135 0.485 -0.3083663866 2
0 0.135 0.495 -0.3003723607 2
0 0.135 0.505 0 2
0 0.135 0.515 0 2
0 0.135 0.525 0 2
0 0.135 0.535 0 2
0 0.135 0.545 0 1
0 0.135 0.555 0 1
0 0.135 0.565 0 1
0 0.145 -0.555 0 1
0 0.145 -0.545 0 1
0 0.145 -0.535 0 1
0 0.145 -0.525 0 1
0 0.145 -0.515 0 1
0 0.145 -0.505 0 1
0 0.145 -0.495 0.3215172964 1
0 0.145 -0.485 0.3300740677 1
0 0.145 -0.475 0.3380148483 2
0 0.145 -0.465 0.3453248189 1
0 0.145 -0.455 0.3519903377 1
0 0.145 -0.445 0.3579989651 1
0 0.145 -0.435 0.3633394879 1
0 0.145 -0.425 0.3680019394 1
0 0.145 -0.415 0.3719776185 1
0 0.145 -0.405 0.3752591056 1
0 0.145 -0.395 0.3778402769 1
0 0.145 -0.385 0.3797163153 1
0 0.145 -0.375 0.3808837196 1
0 0.145 -0.365 0.3813403113 1
0 0.145 -0.355 0.3810852382 2
0 0.145 -0.345 0.3801189764 2
0 0.145 -0.335 0.3784433291 2
0 0.145 -0.325 0.3760614235 2
0 0.145 -0.315 0.3729777046 2
0 0.145 -0.305 0.3691979275 2
0 0.145 -0.295 0.364729146 2
0 0.145 -0.285 0.3595796998 2
0 0.145 -0.275 0.3537591989 2
0 0.145 -0.265 0.3472785057 2
0 0.145 -0.255 0.3401497145 2
0 0.145 -0.245 0.3323861292 2
0 0.145 -0.235 0.3240022385 2
0 0.145 -0.225 0.3150136885 2
0 0.145 -0.215 0.3054372537 2
0 0.145 -0.205 0.2952908059 2
0 0.145 -0.195 0.2845932807 2
0 0.145 -0.185 0.2733646419 2
0 0.145 -0.175 0.2616258447 2
0 0.145 -0.165 0.2493987962 2
0 0.145 -0.155 0.2367063147 2
0 0.145 -0.145 0.2235720873 2
0 0.145 -0.135 0.2100206253 2
0 0.145 -0.125 0.1960772187 2
0 0.145 -0.115 0.181767889 2
0 0.145 -0.105 0.1671193405 2
0 0.145 -0.095 0.1521589105 2
0 0.145 -0.085 0.1369145187 2
0 0.145 -0.075 0.1214146143 2
0 0.145 -0.065 0.1056881235 2
0 0.145 -0.055 0.08976439551 2
0 0.145 -0.045 0.07367314745 2
0 0.145 -0.035 0.05744440911 2
0 0.145 -0.025 0.04110846689 2
0 0.145 -0.015 0.02469580725 2
0 0.145 -0.005 0.008237059803 2
0 0.145 0.005 -0.008237059803 2
0 0.145 0.015 -0.02469580725 2
0 0.145 0.025 -0.04110846689 2
0 0.145 0.035 -0.05744440911 2
0 0.145 0.045 -0.07367314745 2
0 0.145 0.055 -0.08976439551 2
0 0.145 0.065 -0.1056881235 2
0 0.145 0.075 -0.1214146143 2
0 0.145 0.085 -0.1369145187 1
0 0.145 0.095 -0.1521589105 1
0 0.145 0.105 -0.1671193405 1
0 0.145 0.115 -0.181767889 1
0 0.145 0.125 -0.1960772187 1
0 0.145 0.135 -0.2100206253 1
0 0.145 0.145 -0.2235720873 1
0 0.145 0.155 -0.2367063147 1
0 0.145 0.165 -0.2493987962 1
0 0.145 0.175 -0.2616258447 1
0 0.145 0.185 -0.2733646419 1
0 0.145 0.195 -0.2845932807 1
0 0.145 0.205 -0.2952908059 1
0 0.145 0.215 -0.3054372537 1
0 0.145 0.225 -0.3150136885 1
0 0.145 0.235 -0.3240022385 2
0 0.145 0.245 -0.3323861292 2
0 0.145 0.255 -0.3401497145 2
0 0.145 0.265 -0.3472785057 2
0 0.145 0.275 -0.3537591989 2
0 0.145 0.285 -0.3595796998 2
0 0.145 0.295 -0.364729146 2
0 0.145 0.305 -0.3691979275 2
0 0.145 0.315 -0.3729777046 2
0 0.145 0.325 -0.3760614235 1
0 0.145 0.335 -0.3784433291 1
0 0.145 0.345 -0.3801189764 1
0 0.145 0.355 -0.3810852382 1
0 0.145 0.365 -0.3813403113 1
0 0.145 0.375 -0.3808837196 1
0 0.145 0.385 -0.3797163153 2
0 0.145 0.395 -0.3778402769 2
0 0.145 0.405 -0.3752591056 2
0 0.145 0.415 -0.3719776185 2
0 0.145 0.425 -0.3680019394 2
0 0.145 0.435 -0.3633394879 2
0 0.145 0.445 -0.3579989651 2
0 0.145 0.455 -0.3519903377 2
0 0.145 0.465 -0.3453248189 2
0 0.145 0.475 -0.3380148483 2
0 0.145 0.485 -0.3300740677 2
0 0.145 0.495 -0.3215172964 2
0 0.145 0.505 0 2
0 0.145 0.515 0 2
0 0.145 0.525 0 2
0 0.145 0.535 0 1
0 0.145 0.545 0 1
0 0.145 0.555 0 1
0 0.145 0.565 0 1
0 0.155 -0.555 0 1
0 0.155 -0.545 0 1
0 0.155 -0.535 0 1
0 0.155 -0.525 0 1
0 0.155 -0.515 0 1
0 0.155 -0.505 0 1
0 0.155 -0.495 0.3424281554 1
0 0.155 -0.485 0.3515414424 1
0 0.155 -0.475 0.3599986759 2
0 0.155 -0.465 0.3677840728 1
0 0.155 -0.455 0.3748831039 1
0 0.155 -0.445 0.3812825207 1
0 0.155 -0.435 0.3869703807 1
0 0.155 -0.425 0.391936069 1
0 0.155 -0.415 0.3961703185 1
0 0.155 -0.405 0.3996652272 1
0 0.155 -0.395 0.4024142728 1
0 0.155 -0.385 0.4044123251 1
0 0.155 -0.375 0.4056556551 1
0 0.155 -0.365 0.4061419426 1
0 0.155 -0.355 0.4058702801 2
0 0.155 -0.345 0.4048411745 2
0 0.155 -0.335 0.4030565464 2
0 0.155 -0.325 0.4005197262 2
0 0.155 -0.315 0.3972354483 2
0 0.155 -0.305 0.3932098418 2
0 0.155 -0.295 0.3884504195 2
0 0.155 -0.285 0.3829660633 2
0 0.155 -0.275 0.3767670084 2
0 0.155 -0.265 0.3698648235 2
0 0.155 -0.255 0.3622723896 2
0 0.155 -0.245 0.3540038759 2
0 0.155 -0.235 0.3450747132 2
0 0.155 -0.225 0.3355015654 2
0 0.155 -0.215 0.325302298 2
0 0.155 -0.205 0.314495945 2
0 0.155 -0.195 0.3031026735 2
0 0.155 -0.185 0.291143746 2
0 0.155 -0.175 0.2786414802 2
0 0.155 -0.165 0.2656192083 2
0 0.155 -0.155 0.2521012325 2
0 0.155 -0.145 0.2381127806 2
0 0.155 -0.135 0.2236799579 2
0 0.155 -0.125 0.2088296993 2
0 0.155 -0.115 0.1935897186 2
0 0.155 -0.105 0.177988457 2
0 0.155 -0.095 0.1620550298 2
0 0.155 -0.085 0.1458191724 2
0 0.155 -0.075 0.1293111844 2
0 0.155 -0.065 0.1125618733 2
0 0.155 -0.055 0.09560249702 2
0 0.155 -0.045 0.07846470551 2
0 0.155 -0.035 0.06118048163 2
0 0.155 -0.025 0.04378208153 2
0 0.155 -0.015 0.02630197446 2
0 0.155 -0.005 0.008772782134 2
0 0.155 0.005 -0.008772782134 2
0 0.155 0.015 -0.02630197446 2
0 0.155 0.025 -0.04378208153 2
0 0.155 0.035 -0.06118048163 2
0 0.155 0.045 -0.07846470551 2
0 0.155 0.055 -0.09560249702 2
0 0.155 0.065 -0.1125618733 2
0 0.155 0.075 -0.1293111844 2
0 0.155 0.085 -0.1458191724 2
0 0.155 0.095 -0.1620550298 2
0 0.155 0.105 -0.177988457 2
0 0.155 0.115 -0.1935897186 2
0 0.155 0.125 -0.2088296993 2
0 0.155 0.135 -0.2236799579 1
0 0.155 0.145 -0.2381127806 1
0 0.155 0.155 -0.2521012325 1
0 0.155 0.165 -0.2656192083 1
0 0.155 0.175 -0.2786414802 1
0 0.155 0.185 -0.291143746 1
0 0.155 0.195 -0.3031026735 1
0 0.155 0.205 -0.314495945 1
0 0.155 0.215 -0.325302298 1
0 0.155 0.225 -0.3355015654 1
0 0.155 0.235 -0.3450747132 2
0 0.155 0.245 -0.3540038759 2
0 0.155 0.255 -0.3622723896 2
0 0.155 0.265 -0.3698648235 2
0 0.155 0.275 -0.3767670084 2
0 0.155 0.285 -0.3829660633 2
0 0.155 0.295 -0.3884504195 2
0 0.155 0.305 -0.3932098418 2
0 0.155 0.315 -0.3972354483 2
0 0.155 0.325 -0.4005197262 1
0 0.155 0.335 -0.4030565464 1
0 0.155 0.345 -0.4048411745 1
0 0.155 0.355 -0.4058702801 1
0 0.155 0.365 -0.4061419426 1
0 0.155 0.375 -0.4056556551 1
0 0.155 0.385 -0.4044123251 2
0 0.155 0.395 -0.4024142728 2
0 0.155 0.405 -0.3996652272 2
0 0.155 0.415 -0.3961703185 2
0 0.155 0.425 -0.391936069 2
0 0.155 0.435 -0.3869703807 2
0 0.155 0.445 -0.3812825207 2
0 0.155 0.455 -0.3748831039 2
0 0.155 0.465 -0.3677840728 2
0 0.155 0.475 -0.3599986759 2
0 0.155 0.485 -0.3515414424 2
0 0.155 0.495 -0.3424281554 2
0 0.155 0.505 0 2
0 0.155 0.515 0 2
0 0.155 0.525 0 2
0 0.155 0.535 0 1
0 0.155 0.545 0 1
0 0.155 0.555 0 1
0 0.155 0.565 0 1
0 0.165 -0.555 0 1
0 0.165 -0.545 0 1
0 0.165 -0.535 0 1
0 0.165 -0.525 0 1
0 0.165 -0.515 0 1
0 0.165 -0.505 0 1
0 0.165 -0.495 0.3630897136 1
0 0.165 -0.485 0.3727528815 1
0 0.165 -0.475 0.3817204108 2
0 0.165 -0.465 0.3899755659 2
0 0.165 -0.455 0.3975029409 1
0 0.165 -0.445 0.4042884882 1
0 0.165 -0.435 0.4103195444 1
0 0.165 -0.425 0.4155848543 1
0 0.165 -0.415 0.4200745915 1
0 0.165 -0.405 0.4237803773 1
0 0.165 -0.395 0.4266952959 1
0 0.165 -0.385 0.4288139074 1
0 0.165 -0.375 0.4301322579 1
0 0.165 -0.365 0.4306478872 1
0 0.165 -0.355 0.430359833 1
0 0.165 -0.345 0.4292686329 1
0 0.165 -0.335 0.4273763232 1
0 0.165 -0.325 0.4246864354 1
0 0.165 -0.315 0.4212039895 1
0 0.165 -0.305 0.4169354845 2
0 0.165 -0.295 0.4118888863 2
0 0.165 -0.285 0.406073613 2
0 0.165 -0.275 0.3995005172 2
0 0.165 -0.265 0.3921818657 2
0 0.165 -0.255 0.3841313167 2
0 0.165 -0.245 0.3753638943 2
0 0.165 -0.235 0.3658959605 2
0 0.165 -0.225 0.3557451845 2
0 0.165 -0.215 0.3449305098 2
0 0.165 -0.205 0.3334721191 2
0 0.165 -0.195 0.3213913961 2
0 0.165 -0.185 0.3087108863 2
0 0.165 -0.175 0.2954542542 2
0 0.165 -0.165 0.2816462395 2
0 0.165 -0.155 0.2673126111 2
0 0.165 -0.145 0.2524801187 2
0 0.165 -0.135 0.2371764429 2
0 0.165 -0.125 0.2214301439 2
0 0.165 -0.115 0.2052706075 2
0 0.165 -0.105 0.1887279911 2
0 0.165 -0.095 0.1718331669 2
0 0.165 -0.085 0.1546176642 2
0 0.165 -0.075 0.137113611 2
0 0.165 -0.065 0.1193536737 2
0 0.165 -0.055 0.1013709963 2
0 0.165 -0.045 0.08319913829 2
0 0.165 -0.035 0.06487201243 2
0 0.165 -0.025 0.04642382116 2
0 0.165 -0.015 0.02788899285 2
0 0.165 -0.005 0.009302117547 2
0 0.165 0.005 -0.009302117547 2
0 0.165 0.015 -0.02788899285 2
0 0.165 0.025 -0.04642382116 2
0 0.165 0.035 -0.06487201243 2
0 0.165 0.045 -0.08319913829 2
0 0.165 0.055 -0.1013709963 2
0 0.165 0.065 -0.1193536737 2
0 0.165 0.075 -0.137113611 2
0 0.165 0.085 -0.1546176642 2
0 0.165 0.095 -0.1718331669 2
0 0.165 0.105 -0.1887279911 2
0 0.165 0.115 -0.2052706075 2
0 0.165 0.125 -0.2214301439 2
0 0.165 0.135 -0.2371764429 2
0 0.165 0.145 -0.2524801187 1
0 0.165 0.155 -0.2673126111 1
0 0.165 0.165 -0.2816462395 1
0 0.165 0.175 -0.2954542542 1
0 0.165 0.185 -0.3087108863 1
0 0.165 0.195 -0.3213913961 1
0 0.165 0.205 -0.3334721191 1
0 0.165 0.215 -0.3449305098 1
0 0.165 0.225 -0.3557451845 1
0 0.165 0.235 -0.3658959605 2
0 0.165 0.245 -0.3753638943 2
0 0.165 0.255 -0.3841313167 2
0 0.165 0.265 -0.3921818657 2
0 0.165 0.275 -0.3995005172 2
0 0.165 0.285 -0.406073613 2
0 0.165 0.295 -0.4118888863 2
0 0.165 0.305 -0.4169354845 2
0 0.165 0.315 -0.4212039895 2
0 0.165 0.325 -0.4246864354 2
0 0.165 0.335 -0.4273763232 1
0 0.165 0.345 -0.4292686329 1
0 0.165 0.355 -0.430359833 1
0 0.165 0.365 -0.4306478872 1
0 0.165 0.375 -0.4301322579 2
0 0.165 0.385 -0.4288139074 2
0 0.165 0.395 -0.4266952959 2
0 0.165 0.405 -0.4237803773 2
0 0.165 0.415 -0.4200745915 2
0 0.165 0.425 -0.4155848543 2
0 0.165 0.435 -0.4103195444 2
0 0.165 0.445 -0.4042884882 2
0 0.165 0.455 -0.3975029409 2
0 0.165 0.465 -0.3899755659 2
0 0.165 0.475 -0.3817204108 2
0 0.165 0.485 -0.3727528815 2
0 0.165 0.495 -0.3630897136 2
0 0.165 0.505 0 2
0 0.165 0.515 0 2
0 0.165 0.525 0 2
0 0.165 0.535 0 1
0 0.165 0.545 0 1
0 0.165 0.555 0 1
0 0.165 0.565 0 1
0 0.175 -0.555 0 1
0 0.175 -0.545 0 1
0 0.175 -0.535 0 1
0 0.175 -0.525 0 1
0 0.175 -0.515 0 1
0 0.175 -0.505 0 1
0 0.175 -0.495 0.3834869288 1
0 0.175 -0.485 0.3936929425 1
0 0.175 -0.475 0.4031642387 2
0 0.175 -0.465 0.4118831419 2
0 0.175 -0.455 0.4198333808 2
0 0.175 -0.445 0.4270001184 2
0 0.175 -0.435 0.43336998 1
0 0.175 -0.425 0.438931078 1
0 0.175 -0.415 0.4436730343 1
0 0.175 -0.405 0.4475869993 1
0 0.175 -0.395 0.4506656686 1
0 0.175 -0.385 0.4529032969 1
0 0.175 -0.375 0.4542957081 1
0 0.175 -0.365 0.4548403038 1
0 0.175 -0.355 0.4545360676 1
0 0.175 -0.345 0.4533835674 1
0 0.175 -0.335 0.4513849538 1
0 0.175 -0.325 0.4485439568 1
0 0.175 -0.315 0.4448658782 1
0 0.175 -0.305 0.4403575823 2
0 0.175 -0.295 0.4350274824 2
0 0.175 -0.285 0.4288855257 2
0 0.175 -0.275 0.4219431745 2
0 0.175 -0.265 0.4142133846 2
0 0.175 -0.255 0.4057105816 2
0 0.175 -0.245 0.3964506336 2
0 0.175 -0.235 0.3864508216 2
0 0.175 -0.225 0.3757298075 2
0 0.175 -0.215 0.3643075992 2
0 0.175 -0.205 0.3522055128 2
0 0.175 -0.195 0.3394461336 2
0 0.175 -0.185 0.3260532734 2
0 0.175 -0.175 0.3120519262 2
0 0.175 -0.165 0.2974682216 2
0 0.175 -0.155 0.2823293759 2
0 0.175 -0.145 0.2666636417 2
0 0.175 -0.135 0.2505002545 2
0 0.175 -0.125 0.2338693789 2
0 0.175 -0.115 0.2168020516 2
0 0.175 -0.105 0.1993301241 2
0 0.175 -0.095 0.1814862029 2
0 0.175 -0.085 0.1633035885 2
0 0.175 -0.075 0.1448162138 2
0 0.175 -0.065 0.1260585802 2
0 0.175 -0.055 0.1070656936 2
0 0.175 -0.045 0.08787299894 2
0 0.175 -0.035 0.06851631395 2
0 0.175 -0.025 0.04903176249 2
0 0.175 -0.015 0.02945570699 2
0 0.175 -0.005 0.009824680666 2
0 0.175 0.005 -0.009824680666 2
0 0.175 0.015 -0.02945570699 2
0 0.175 0.025 -0.04903176249 2
0 0.175 0.035 -0.06851631395 2
0 0.175 0.045 -0.08787299894 2
0 0.175 0.055 -0.1070656936 2
0 0.175 0.065 -0.1260585802 2
0 0.175 0.075 -0.1448162138 2
0 0.175 0.085 -0.1633035885 2
0 0.175 0.095 -0.1814862029 2
0 0.175 0.105 -0.1993301241 2
0 0.175 0.115 -0.2168020516 2
0 0.175 0.125 -0.2338693789 2
0 0.175 0.135 -0.2505002545 2
0 0.175 0.145 -0.2666636417 2
0 0.175 0.155 -0.2823293759 1
0 0.175 0.165 -0.2974682216 1
0 0.175 0.175 -0.3120519262 1
0 0.175 0.185 -0.3260532734 1
0 0.175 0.195 -0.3394461336 1
0 0.175 0.205 -0.3522055128 1
0 0.175 0.215 -0.3643075992 1
0 0.175 0.225 -0.3757298075 1
0 0.175 0.235 -0.3864508216 2
0 0.175 0.245 -0.3964506336 2
0 0.175 0.255 -0.4057105816 2
0 0.175 0.265 -0.4142133846 2
0 0.175 0.275 -0.4219431745 2
0 0.175 0.285 -0.4288855257 2
0 0.175 0.295 -0.4350274824 2
0 0.175 0.305 -0.4403575823 2
0 0.175 0.315 -0.4448658782 2
0 0.175 0.325 -0.4485439568 2
0 0.175 0.335 -0.4513849538 2
0 0.175 0.345 -0.4533835674 2
0 0.175 0.355 -0.4545360676 2
0 0.175 0.365 -0.4548403038 2
0 0.175 0.375 -0.4542957081 2
0 0.175 0.385 -0.4529032969 2
0 0.175 0.395 -0.4506656686 2
0 0.175 0.405 -0.4475869993 2
0 0.175 0.415 -0.4436730343 2
0 0.175 0.425 -0.438931078 2
0 0.175 0.435 -0.43336998 2
0 0.175 0.445 -0.4270001184 2
0 0.175 0.455 -0.4198333808 2
0 0.175 0.465 -0.4118831419 2
0 0.175 0.475 -0.4031642387 2
0 0.175 0.485 -0.3936929425 2
0 0.175 0.495 -0.3834869288 2
0 0.175 0.505 0 2
0 0.175 0.515 0 2
0 0.175 0.525 0 2
0 0.175 0.535 0 2
0 0.175 0.545 0 1
0 0.175 0.555 0 1
0 0.175 0.565 0 1
0 0.185 -0.555 0 2
0 0.185 -0.545 0 2
0 0.185 -0.535 0 1
0 0.185 -0.525 0 1
0 0.185 -0.515 0 1
0 0.185 -0.505 0 1
0 0.185 -0.495 0.4036049509 2
0 0.185 -0.485 0.41434638 2
0 0.185 -0.475 0.4243145478 2
0 0.185 -0.465 0.4334908515 2
0 0.185 -0.455 0.441858166 2
0 0.185 -0.445 0.4494008762 2
0 0.185 -0.435 0.4561049057 2
0 0.185 -0.425 0.4619577433 2
0 0.185 -0.415 0.4669484662 2
0 0.185 -0.405 0.4710677609 2
0 0.185 -0.395 0.4743079396 2
0 0.185 -0.385 0.4766629556 1
0 0.185 -0.375 0.4781284138 1
0 0.185 -0.365 0.4787015794 1
0 0.185 -0.355 0.4783813828 1
0 0.185 -0.345 0.4771684214 1
0 0.185 -0.335 0.475064959 1
0 0.185 -0.325 0.4720749211 1
0 0.185 -0.315 0.4682038877 1
0 0.185 -0.305 0.4634590831 2
0 0.185 -0.295 0.457849362 2
0 0.185 -0.285 0.4513851935 2
0 0.185 -0.275 0.4440786411 2
0 0.185 -0.265 0.4359433405 2
0 0.185 -0.255 0.4269944738 2
0 0.185 -0.245 0.4172487417 2
0 0.185 -0.235 0.4067243318 2
0 0.185 -0.225 0.3954408851 2
0 0.185 -0.215 0.3834194588 2
0 0.185 -0.205 0.3706824875 2
0 0.185 -0.195 0.3572537414 2
0 0.185 -0.185 0.3431582814 2
0 0.185 -0.175 0.3284224126 2
0 0.185 -0.165 0.3130736355 2
0 0.185 -0.155 0.2971405943 2
0 0.185 -0.145 0.2806530234 2
0 0.185 -0.135 0.2636416924 2
0 0.185 -0.125 0.2461383481 2
0 0.185 -0.115 0.2281756556 2
0 0.185 -0.105 0.2097871373 2
0 0.185 -0.095 0.19100711 2
0 0.185 -0.085 0.1718706216 2
0 0.185 -0.075 0.1524133848 2
0 0.185 -0.065 0.1326717112 2
0 0.185 -0.055 0.112682443 2
0 0.185 -0.045 0.09248288471 2
0 0.185 -0.035 0.072110733 2
0 0.185 -0.025 0.05160400683 2
0 0.185 -0.015 0.03100097625 2
0 0.185 -0.005 0.01034009104 2
0 0.185 0.005 -0.01034009104 2
0 0.185 0.015 -0.03100097625 2
0 0.185 0.025 -0.05160400683 2
0 0.185 0.035 -0.072110733 2
0 0.185 0.045 -0.09248288471 2
0 0.185 0.055 -0.112682443 2
0 0.185 0.065 -0.1326717112 2
0 0.185 0.075 -0.1524133848 2
0 0.185 0.085 -0.1718706216 2
0 0.185 0.095 -0.19100711 2
0 0.185 0.105 -0.2097871373 2
0 0.185 0.115 -0.2281756556 2
0 0.185 0.125 -0.2461383481 2
0 0.185 0.135 -0.2636416924 2
0 0.185 0.145 -0.2806530234 2
0 0.185 0.155 -0.2971405943 2
0 0.185 0.165 -0.3130736355 2
0 0.185 0.175 -0.3284224126 2
0 0.185 0.185 -0.3431582814 1
0 0.185 0.195 -0.3572537414 1
0 0.185 0.205 -0.3706824875 1
0 0.185 0.215 -0.3834194588 2
0 0.185 0.225 -0.3954408851 2
0 0.185 0.235 -0.4067243318 2
0 0.185 0.245 -0.4172487417 2
0 0.185 0.255 -0.4269944738 2
0 0.185 0.265 -0.4359433405 2
0 0.185 0.275 -0.4440786411 2
0 0.185 0.285 -0.4513851935 2
0 0.185 0.295 -0.457849362 2
0 0.185 0.305 -0.4634590831 2
0 0.185 0.315 -0.4682038877 2
0 0.185 0.325 -0.4720749211 2
0 0.185 0.335 -0.475064959 2
0 0.185 0.345 -0.4771684214 2
0 0.185 0.355 -0.4783813828 2
0 0.185 0.365 -0.4787015794 2
0 0.185 0.375 -0.4781284138 2
0 0.185 0.385 -0.4766629556 2
0 0.185 0.395 -0.4743079396 2
0 0.185 0.405 -0.4710677609 2
0 0.185 0.415 -0.4669484662 2
0 0.185 0.425 -0.4619577433 2
0 0.185 0.435 -0.4561049057 2
0 0.185 0.445 -0.4494008762 2
0 0.185 0.455 -0.441858166 2
0 0.185 0.465 -0.4334908515 2
0 0.185 0.475 -0.4243145478 2
0 0.185 0.485 -0.41434638 2
0 0.185 0.495 -0.4036049509 2
0 0.185 0.505 0 2
0 0.185 0.515 0 2
0 0.185 0.525 0 2
0 0.185 0.535 0 2
0 0.185 0.545 0 1
0 0.185 0.555 0 1
0 0.185 0.565 0 1
0 0.195 -0.555 0 2
0 0.195 -0.545 0 2
0 0.195 -0.535 0 2
0 0.195 -0.525 0 2
0 0.195 -0.515 0 2
0 0.195 -0.505 0 2
0 0.195 -0.495 0.4234291333 2
0 0.195 -0.485 0.4346981576 2
0 0.195 -0.475 0.4451559398 2
0 0.195 -0.465 0.4547829632 2
0 0.195 -0.455 0.4635612617 2
0 0.195 -0.445 0.4714744532 2
0 0.195 -0.435 0.4785077697 2
0 0.195 -0.425 0.4846480857 2
0 0.195 -0.415 0.489883942 2
0 0.195 -0.405 0.4942055673 2
0 0.195 -0.395 0.4976048964 2
0 0.195 -0.385 0.5000755856 1
0 0.195 -0.375 0.5016130239 1
0 0.195 -0.365 0.5022143421 1
0 0.195 -0.355 0.5018784181 1
0 0.195 -0.345 0.5006058788 1
0 0.195 -0.335 0.498399099 1
0 0.195 -0.325 0.495262197 1
0 0.195 -0.315 0.491201027 1
0 0.195 -0.305 0.4862231681 2
0 0.195 -0.295 0.4803379099 2
0 0.195 -0.285 0.4735562357 2
0 0.195 -0.275 0.4658908017 2
0 0.195 -0.265 0.457355913 2
0 0.195 -0.255 0.4479674978 2
0 0.195 -0.245 0.4377430769 2
0 0.195 -0.235 0.4267017313 2
0 0.195 -0.225 0.4148640666 2
0 0.195 -0.215 0.4022521744 2
0 0.195 -0.205 0.3888895914 2
0 0.195 -0.195 0.3748012549 2
0 0.195 -0.185 0.3600134571 2
0 0.195 -0.175 0.344553795 2
0 0.195 -0.165 0.32845112 2
0 0.195 -0.155 0.311735483 2
0 0.195 -0.145 0.2944380791 2
0 0.195 -0.135 0.2765911892 2
0 0.195 -0.125 0.2582281193 2
0 0.195 -0.115 0.2393831391 2
0 0.195 -0.105 0.2200914174 2
0 0.195 -0.095 0.2003889568 2
0 0.195 -0.085 0.1803125263 2
0 0.195 -0.075 0.1598995931 2
0 0.195 -0.065 0.1391882522 2
0 0.195 -0.055 0.1182171554 2
0 0.195 -0.045 0.09702543943 2
0 0.195 -0.035 0.07565265269 2
0 0.195 -0.025 0.05413868149 2
0 0.195 -0.015 0.03252367563 2
0 0.195 -0.005 0.01084797344 2
0 0.195 0.005 -0.01084797344 2
0 0.195 0.015 -0.03252367563 2
0 0.195 0.025 -0.05413868149 2
0 0.195 0.035 -0.07565265269 2
0 0.195 0.045 -0.09702543943 2
0 0.195 0.055 -0.1182171554 2
0 0.195 0.065 -0.1391882522 2
0 0.195 0.075 -0.1598995931 2
0 0.195 0.085 -0.1803125263 2
0 0.195 0.095 -0.2003889568 2
0 0.195 0.105 -0.2200914174 2
0 0.195 0.115 -0.2393831391 2
0 0.195 0.125 -0.2582281193 2
0 0.195 0.135 -0.2765911892 2
0 0.195 0.145 -0.2944380791 2
0 0.195 0.155 -0.311735483 2
0 0.195 0.165 -0.32845112 2
0 0.195 0.175 -0.344553795 2
0 0.195 0.185 -0.3600134571 2
0 0.195 0.195 -0.3748012549 2
0 0.195 0.205 -0.3888895914 2
0 0.195 0.215 -0.4022521744 2
0 0.195 0.225 -0.4148640666 2
0 0.195 0.235 -0.4267017313 2
0 0.195 0.245 -0.4377430769 2
0 0.195 0.255 -0.4479674978 2
0 0.195 0.265 -0.457355913 2
0 0.195 0.275 -0.4658908017 2
0 0.195 0.285 -0.4735562357 2
0 0.195 0.295 -0.4803379099 2
0 0.195 0.305 -0.4862231681 2
0 0.195 0.315 -0.491201027 2
0 0.195 0.325 -0.495262197 2
0 0.195 0.335 -0.498399099 2
0 0.195 0.345 -0.5006058788 2
0 0.195 0.355 -0.5018784181 2
0 0.195 0.365 -0.5022143421 2
0 0.195 0.375 -0.5016130239 2
0 0.195 0.385 -0.5000755856 2
0 0.195 0.395 -0.4976048964 2
0 0.195 0.405 -0.4942055673 2
0 0.195 0.415 -0.489883942 2
0 0.195 0.425 -0.4846480857 2
0 0.195 0.435 -0.4785077697 2
0 0.195 0.445 -0.4714744532 2
0 0.195 0.455 -0.4635612617 2
0 0.195 0.465 -0.4547829632 2
0 0.195 0.475 -0.4451559398 2
0 0.195 0.485 -0.4346981576 2
0 0.195 0.495 -0.4234291333 2
0 0.195 0.505 0 2
0 0.195 0.515 0 2
0 0.195 0.525 0 2
0 0.195 0.535 0 2
0 0.195 0.545 0 2
0 0.195 0.555 0 1
0 0.195 0.565 0 1
0 0.205 -0.555 0 2
0 0.205 -0.545 0 2
0 0.205 -0.535 0 2
0 0.205 -0.525 0 2
0 0.205 -0.515 0 2
0 0.205 -0.505 0 2
0 0.205 -0.495 0.4429450432 2
0 0.205 -0.485 0.4547334585 2
0 0.205 -0.475 0.4656732414 2
0 0.205 -0.465 0.4757439757 2
0 0.205 -0.455 0.4849268673 2
0 0.205 -0.445 0.4932047788 2
0 0.205 -0.435 0.500562262 2
0 0.205 -0.425 0.506985586 2
0 0.205 -0.415 0.5124627637 2
0 0.205 -0.405 0.5169835733 2
0 0.205 -0.395 0.520539578 1
0 0.205 -0.385 0.5231241415 1
0 0.205 -0.375 0.5247324406 1
0 0.205 -0.365 0.5253614737 1
0 0.205 -0.355 0.5250100669 1
0 0.205 -0.345 0.5236788761 1
0 0.205 -0.335 0.5213703854 1
0 0.205 -0.325 0.5180889032 1
0 0.205 -0.315 0.5138405533 1
0 0.205 -0.305 0.5086332641 2
0 0.205 -0.295 0.5024767536 2
0 0.205 -0.285 0.4953825111 2
0 0.205 -0.275 0.487363776 2
0 0.205 -0.265 0.4784355131 2
0 0.205 -0.255 0.4686143845 2
0 0.205 -0.245 0.4579187186 2
0 0.205 -0.235 0.4463684758 2
0 0.205 -0.225 0.4339852114 2
0 0.205 -0.215 0.4207920353 2
0 0.205 -0.205 0.4068135688 2
0 0.205 -0.195 0.3920758989 2
0 0.205 -0.185 0.3766065293 2
0 0.205 -0.175 0.3604343292 2
0 0.205 -0.165 0.3435894795 2
0 0.205 -0.155 0.3261034164 2
0 0.205 -0.145 0.3080087727 2
0 0.205 -0.135 0.2893393171 2
0 0.205 -0.125 0.2701298907 2
0 0.205 -0.115 0.2504163426 2
0 0.205 -0.105 0.2302354626 2
0 0.205 -0.095 0.2096249127 2
0 0.205 -0.085 0.1886231567 2
0 0.205 -0.075 0.1672693885 2
0 0.205 -0.065 0.1456034588 2
0 0.205 -0.055 0.1236658012 2
0 0.205 -0.045 0.101497356 2
0 0.205 -0.035 0.07913949439 2
0 0.205 -0.025 0.05663394115 2
0 0.205 -0.015 0.03402269654 2
0 0.205 -0.005 0.01134795811 2
0 0.205 0.005 -0.01134795811 2
0 0.205 0.015 -0.03402269654 2
0 0.205 0.025 -0.05663394115 2
0 0.205 0.035 -0.07913949439 2
0 0.205 0.045 -0.101497356 2
0 0.205 0.055 -0.1236658012 2
0 0.205 0.065 -0.1456034588 2
0 0.205 0.075 -0.1672693885 2
0 0.205 0.085 -0.1886231567 2
0 0.205 0.095 -0.2096249127 2
0 0.205 0.105 -0.2302354626 2
0 0.205 0.115 -0.2504163426 2
0 0.205 0.125 -0.2701298907 2
0 0.205 0.135 -0.2893393171 2
0 0.205 0.145 -0.3080087727 2
0 0.205 0.155 -0.3261034164 2
0 0.205 0.165 -0.3435894795 2
0 0.205 0.175 -0.3604343292 2
0 0.205 0.185 -0.3766065293 2
0 0.205 0.195 -0.3920758989 2
0 0.205 0.205 -0.4068135688 2
0 0.205 0.215 -0.4207920353 2
0 0.205 0.225 -0.4339852114 2
0 0.205 0.235 -0.4463684758 2
0 0.205 0.245 -0.4579187186 2
0 0.205 0.255 -0.4686143845 2
0 0.205 0.265 -0.4784355131 2
0 0.205 0.275 -0.487363776 2
0 0.205 0.285 -0.4953825111 2
0 0.205 0.295 -0.5024767536 2
0 0.205 0.305 -0.5086332641 2
0 0.205 0.315 -0.5138405533 2
0 0.205 0.325 -0.5180889032 2
0 0.205 0.335 -0.5213703854 2
0 0.205 0.345 -0.5236788761 2
0 0.205 0.355 -0.5250100669 2
0 0.205 0.365 -0.5253614737 2
0 0.205 0.375 -0.5247324406 2
0 0.205 0.385 -0.5231241415 2
0 0.205 0.395 -0.520539578 2
0 0.205 0.405 -0.5169835733 2
0 0.205 0.415 -0.5124627637 2
0 0.205 0.425 -0.506985586 2
0 0.205 0.435 -0.500562262 2
0 0.205 0.445 -0.4932047788 2
0 0.205 0.455 -0.4849268673 2
0 0.205 0.465 -0.4757439757 2
0 0.205 0.475 -0.4656732414 2
0 0.205 0.485 -0.4547334585 2
0 0.205 0.495 -0.4429450432 2
0 0.205 0.505 0 2
0 0.205 0.515 0 2
0 0.205 0.525 0 2
0 0.205 0.535 0 2
0 0.205 0.545 0 2
0 0.205 0.555 0 2
0 0.205 0.565 0 1
0 0.215 -0.555 0 2
0 0.215 -0.545 0 2
0 0.215 -0.535 0 2
0 0.215 -0.525 0 2
0 0.215 -0.515 0 2
0 0.215 -0.505 0 2
0 0.215 -0.495 0.4621384723 2
0 0.215 -0.485 0.4744376962 2
0 0.215 -0.475 0.4858515151 2
0 0.215 -0.465 0.4963586285 2
0 0.215 -0.455 0.5059394276 2
0 0.215 -0.445 0.5145760327 2
0 0.215 -0.435 0.5222523259 2
0 0.215 -0.425 0.5289539816 2
0 0.215 -0.415 0.534668493 2
0 0.215 -0.405 0.5393851956 2
0 0.215 -0.395 0.543095287 1
0 0.215 -0.385 0.5457918433 1
0 0.215 -0.375 0.5474698322 1
0 0.215 -0.365 0.5481261222 1
0 0.215 -0.355 0.5477594885 1
0 0.215 -0.345 0.5463706152 1
0 0.215 -0.335 0.5439620945 1
0 0.215 -0.325 0.540538421 1
0 0.215 -0.315 0.5361059842 2
0 0.215 -0.305 0.5306730559 2
0 0.215 -0.295 0.5242497751 2
0 0.215 -0.285 0.5168481291 2
0 0.215 -0.275 0.508481931 2
0 0.215 -0.265 0.499166794 2
0 0.215 -0.255 0.4889201022 2
0 0.215 -0.245 0.4777609781 2
0 0.215 -0.235 0.465710247 2
0 0.215 -0.225 0.4527903984 2
0 0.215 -0.215 0.4390255435 2
0 0.215 -0.205 0.4244413706 2
0 0.215 -0.195 0.4090650968 2
0 0.215 -0.185 0.3929254177 2
0 0.215 -0.175 0.3760524536 2
0 0.215 -0.165 0.3584776929 2
0 0.215 -0.155 0.3402339342 2
0 0.215 -0.145 0.3213552243 2
0 0.215 -0.135 0.3018767949 2
0 0.215 -0.125 0.2818349972 2
0 0.215 -0.115 0.2612672335 2
0 0.215 -0.105 0.2402118877 2
0 0.215 -0.095 0.2187082538 2
0 0.215 -0.085 0.1967964623 2
0 0.215 -0.075 0.1745174054 2
0 0.215 -0.065 0.1519126606 2
0 0.215 -0.055 0.1290244135 2
0 0.215 -0.045 0.1058953785 2
0 0.215 -0.035 0.08256871952 2
0 0.215 -0.025 0.05908796914 2
0 0.215 -0.015 0.03549694763 2
0 0.215 -0.005 0.01183968103 2
0 0.215 0.005 -0.01183968103 2
0 0.215 0.015 -0.03549694763 2
0 0.215 0.025 -0.05908796914 2
0 0.215 0.035 -0.08256871952 2
0 0.215 0.045 -0.1058953785 2
0 0.215 0.055 -0.1290244135 2
0 0.215 0.065 -0.1519126606 2
0 0.215 0.075 -0.1745174054 2
0 0.215 0.085 -0.1967964623 2
0 0.215 0.095 -0.2187082538 2
0 0.215 0.105 -0.2402118877 2
0 0.215 0.115 -0.2612672335 2
0 0.215 0.125 -0.2818349972 2
0 0.215 0.135 -0.3018767949 2
0 0.215 0.145 -0.3213552243 2
0 0.215 0.155 -0.3402339342 2
0 0.215 0.165 -0.3584776929 2
0 0.215 0.175 -0.3760524536 2
0 0.215 0.185 -0.3929254177 2
0 0.215 0.195 -0.4090650968 2
0 0.215 0.205 -0.4244413706 2
0 0.215 0.215 -0.4390255435 2
0 0.215 0.225 -0.4527903984 2
0 0.215 0.235 -0.465710247 2
0 0.215 0.245 -0.4777609781 2
0 0.215 0.255 -0.4889201022 2
0 0.215 0.265 -0.499166794 2
0 0.215 0.275 -0.508481931 2
0 0.215 0.285 -0.5168481291 2
0 0.215 0.295 -0.5242497751 2
0 0.215 0.305 -0.5306730559 2
0 0.215 0.315 -0.5361059842 2
0 0.215 0.325 -0.540538421 2
0 0.215 0.335 -0.5439620945 2
0 0.215 0.345 -0.5463706152 2
0 0.215 0.355 -0.5477594885 2
0 0.215 0.365 -0.5481261222 2
0 0.215 0.375 -0.5474698322 2
0 0.215 0.385 -0.5457918433 2
0 0.215 0.395 -0.543095287 2
0 0.215 0.405 -0.5393851956 2
0 0.215 0.415 -0.534668493 2
0 0.215 0.425 -0.5289539816 2
0 0.215 0.435 -0.5222523259 2
0 0.215 0.445 -0.5145760327 2
0 0.215 0.455 -0.5059394276 2
0 0.215 0.465 -0.4963586285 2
0 0.215 0.475 -0.4858515151 2
0 0.215 0.485 -0.4744376962 2
0 0.215 0.495 -0.4621384723 2
0 0.215 0.505 0 2
0 0.215 0.515 0 2
0 0.215 0.525 0 2
0 0.215 0.535 0 2
0 0.215 0.545 0 2
0 0.215 0.555 0 2
0 0.215 0.565 0 1
0 0.225 -0.555 0 2
0 0.225 -0.545 0 2
0 0.225 -0.535 0 2
0 0.225 -0.525 0 2
0 0.225 -0.515 0 2
0 0.225 -0.505 0 2
0 0.225 -0.495 0.4809954471 2
0 0.225 -0.485 0.4937965252 2
0 0.225 -0.475 0.5056760706 2
0 0.225 -0.465 0.5166119134 2
0 0.225 -0.455 0.5265836449 2
0 0.225 -0.445 0.5355726557 2
0 0.225 -0.435 0.5435621703 2
0 0.225 -0.425 0.5505372786 2
0 0.225 -0.415 0.5564849634 2
0 0.225 -0.405 0.561394125 2
0 0.225 -0.395 0.565255602 1
0 0.225 -0.385 0.5680621879 1
0 0.225 -0.375 0.569808645 1
0 0.225 -0.365 0.5704917141 1
0 0.225 -0.355 0.5701101203 1
0 0.225 -0.345 0.5686645759 1
0 0.225 -0.335 0.5661577785 1
0 0.225 -0.325 0.5625944064 1
0 0.225 -0.315 0.5579811096 2
0 0.225 -0.305 0.5523264975 2
0 0.225 -0.295 0.5456411229 2
0 0.225 -0.285 0.5379374621 2
0 0.225 -0.275 0.5292298919 2
0 0.225 -0.265 0.5195346626 2
0 0.225 -0.255 0.5088698674 2
0 0.225 -0.245 0.4972554094 2
0 0.225 -0.235 0.4847129636 2
0 0.225 -0.225 0.4712659369 2
0 0.225 -0.215 0.4569394245 2
0 0.225 -0.205 0.4417601629 2
0 0.225 -0.195 0.4257564797 2
0 0.225 -0.185 0.4089582415 2
0 0.225 -0.175 0.3913967974 2
0 0.225 -0.165 0.373104921 2
0 0.225 -0.155 0.3541167488 2
0 0.225 -0.145 0.334467717 2
0 0.225 -0.135 0.314194495 2
0 0.225 -0.125 0.2933349171 2
0 0.225 -0.115 0.2719279119 2
0 0.225 -0.105 0.2500134294 2
0 0.225 -0.095 0.227632367 2
0 0.225 -0.085 0.2048264926 2
0 0.225 -0.075 0.181638367 2
0 0.225 -0.065 0.1581112643 2
0 0.225 -0.055 0.1342890912 2
0 0.225 -0.045 0.1102163053 2
0 0.225 -0.035 0.0859378315 2
0 0.225 -0.025 0.06149897885 2
0 0.225 -0.015 0.0369453556 2
0 0.225 -0.005 0.01232278421 2
0 0.225 0.005 -0.01232278421 2
0 0.225 0.015 -0.0369453556 2
0 0.225 0.025 -0.06149897885 2
0 0.225 0.035 -0.0859378315 2
0 0.225 0.045 -0.1102163053 2
0 0.225 0.055 -0.1342890912 2
0 0.225 0.065 -0.1581112643 2
0 0.225 0.075 -0.181638367 2
0 0.225 0.085 -0.2048264926 2
0 0.225 0.095 -0.227632367 2
0 0.225 0.105 -0.2500134294 2
0 0.225 0.115 -0.2719279119 2
0 0.225 0.125 -0.2933349171 2
0 0.225 0.135 -0.314194495 2
0 0.225 0.145 -0.334467717 2
0 0.225 0.155 -0.3541167488 2
0 0.225 0.165 -0.373104921 2
0 0.225 0.175 -0.3913967974 2
0 0.225 0.185 -0.4089582415 2
0 0.225 0.195 -0.4257564797 2
0 0.225 0.205 -0.4417601629 2
0 0.225 0.215 -0.4569394245 2
0 0.225 0.225 -0.4712659369 2
0 0.225 0.235 -0.4847129636 2
0 0.225 0.245 -0.4972554094 2
0 0.225 0.255 -0.5088698674 2
0 0.225 0.265 -0.5195346626 2
0 0.225 0.275 -0.5292298919 2
0 0.225 0.285 -0.5379374621 2
0 0.225 0.295 -0.5456411229 2
0 0.225 0.305 -0.5523264975 2
0 0.225 0.315 -0.5579811096 2
0 0.225 0.325 -0.5625944064 2
0 0.225 0.335 -0.5661577785 2
0 0.225 0.345 -0.5686645759 2
0 0.225 0.355 -0.5701101203 2
0 0.225 0.365 -0.5704917141 2
0 0.225 0.375 -0.569808645 2
0 0.225 0.385 -0.5680621879 2
0 0.225 0.395 -0.565255602 2
0 0.225 0.405 -0.561394125 2
0 0.225 0.415 -0.5564849634 2
0 0.225 0.425 -0.5505372786 2
0 0.225 0.435 -0.5435621703 2
0 0.225 0.445 -0.5355726557 2
0 0.225 0.455 -0.5265836449 2
0 0.225 0.465 -0.5166119134 2
0 0.225 0.475 -0.5056760706 2
0 0.225 0.485 -0.4937965252 2
0 0.225 0.495 -0.4809954471 2
0 0.225 0.505 0 2
0 0.225 0.515 0 2
0 0.225 0.525 0 2
0 0.225 0.535 0 2
0 0.225 0.545 0 2
0 0.225 0.555 0 2
0 0.225 0.565 0 1
0 0.235 -0.555 0 2
0 0.235 -0.545 0 2
0 0.235 -0.535 0 2
0 0.235 -0.525 0 2
0 0.235 -0.515 0 2
0 0.235 -0.505 0 2
0 0.235 -0.495 0.499502239 2
0 0.235 -0.485 0.5127958517 2
0 0.235 -0.475 0.5251324747 2
0 0.235 -0.465 0.5364890852 2
0 0.235 -0.455 0.5468444893 2
0 0.235 -0.445 0.5561793615 2
0 0.235 -0.435 0.5644762808 2
0 0.235 -0.425 0.5717197635 2
0 0.235 -0.415 0.5778962916 2
0 0.235 -0.405 0.5829943383 2
0 0.235 -0.395 0.5870043895 1
0 0.235 -0.385 0.5899189616 1
0 0.235 -0.375 0.5917326155 1
0 0.235 -0.365 0.5924419663 1
0 0.235 -0.355 0.5920456904 1
0 0.235 -0.345 0.5905445271 1
0 0.235 -0.335 0.5879412782 1
0 0.235 -0.325 0.5842408017 2
0 0.235 -0.315 0.5794500035 2
0 0.235 -0.305 0.5735778245 2
0 0.235 -0.295 0.5666352232 2
0 0.235 -0.285 0.5586351562 2
0 0.235 -0.275 0.5495925534 2
0 0.235 -0.265 0.5395242901 2
0 0.235 -0.255 0.5284491561 2
0 0.235 -0.245 0.5163878199 2
0 0.235 -0.235 0.5033627907 2
0 0.235 -0.225 0.4893983759 2
0 0.235 -0.215 0.4745206363 2
0 0.235 -0.205 0.458757337 2
0 0.235 -0.195 0.4421378958 2
0 0.235 -0.185 0.4246933282 2
0 0.235 -0.175 0.4064561896 2
0 0.235 -0.165 0.3874605145 2
0 0.235 -0.155 0.3677417529 2
0 0.235 -0.145 0.3473367046 2
0 0.235 -0.135 0.3262834496 2
0 0.235 -0.125 0.3046212781 2
0 0.235 -0.115 0.2823906164 2
0 0.235 -0.105 0.2596329518 2
0 0.235 -0.095 0.2363907551 2
0 0.235 -0.085 0.2127074014 2
0 0.235 -0.075 0.1886270889 2
0 0.235 -0.065 0.1641947569 2
0 0.235 -0.055 0.1394560014 2
0 0.235 -0.045 0.1144569904 2
0 0.235 -0.035 0.08924437747 2
0 0.235 -0.025 0.06386521497 2
0 0.235 -0.015 0.03836686595 2
0 0.235 -0.005 0.01279691594 2
0 0.235 0.005 -0.01279691594 2
0 0.235 0.015 -0.03836686595 2
0 0.235 0.025 -0.06386521497 2
0 0.235 0.035 -0.08924437747 2
0 0.235 0.045 -0.1144569904 2
0 0.235 0.055 -0.1394560014 2
0 0.235 0.065 -0.1641947569 2
0 0.235 0.075 -0.1886270889 2
0 0.235 0.085 -0.2127074014 2
0 0.235 0.095 -0.2363907551 2
0 0.235 0.105 -0.2596329518 2
0 0.235 0.115 -0.2823906164 2
0 0.235 0.125 -0.3046212781 2
0 0.235 0.135 -0.3262834496 2
0 0.235 0.145 -0.3473367046 2
0 0.235 0.155 -0.3677417529 2
0 0.235 0.165 -0.3874605145 2
0 0.235 0.175 -0.4064561896 2
0 0.235 0.185 -0.4246933282 2
0 0.235 0.195 -0.4421378958 2
0 0.235 0.205 -0.458757337 2
0 0.235 0.215 -0.4745206363 2
0 0.235 0.225 -0.4893983759 2
0 0.235 0.235 -0.5033627907 2
0 0.235 0.245 -0.5163878199 2
0 0.235 0.255 -0.5284491561 2
0 0.235 0.265 -0.5395242901 2
0 0.235 0.275 -0.5495925534 2
0 0.235 0.285 -0.5586351562 2
0 0.235 0.295 -0.5666352232 2
0 0.235 0.305 -0.5735778245 2
0 0.235 0.315 -0.5794500035 2
0 0.235 0.325 -0.5842408017 2
0 0.235 0.335 -0.5879412782 2
0 0.235 0.345 -0.5905445271 2
0 0.235 0.355 -0.5920456904 2
0 0.235 0.365 -0.5924419663 2
0 0.235 0.375 -0.5917326155 2
0 0.235 0.385 -0.5899189616 2
0 0.235 0.395 -0.5870043895 2
0 0.235 0.405 -0.5829943383 2
0 0.235 0.415 -0.5778962916 2
0 0.235 0.425 -0.5717197635 2
0 0.235 0.435 -0.5644762808 2
0 0.235 0.445 -0.5561793615 2
0 0.235 0.455 -0.5468444893 2
0 0.235 0.465 -0.5364890852 2
0 0.235 0.475 -0.5251324747 2
0 0.235 0.485 -0.5127958517 2
0 0.235 0.495 -0.499502239 2
0 0.235 0.505 0 2
0 0.235 0.515 0 2
0 0.235 0.525 0 2
0 0.235 0.535 0 2
0 0.235 0.545 0 2
0 0.235 0.555 0 2
0 0.235 0.565 0 1
0 0.245 -0.555 0 2
0 0.245 -0.545 0 2
0 0.245 -0.535 0 2
0 0.245 -0.525 0 2
0 0.245 -0.515 0 2
0 0.245 -0.505 0 2
0 0.245 -0.495 0.5176453742 2
0 0.245 -0.485 0.5314218432 2
0 0.245 -0.475 0.5442065624 2
0 0.245 -0.465 0.5559756726 2
0 0.245 -0.455 0.5667072101 2
0 0.245 -0.445 0.5763811476 2
0 0.245 -0.435 0.5849794312 2
0 0.245 -0.425 0.5924860148 2
0 0.245 -0.415 0.5988868893 2
0 0.245 -0.405 0.6041701095 2
0 0.245 -0.395 0.6083258155 1
0 0.245 -0.385 0.611346252 1
0 0.245 -0.375 0.6132257822 1
0 0.245 -0.365 0.6139608984 1
0 0.245 -0.355 0.6135502287 1
0 0.245 -0.345 0.6119945396 2
0 0.245 -0.335 0.6092967343 2
0 0.245 -0.325 0.6054618475 2
0 0.245 -0.315 0.6004970359 2
0 0.245 -0.305 0.594411565 2
0 0.245 -0.295 0.5872167916 2
0 0.245 -0.285 0.5789261428 2
0 0.245 -0.275 0.5695550906 2
0 0.245 -0.265 0.5591211236 2
0 0.245 -0.255 0.5476437138 2
0 0.245 -0.245 0.5351442805 2
0 0.245 -0.235 0.5216461505 2
0 0.245 -0.225 0.5071745143 2
0 0.245 -0.215 0.4917563791 2
0 0.245 -0.205 0.4754205184 2
0 0.245 -0.195 0.4581974187 2
0 0.245 -0.185 0.440119222 2
0 0.245 -0.175 0.4212196662 2
0 0.245 -0.165 0.401534022 2
0 0.245 -0.155 0.3810990271 2
0 0.245 -0.145 0.3599528178 2
0 0.245 -0.135 0.3381348575 2
0 0.245 -0.125 0.3156858633 2
0 0.245 -0.115 0.2926477299 2
0 0.245 -0.105 0.2690634516 2
0 0.245 -0.095 0.2449770419 2
0 0.245 -0.085 0.2204334512 2
0 0.245 -0.075 0.1954784832 2
0 0.245 -0.065 0.1701587095 2
0 0.245 -0.055 0.1445213823 2
0 0.245 -0.045 0.1186143464 2
0 0.245 -0.035 0.09248595016 2
0 0.245 -0.025 0.06618495479 2
0 0.245 -0.015 0.03976044377 2
0 0.245 -0.005 0.01326173102 2
0 0.245 0.005 -0.01326173102 2
0 0.245 0.015 -0.03976044377 2
0 0.245 0.025 -0.06618495479 2
0 0.245 0.035 -0.09248595016 2
0 0.245 0.045 -0.1186143464 2
0 0.245 0.055 -0.1445213823 2
0 0.245 0.065 -0.1701587095 2
0 0.245 0.075 -0.1954784832 2
0 0.245 0.085 -0.2204334512 2
0 0.245 0.095 -0.2449770419 2
0 0.245 0.105 -0.2690634516 2
0 0.245 0.115 -0.2926477299 2
0 0.245 0.125 -0.3156858633 2
0 0.245 0.135 -0.3381348575 2
0 0.245 0.145 -0.3599528178 2
0 0.245 0.155 -0.3810990271 2
0 0.245 0.165 -0.401534022 2
0 0.245 0.175 -0.4212196662 2
0 0.245 0.185 -0.440119222 2
0 0.245 0.195 -0.4581974187 2
0 0.245 0.205 -0.4754205184 2
0 0.245 0.215 -0.4917563791 2
0 0.245 0.225 -0.5071745143 2
0 0.245 0.235 -0.5216461505 2
0 0.245 0.245 -0.5351442805 2
0 0.245 0.255 -0.5476437138 2
0 0.245 0.265 -0.5591211236 2
0 0.245 0.275 -0.5695550906 2
0 0.245 0.285 -0.5789261428 2
0 0.245 0.295 -0.5872167916 2
0 0.245 0.305 -0.594411565 2
0 0.245 0.315 -0.6004970359 2
0 0.245 0.325 -0.6054618475 2
0 0.245 0.335 -0.6092967343 2
0 0.245 0.345 -0.6119945396 2
0 0.245 0.355 -0.6135502287 2
0 0.245 0.365 -0.6139608984 2
0 0.245 0.375 -0.6132257822 2
0 0.245 0.385 -0.611346252 2
0 0.245 0.395 -0.6083258155 2
0 0.245 0.405 -0.6041701095 2
0 0.245 0.415 -0.5988868893 2
0 0.245 0.425 -0.5924860148 2
0 0.245 0.435 -0.5849794312 2
0 0.245 0.445 -0.5763811476 2
0 0.245 0.455 -0.5667072101 2
0 0.245 0.465 -0.5559756726 2
0 0.245 0.475 -0.5442065624 2
0 0.245 0.485 -0.5314218432 2
0 0.245 0.495 -0.5176453742 2
0 0.245 0.505 0 2
0 0.245 0.515 0 2
0 0.245 0.525 0 2
0 0.245 0.535 0 2
0 0.245 0.545 0 2
0 0.245 0.555 0 2
0 0.245 0.565 0 1
0 0.255 -0.555 0 2
0 0.255 -0.545 0 2
0 0.255 -0.535 0 2
0 0.255 -0.525 0 2
0 0.255 -0.515 0 2
0 0.255 -0.505 0 2
0 0.255 -0.495 0.535411644 2
0 0.255 -0.485 0.5496609396 2
0 0.255 -0.475 0.5628844471 2
0 0.255 -0.465 0.5750574886 2
0 0.255 -0.455 0.5861573466 2
0 0.255 -0.445 0.5961633063 2
0 0.255 -0.435 0.6050566943 2
0 0.255 -0.425 0.6128209137 2
0 0.255 -0.415 0.6194414747 2
0 0.255 -0.405 0.6249060219 2
0 0.255 -0.395 0.6292043573 2
0 0.255 -0.385 0.6323284591 2
0 0.255 -0.375 0.6342724972 2
0 0.255 -0.365 0.6350328436 2
0 0.255 -0.355 0.6346080792 2
0 0.255 -0.345 0.6329989968 2
0 0.255 -0.335 0.6302085992 2
0 0.255 -0.325 0.6262420941 2
0 0.255 -0.315 0.6211068837 2
0 0.255 -0.305 0.6148125514 2
0 0.255 -0.295 0.6073708439 2
0 0.255 -0.285 0.5987956491 2
0 0.255 -0.275 0.5891029701 2
0 0.255 -0.265 0.5783108956 2
0 0.255 -0.255 0.566439566 2
0 0.255 -0.245 0.5535111358 2
0 0.255 -0.235 0.5395497322 2
0 0.255 -0.225 0.5245814104 2
0 0.255 -0.215 0.5086341045 2
0 0.255 -0.205 0.4917375757 2
0 0.255 -0.195 0.4739233565 2
0 0.255 -0.185 0.4552246923 2
0 0.255 -0.175 0.4356764789 2
0 0.255 -0.165 0.4153151975 2
0 0.255 -0.155 0.3941788468 2
0 0.255 -0.145 0.3723068717 2
0 0.255 -0.135 0.3497400903 2
0 0.255 -0.125 0.3265206171 2
0 0.255 -0.115 0.3026917847 2
0 0.255 -0.105 0.278298063 2
0 0.255 -0.095 0.253384976 2
0 0.255 -0.085 0.227999017 2
0 0.255 -0.075 0.2021875618 2
0 0.255 -0.065 0.1759987801 2
0 0.255 -0.055 0.1494815461 2
0 0.255 -0.045 0.1226853467 2
0 0.255 -0.035 0.09566018956 2
0 0.255 -0.025 0.06845650945 2
0 0.255 -0.015 0.04112507447 2
0 0.255 -0.005 0.01371689107 2
0 0.255 0.005 -0.01371689107 2
0 0.255 0.015 -0.04112507447 2
0 0.255 0.025 -0.06845650945 2
0 0.255 0.035 -0.09566018956 2
0 0.255 0.045 -0.1226853467 2
0 0.255 0.055 -0.1494815461 2
0 0.255 0.065 -0.1759987801 2
0 0.255 0.075 -0.2021875618 2
0 0.255 0.085 -0.227999017 2
0 0.255 0.095 -0.253384976 2
0 0.255 0.105 -0.278298063 2
0 0.255 0.115 -0.3026917847 2
0 0.255 0.125 -0.3265206171 2
0 0.255 0.135 -0.3497400903 2
0 0.255 0.145 -0.3723068717 2
0 0.255 0.155 -0.3941788468 2
0 0.255 0.165 -0.4153151975 2
0 0.255 0.175 -0.4356764789 2
0 0.255 0.185 -0.4552246923 2
0 0.255 0.195 -0.4739233565 2
0 0.255 0.205 -0.4917375757 2
0 0.255 0.215 -0.5086341045 2
0 0.255 0.225 -0.5245814104 2
0 0.255 0.235 -0.5395497322 2
0 0.255 0.245 -0.5535111358 2
0 0.255 0.255 -0.566439566 2
0 0.255 0.265 -0.5783108956 2
0 0.255 0.275 -0.5891029701 2
0 0.255 0.285 -0.5987956491 2
0 0.255 0.295 -0.6073708439 2
0 0.255 0.305 -0.6148125514 2
0 0.255 0.315 -0.6211068837 2
0 0.255 0.325 -0.6262420941 2
0 0.255 0.335 -0.6302085992 2
0 0.255 0.345 -0.6329989968 2
0 0.255 0.355 -0.6346080792 2
0 0.255 0.365 -0.6350328436 2
0 0.255 0.375 -0.6342724972 2
0 0.255 0.385 -0.6323284591 2
0 0.255 0.395 -0.6292043573 2
0 0.255 0.405 -0.6249060219 2
0 0.255 0.415 -0.6194414747 2
0 0.255 0.425 -0.6128209137 2
0 0.255 0.435 -0.6050566943 2
0 0.255 0.445 -0.5961633063 2
0 0.255 0.455 -0.5861573466 2
0 0.255 0.465 -0.5750574886 2
0 0.255 0.475 -0.5628844471 2
0 0.255 0.485 -0.5496609396 2
0 0.255 0.495 -0.535411644 2
0 0.255 0.505 0 2
0 0.255 0.515 0 2
0 0.255 0.525 0 2
0 0.255 0.535 0 2
0 0.255 0.545 0 2
0 0.255 0.555 0 2
0 0.255 0.565 0 1
0 0.265 -0.555 0 2
0 0.265 -0.545 0 2
0 0.265 -0.535 0 2
0 0.265 -0.525 0 2
0 0.265 -0.515 0 2
0 0.265 -0.505 0 2
0 0.265 -0.495 0.5527881138 2
0 0.265 -0.485 0.5674998619 2
0 0.265 -0.475 0.5811525305 2
0 0.265 -0.465 0.593720641 2
0 0.265 -0.455 0.6051807383 2
0 0.265 -0.445 0.6155114355 2
0 0.265 -0.435 0.6246934533 2
0 0.265 -0.425 0.6327096558 2
0 0.265 -0.415 0.6395450832 2
0 0.265 -0.405 0.6451869791 2
0 0.265 -0.395 0.6496248144 2
0 0.265 -0.385 0.6528503071 2
0 0.265 -0.375 0.6548574378 2
0 0.265 -0.365 0.6556424608 2
0 0.265 -0.355 0.6552039109 2
0 0.265 -0.345 0.6535426067 2
0 0.265 -0.335 0.6506616484 2
0 0.265 -0.325 0.6465664127 2
0 0.265 -0.315 0.641264542 2
0 0.265 -0.305 0.6347659309 2
0 0.265 -0.295 0.6270827072 2
0 0.265 -0.285 0.6182292095 2
0 0.265 -0.275 0.6082219603 2
0 0.265 -0.265 0.5970796354 2
0 0.265 -0.255 0.5848230287 2
0 0.265 -0.245 0.5714750139 2
0 0.265 -0.235 0.5570605012 2
0 0.265 -0.225 0.5416063914 2
0 0.265 -0.215 0.525141525 2
0 0.265 -0.205 0.5076966293 2
0 0.265 -0.195 0.4893042601 2
0 0.265 -0.185 0.4699987418 2
0 0.265 -0.175 0.4498161026 2
0 0.265 -0.165 0.4287940078 2
0 0.265 -0.155 0.4069716893 2
0 0.265 -0.145 0.3843898721 2
0 0.265 -0.135 0.3610906991 2
0 0.265 -0.125 0.3371176516 2
0 0.265 -0.115 0.3125154685 2
0 0.265 -0.105 0.2873300629 2
0 0.265 -0.095 0.2616084363 2
0 0.265 -0.085 0.2353985909 2
0 0.265 -0.075 0.2087494401 2
0 0.265 -0.065 0.181710717 2
0 0.265 -0.055 0.1543328817 2
0 0.265 -0.045 0.1266670275 2
0 0.265 -0.035 0.09876478471 2
0 0.265 -0.025 0.07067822518 2
0 0.265 -0.015 0.04245976456 2
0 0.265 -0.005 0.01416206469 2
0 0.265 0.005 -0.01416206469 2
0 0.265 0.015 -0.04245976456 2
0 0.265 0.025 -0.07067822518 2
0 0.265 0.035 -0.09876478471 2
0 0.265 0.045 -0.1266670275 2
0 0.265 0.055 -0.1543328817 2
0 0.265 0.065 -0.181710717 2
0 0.265 0.075 -0.2087494401 2
0 0.265 0.085 -0.2353985909 2
0 0.265 0.095 -0.2616084363 2
0 0.265 0.105 -0.2873300629 2
0 0.265 0.115 -0.3125154685 2
0 0.265 0.125 -0.3371176516 2
0 0.265 0.135 -0.3610906991 2
0 0.265 0.145 -0.3843898721 2
0 0.265 0.155 -0.4069716893 2
0 0.265 0.165 -0.4287940078 2
0 0.265 0.175 -0.4498161026 2
0 0.265 0.185 -0.4699987418 2
0 0.265 0.195 -0.4893042601 2
0 0.265 0.205 -0.5076966293 2
0 0.265 0.215 -0.525141525 2
0 0.265 0.225 -0.5416063914 2
0 0.265 0.235 -0.5570605012 2
0 0.265 0.245 -0.5714750139 2
0 0.265 0.255 -0.5848230287 2
0 0.265 0.265 -0.5970796354 2
0 0.265 0.275 -0.6082219603 2
0 0.265 0.285 -0.6182292095 2
0 0.265 0.295 -0.6270827072 2
0 0.265 0.305 -0.6347659309 2
0 0.265 0.315 -0.641264542 2
0 0.265 0.325 -0.6465664127 2
0 0.265 0.335 -0.6506616484 2
0 0.265 0.345 -0.6535426067 2
0 0.265 0.355 -0.6552039109 2
0 0.265 0.365 -0.6556424608 2
0 0.265 0.375 -0.6548574378 2
0 0.265 0.385 -0.6528503071 2
0 0.265 0.395 -0.6496248144 2
0 0.265 0.405 -0.6451869791 2
0 0.265 0.415 -0.6395450832 2
0 0.265 0.425 -0.6327096558 2
0 0.265 0.435 -0.6246934533 2
0 0.265 0.445 -0.6155114355 2
0 0.265 0.455 -0.6051807383 2
0 0.265 0.465 -0.593720641 2
0 0.265 0.475 -0.5811525305 2
0 0.265 0.485 -0.5674998619 2
0 0.265 0.495 -0.5527881138 2
0 0.265 0.505 0 2
0 0.265 0.515 0 2
0 0.265 0.525 0 2
0 0.265 0.535 0 2
0 0.265 0.545 0 2
0 0.265 0.555 0 2
0 0.265 0.565 0 2
0 0.275 -0.555 0 2
0 0.275 -0.545 0 2
0 0.275 -0.535 0 2
0 0.275 -0.525 0 2
0 0.275 -0.515 0 2
0 0.275 -0.505 0 2
0 0.275 -0.495 0.5697621329 2
0 0.275 -0.485 0.5849256227 2
0 0.275 -0.475 0.5989975129 2
0 0.275 -0.465 0.6119515422 2
0 0.275 -0.455 0.6237635355 2
0 0.275 -0.445 0.6344114491 2
0 0.275 -0.435 0.6438754116 2
0 0.275 -0.425 0.6521377613 2
0 0.275 -0.415 0.6591830787 2
0 0.275 -0.405 0.6649982157 2
0 0.275 -0.395 0.66957232 2
0 0.275 -0.385 0.6728968553 2
0 0.275 -0.375 0.6749656174 2
0 0.275 -0.365 0.6757747454 2
0 0.275 -0.355 0.6753227293 2
0 0.275 -0.345 0.6736104127 2
0 0.275 -0.335 0.6706409912 2
0 0.275 -0.325 0.6664200064 2
0 0.275 -0.315 0.6609553355 2
0 0.275 -0.305 0.6542571768 2
0 0.275 -0.295 0.6463380305 2
0 0.275 -0.285 0.6372126755 2
0 0.275 -0.275 0.6268981418 2
0 0.275 -0.265 0.6154136785 2
0 0.275 -0.255 0.6027807181 2
0 0.275 -0.245 0.5890228366 2
0 0.275 -0.235 0.5741657091 2
0 0.275 -0.225 0.5582370623 2
0 0.275 -0.215 0.5412666226 2
0 0.275 -0.205 0.5232860605 2
0 0.275 -0.195 0.5043289317 2
0 0.275 -0.185 0.4844306144 2
0 0.275 -0.175 0.4636282431 2
0 0.275 -0.165 0.4419606398 2
0 0.275 -0.155 0.4194682409 2
0 0.275 -0.145 0.3961930221 2
0 0.275 -0.135 0.3721784202 2
0 0.275 -0.125 0.3474692516 2
0 0.275 -0.115 0.3221116291 2
0 0.275 -0.105 0.2961528755 2
0 0.275 -0.095 0.2696414357 2
0 0.275 -0.085 0.2426267857 2
0 0.275 -0.075 0.2151593409 2
0 0.275 -0.065 0.1872903615 2
0 0.275 -0.055 0.1590718571 2
0 0.275 -0.045 0.1305564898 2
0 0.275 -0.035 0.1017974753 2
0 0.275 -0.025 0.07284848447 2
0 0.275 -0.015 0.04376354232 2
0 0.275 -0.005 0.0145969278 2
0 0.275 0.005 -0.0145969278 2
0 0.275 0.015 -0.04376354232 2
0 0.275 0.025 -0.07284848447 2
0 0.275 0.035 -0.1017974753 2
0 0.275 0.045 -0.1305564898 2
0 0.275 0.055 -0.1590718571 2
0 0.275 0.065 -0.1872903615 2
0 0.275 0.075 -0.2151593409 2
0 0.275 0.085 -0.2426267857 2
0 0.275 0.095 -0.2696414357 2
0 0.275 0.105 -0.2961528755 2
0 0.275 0.115 -0.3221116291 2
0 0.275 0.125 -0.3474692516 2
0 0.275 0.135 -0.3721784202 2
0 0.275 0.145 -0.3961930221 2
0 0.275 0.155 -0.4194682409 2
0 0.275 0.165 -0.4419606398 2
0 0.275 0.175 -0.4636282431 2
0 0.275 0.185 -0.4844306144 2
0 0.275 0.195 -0.5043289317 2
0 0.275 0.205 -0.5232860605 2
0 0.275 0.215 -0.5412666226 2
0 0.275 0.225 -0.5582370623 2
0 0.275 0.235 -0.5741657091 2
0 0.275 0.245 -0.5890228366 2
0 0.275 0.255 -0.6027807181 2
0 0.275 0.265 -0.6154136785 2
0 0.275 0.275 -0.6268981418 2
0 0.275 0.285 -0.6372126755 2
0 0.275 0.295 -0.6463380305 2
0 0.275 0.305 -0.6542571768 2
0 0.275 0.315 -0.6609553355 2
0 0.275 0.325 -0.6664200064 2
0 0.275 0.335 -0.6706409912 2
0 0.275 0.345 -0.6736104127 2
0 0.275 0.355 -0.6753227293 2
0 0.275 0.365 -0.6757747454 2
0 0.275 0.375 -0.6749656174 2
0 0.275 0.385 -0.6728968553 2
0 0.275 0.395 -0.66957232 2
0 0.275 0.405 -0.6649982157 2
0 0.275 0.415 -0.6591830787 2
0 0.275 0.425 -0.6521377613 2
0 0.275 0.435 -0.6438754116 2
0 0.275 0.445 -0.6344114491 2
0 0.275 0.455 -0.6237635355 2
0 0.275 0.465 -0.6119515422 2
0 0.275 0.475 -0.5989975129 2
0 0.275 0.485 -0.5849256227 2
0 0.275 0.495 -0.5697621329 2
0 0.275 0.505 0 2
0 0.275 0.515 0 2
0 0.275 0.525 0 2
0 0.275 0.535 0 2
0 0.275 0.545 0 2
0 0.275 0.555 0 2
0 0.275 0.565 0 2
0 0.285 -0.555 0 2
0 0.285 -0.545 0 2
0 0.285 -0.535 0 2
0 0.285 -0.525 0 2
0 0.285 -0.515 0 2
0 0.285 -0.505 0 2
0 0.285 -0.495 0.5863213435 2
0 0.285 -0.485 0.6019255355 2
0 0.285 -0.475 0.6164064023 2
0 0.285 -0.465 0.6297369194 2
0 0.285 -0.455 0.6418922091 2
0 0.285 -0.445 0.6528495871 2
0 0.285 -0.435 0.6625886043 2
0 0.285 -0.425 0.6710910857 2
0 0.285 -0.415 0.6783411638 2
0 0.285 -0.405 0.6843253083 2
0 0.285 -0.395 0.6890323515 2
0 0.285 -0.385 0.6924535091 2
0 0.285 -0.375 0.6945823963 2
0 0.285 -0.365 0.6954150403 2
0 0.285 -0.355 0.6949498871 2
0 0.285 -0.345 0.6931878049 2
0 0.285 -0.335 0.690132082 2
0 0.285 -0.325 0.685788421 2
0 0.285 -0.315 0.6801649283 2
0 0.285 -0.305 0.6732720985 2
0 0.285 -0.295 0.6651227952 2
0 0.285 -0.285 0.6557322266 2
0 0.285 -0.275 0.6451179177 2
0 0.285 -0.265 0.6332996771 2
0 0.285 -0.255 0.6202995603 2
0 0.285 -0.245 0.6061418283 2
0 0.285 -0.235 0.5908529025 2
0 0.285 -0.225 0.5744613155 2
0 0.285 -0.215 0.5569976575 2
0 0.285 -0.205 0.5384945196 2
0 0.285 -0.195 0.5189864326 2
0 0.285 -0.185 0.498509803 2
0 0.285 -0.175 0.4771028447 2
0 0.285 -0.165 0.4548055077 2
0 0.285 -0.155 0.4316594038 2
0 0.285 -0.145 0.4077077286 2
0 0.285 -0.135 0.3829951813 2
0 0.285 -0.125 0.3575678808 2
0 0.285 -0.115 0.3314732802 2
0 0.285 -0.105 0.3047600777 2
0 0.285 -0.095 0.2774781259 2
0 0.285 -0.085 0.249678339 2
0 0.285 -0.075 0.2214125975 2
0 0.285 -0.065 0.1927336515 2
0 0.285 -0.055 0.1636950222 2
0 0.285 -0.045 0.134350902 2
0 0.285 -0.035 0.1047560536 2
0 0.285 -0.025 0.07496570731 2
0 0.285 -0.015 0.04503545857 2
0 0.285 -0.005 0.01502116379 2
0 0.285 0.005 -0.01502116379 2
0 0.285 0.015 -0.04503545857 2
0 0.285 0.025 -0.07496570731 2
0 0.285 0.035 -0.1047560536 2
0 0.285 0.045 -0.134350902 2
0 0.285 0.055 -0.1636950222 2
0 0.285 0.065 -0.1927336515 2
0 0.285 0.075 -0.2214125975 2
0 0.285 0.085 -0.249678339 2
0 0.285 0.095 -0.2774781259 2
0 0.285 0.105 -0.3047600777 2
0 0.285 0.115 -0.3314732802 2
0 0.285 0.125 -0.3575678808 2
0 0.285 0.135 -0.3829951813 2
0 0.285 0.145 -0.4077077286 2
0 0.285 0.155 -0.4316594038 2
0 0.285 0.165 -0.4548055077 2
0 0.285 0.175 -0.4771028447 2
0 0.285 0.185 -0.498509803 2
0 0.285 0.195 -0.5189864326 2
0 0.285 0.205 -0.5384945196 2
0 0.285 0.215 -0.5569976575 2
0 0.285 0.225 -0.5744613155 2
0 0.285 0.235 -0.5908529025 2
0 0.285 0.245 -0.6061418283 2
0 0.285 0.255 -0.6202995603 2
0 0.285 0.265 -0.6332996771 2
0 0.285 0.275 -0.6451179177 2
0 0.285 0.285 -0.6557322266 2
0 0.285 0.295 -0.6651227952 2
0 0.285 0.305 -0.6732720985 2
0 0.285 0.315 -0.6801649283 2
0 0.285 0.325 -0.685788421 2
0 0.285 0.335 -0.690132082 2
0 0.285 0.345 -0.6931878049 2
0 0.285 0.355 -0.6949498871 2
0 0.285 0.365 -0.6954150403 2
0 0.285 0.375 -0.6945823963 2
0 0.285 0.385 -0.6924535091 2
0 0.285 0.395 -0.6890323515 2
0 0.285 0.405 -0.6843253083 2
0 0.285 0.415 -0.6783411638 2
0 0.285 0.425 -0.6710910857 2
0 0.285 0.435 -0.6625886043 2
0 0.285 0.445 -0.6528495871 2
0 0.285 0.455 -0.6418922091 2
0 0.285 0.465 -0.6297369194 2
0 0.285 0.475 -0.6164064023 2
0 0.285 0.485 -0.6019255355 2
0 0.285 0.495 -0.5863213435 2
0 0.285 0.505 0 2
0 0.285 0.515 0 2
0 0.285 0.525 0 2
0 0.285 0.535 0 2
0 0.285 0.545 0 2
0 0.285 0.555 0 2
0 0.285 0.565 0 2
0 0.295 -0.555 0 2
0 0.295 -0.545 0 2
0 0.295 -0.535 0 2
0 0.295 -0.525 0 2
0 0.295 -0.515 0 2
0 0.295 -0.505 0 2
0 0.295 -0.495 0.60245369 2
0 0.295 -0.485 0.6184872237 2
0 0.295 -0.475 0.6333665245 2
0 0.295 -0.465 0.6470638243 2
0 0.295 -0.455 0.6595535609 2
0 0.295 -0.445 0.6708124257 2
0 0.295 -0.435 0.6808194073 2
0 0.295 -0.425 0.6895558303 2
0 0.295 -0.415 0.6970053908 2
0 0.295 -0.405 0.7031541861 2
0 0.295 -0.395 0.7079907413 2
0 0.295 -0.385 0.7115060304 2
0 0.295 -0.375 0.7136934929 2
0 0.295 -0.365 0.7145490467 2
0 0.295 -0.355 0.7140710951 2
0 0.295 -0.345 0.71226053 2
0 0.295 -0.335 0.7091207303 2
0 0.295 -0.325 0.7046575557 2
0 0.295 -0.315 0.6988793353 2
0 0.295 -0.305 0.6917968527 2
0 0.295 -0.295 0.6834233252 2
0 0.295 -0.285 0.6737743797 2
0 0.295 -0.275 0.6628680233 2
0 0.295 -0.265 0.6507246095 2
0 0.295 -0.255 0.6373668008 2
0 0.295 -0.245 0.6228195257 2
0 0.295 -0.235 0.6071099326 2
0 0.295 -0.225 0.590267339 2
0 0.295 -0.215 0.572323177 2
0 0.295 -0.205 0.5533109342 2
0 0.295 -0.195 0.5332660918 2
0 0.295 -0.185 0.5122260577 2
0 0.295 -0.175 0.4902300973 2
0 0.295 -0.165 0.4673192599 2
0 0.295 -0.155 0.4435363022 2
0 0.295 -0.145 0.4189256083 2
0 0.295 -0.135 0.3935331073 2
0 0.295 -0.125 0.367406187 2
0 0.295 -0.115 0.3405936062 2
0 0.295 -0.105 0.3131454029 2
0 0.295 -0.095 0.2851128015 2
0 0.295 -0.085 0.256548117 2
0 0.295 -0.075 0.2275046574 2
0 0.295 -0.065 0.1980366242 2
0 0.295 -0.055 0.1681990111 2
0 0.295 -0.045 0.1380475017 2
0 0.295 -0.035 0.1076383654 2
0 0.295 -0.025 0.07702835226 2
0 0.295 -0.015 0.0462745873 2
0 0.295 -0.005 0.0154344638 2
0 0.295 0.005 -0.0154344638 2
0 0.295 0.015 -0.0462745873 2
0 0.295 0.025 -0.07702835226 2
0 0.295 0.035 -0.1076383654 2
0 0.295 0.045 -0.1380475017 2
0 0.295 0.055 -0.1681990111 2
0 0.295 0.065 -0.1980366242 2
0 0.295 0.075 -0.2275046574 2
0 0.295 0.085 -0.256548117 2
0 0.295 0.095 -0.2851128015 2
0 0.295 0.105 -0.3131454029 2
0 0.295 0.115 -0.3405936062 2
0 0.295 0.125 -0.367406187 2
0 0.295 0.135 -0.3935331073 2
0 0.295 0.145 -0.4189256083 2
0 0.295 0.155 -0.4435363022 2
0 0.295 0.165 -0.4673192599 2
0 0.295 0.175 -0.4902300973 2
0 0.295 0.185 -0.5122260577 2
0 0.295 0.195 -0.5332660918 2
0 0.295 0.205 -0.5533109342 2
0 0.295 0.215 -0.572323177 2
0 0.295 0.225 -0.590267339 2
0 0.295 0.235 -0.6071099326 2
0 0.295 0.245 -0.6228195257 2
0 0.295 0.255 -0.6373668008 2
0 0.295 0.265 -0.6507246095 2
0 0.295 0.275 -0.6628680233 2
0 0.295 0.285 -0.6737743797 2
0 0.295 0.295 -0.6834233252 2
0 0.295 0.305 -0.6917968527 2
0 0.295 0.315 -0.6988793353 2
0 0.295 0.325 -0.7046575557 2
0 0.295 0.335 -0.7091207303 2
0 0.295 0.345 -0.71226053 2
0 0.295 0.355 -0.7140710951 2
0 0.295 0.365 -0.7145490467 2
0 0.295 0.375 -0.7136934929 2
0 0.295 0.385 -0.7115060304 2
0 0.295 0.395 -0.7079907413 2
0 0.295 0.405 -0.7031541861 2
0 0.295 0.415 -0.6970053908 2
0 0.295 0.425 -0.6895558303 2
0 0.295 0.435 -0.6808194073 2
0 0.295 0.445 -0.6708124257 2
0 0.295 0.455 -0.6595535609 2
0 0.295 0.465 -0.6470638243 2
0 0.295 0.475 -0.6333665245 2
0 0.295 0.485 -0.6184872237 2
0 0.295 0.495 -0.60245369 2
0 0.295 0.505 0 2
0 0.295 0.515 0 2
0 0.295 0.525 0 2
0 0.295 0.535 0 2
0 0.295 0.545 0 2
0 0.295 0.555 0 2
0 0.295 0.565 0 2
0 0.305 -0.555 0 2
0 0.305 -0.545 0 2
0 0.305 -0.535 0 2
0 0.305 -0.525 0 2
0 0.305 -0.515 0 2
0 0.305 -0.505 0 2
0 0.305 -0.495 0.6181474273 2
0 0.305 -0.485 0.6345986297 2
0 0.305 -0.475 0.6498655318 2
0 0.305 -0.465 0.6639196422 2
0 0.305 -0.455 0.6767347326 2
0 0.305 -0.445 0.6882868875 2
0 0.305 -0.435 0.6985545479 2
0 0.305 -0.425 0.7075185522 2
0 0.305 -0.415 0.7151621714 2
0 0.305 -0.405 0.721471141 2
0 0.305 -0.395 0.7264336871 2
0 0.305 -0.385 0.7300405483 2
0 0.305 -0.375 0.7322849936 2
0 0.305 -0.365 0.7331628343 2
0 0.305 -0.355 0.7326724322 2
0 0.305 -0.345 0.7308147024 2
0 0.305 -0.335 0.7275931119 2
0 0.305 -0.325 0.7230136729 2
0 0.305 -0.315 0.7170849317 2
0 0.305 -0.305 0.7098179525 2
0 0.305 -0.295 0.7012262971 2
0 0.305 -0.285 0.6913259995 2
0 0.305 -0.275 0.6801355357 2
0 0.305 -0.265 0.6676757898 2
0 0.305 -0.255 0.6539700141 2
0 0.305 -0.245 0.6390437869 2
0 0.305 -0.235 0.6229249636 2
0 0.305 -0.225 0.6056436255 2
0 0.305 -0.215 0.5872320235 2
0 0.305 -0.205 0.5677245175 2
0 0.305 -0.195 0.5471575129 2
0 0.305 -0.185 0.5255693923 2
0 0.305 -0.175 0.5030004438 2
0 0.305 -0.165 0.479492786 2
0 0.305 -0.155 0.4550902894 2
0 0.305 -0.145 0.4298384943 2
0 0.305 -0.135 0.4037845263 2
0 0.305 -0.125 0.3769770076 2
0 0.305 -0.115 0.3494659671 2
0 0.305 -0.105 0.3213027464 2
0 0.305 -0.095 0.2925399042 2
0 0.305 -0.085 0.2632311182 2
0 0.305 -0.075 0.2334310853 2
0 0.305 -0.065 0.2031954186 2
0 0.305 -0.055 0.1725805447 2
0 0.305 -0.045 0.1416435976 2
0 0.305 -0.035 0.1104423124 2
0 0.305 -0.025 0.07903491765 2
0 0.305 -0.015 0.04748002637 2
0 0.305 -0.005 0.01583652694 2
0 0.305 0.005 -0.01583652694 2
0 0.305 0.015 -0.04748002637 2
0 0.305 0.025 -0.07903491765 2
0 0.305 0.035 -0.1104423124 2
0 0.305 0.045 -0.1416435976 2
0 0.305 0.055 -0.1725805447 2
0 0.305 0.065 -0.2031954186 2
0 0.305 0.075 -0.2334310853 2
0 0.305 0.085 -0.2632311182 2
0 0.305 0.095 -0.2925399042 2
0 0.305 0.105 -0.3213027464 2
0 0.305 0.115 -0.3494659671 2
0 0.305 0.125 -0.3769770076 2
0 0.305 0.135 -0.4037845263 2
0 0.305 0.145 -0.4298384943 2
0 0.305 0.155 -0.4550902894 2
0 0.305 0.165 -0.479492786 2
0 0.305 0.175 -0.5030004438 2
0 0.305 0.185 -0.5255693923 2
0 0.305 0.195 -0.5471575129 2
0 0.305 0.205 -0.5677245175 2
0 0.305 0.215 -0.5872320235 2
0 0.305 0.225 -0.6056436255 2
0 0.305 0.235 -0.6229249636 2
0 0.305 0.245 -0.6390437869 2
0 0.305 0.255 -0.6539700141 2
0 0.305 0.265 -0.6676757898 2
0 0.305 0.275 -0.6801355357 2
0 0.305 0.285 -0.6913259995 2
0 0.305 0.295 -0.7012262971 2
0 0.305 0.305 -0.7098179525 2
0 0.305 0.315 -0.7170849317 2
0 0.305 0.325 -0.7230136729 2
0 0.305 0.335 -0.7275931119 2
0 0.305 0.345 -0.7308147024 2
0 0.305 0.355 -0.7326724322 2
0 0.305 0.365 -0.7331628343 2
0 0.305 0.375 -0.7322849936 2
0 0.305 0.385 -0.7300405483 2
0 0.305 0.395 -0.7264336871 2
0 0.305 0.405 -0.721471141 2
0 0.305 0.415 -0.7151621714 2
0 0.305 0.425 -0.7075185522 2
0 0.305 0.435 -0.6985545479 2
0 0.305 0.445 -0.6882868875 2
0 0.305 0.455 -0.6767347326 2
0 0.305 0.465 -0.6639196422 2
0 0.305 0.475 -0.6498655318 2
0 0.305 0.485 -0.6345986297 2
0 0.305 0.495 -0.6181474273 2
0 0.305 0.505 0 2
0 0.305 0.515 0 2
0 0.305 0.525 0 2
0 0.305 0.535 0 2
0 0.305 0.545 0 2
0 0.305 0.555 0 2
0 0.305 0.565 0 2
0 0.315 -0.555 0 2
0 0.315 -0.545 0 2
0 0.315 -0.535 0 2
0 0.315 -0.525 0 2
0 0.315 -0.515 0 2
0 0.315 -0.505 0 2
0 0.315 -0.495 0.6333911298 2
0 0.315 -0.485 0.6502480239 2
0 0.315 -0.475 0.6658914124 2
0 0.315 -0.465 0.6802921013 2
0 0.315 -0.455 0.6934232158 2
0 0.315 -0.445 0.7052602503 2
0 0.315 -0.435 0.7157811143 2
0 0.315 -0.425 0.7249661736 2
0 0.315 -0.415 0.7327982869 2
0 0.315 -0.405 0.7392628376 2
0 0.315 -0.395 0.7443477615 2
0 0.315 -0.385 0.748043569 2
0 0.315 -0.375 0.750343363 2
0 0.315 -0.365 0.7512428516 2
0 0.315 -0.355 0.750740356 2
0 0.315 -0.345 0.748836814 2
0 0.315 -0.335 0.7455357781 2
0 0.315 -0.325 0.7408434088 2
0 0.315 -0.315 0.734768463 2
0 0.315 -0.305 0.7273222779 2
0 0.315 -0.295 0.7185187497 2
0 0.315 -0.285 0.7083743077 2
0 0.315 -0.275 0.6969078838 2
0 0.315 -0.265 0.6841408767 2
0 0.315 -0.255 0.6700971125 2
0 0.315 -0.245 0.6548027999 2
0 0.315 -0.235 0.6382864816 2
0 0.315 -0.225 0.6205789805 2
0 0.315 -0.215 0.6017133428 2
0 0.315 -0.205 0.5817247758 2
0 0.315 -0.195 0.5606505827 2
0 0.315 -0.185 0.5385300925 2
0 0.315 -0.175 0.5154045869 2
0 0.315 -0.165 0.4913172231 2
0 0.315 -0.155 0.4663129535 2
0 0.315 -0.145 0.4404384416 2
0 0.315 -0.135 0.4137419748 2
0 0.315 -0.125 0.3862733747 2
0 0.315 -0.115 0.3580839036 2
0 0.315 -0.105 0.3292261693 2
0 0.315 -0.095 0.2997540267 2
0 0.315 -0.085 0.2697224772 2
0 0.315 -0.075 0.2391875664 2
0 0.315 -0.065 0.2082062791 2
0 0.315 -0.055 0.1768364331 2
0 0.315 -0.045 0.1451365715 2
0 0.315 -0.035 0.1131658532 2
0 0.315 -0.025 0.08098394262 2
0 0.315 -0.015 0.04865089818 2
0 0.315 -0.005 0.01622706048 2
0 0.315 0.005 -0.01622706048 2
0 0.315 0.015 -0.04865089818 2
0 0.315 0.025 -0.08098394262 2
0 0.315 0.035 -0.1131658532 2
0 0.315 0.045 -0.1451365715 2
0 0.315 0.055 -0.1768364331 2
0 0.315 0.065 -0.2082062791 2
0 0.315 0.075 -0.2391875664 2
0 0.315 0.085 -0.2697224772 2
0 0.315 0.095 -0.2997540267 2
0 0.315 0.105 -0.3292261693 2
0 0.315 0.115 -0.3580839036 2
0 0.315 0.125 -0.3862733747 2
0 0.315 0.135 -0.4137419748 2
0 0.315 0.145 -0.4404384416 2
0 0.315 0.155 -0.4663129535 2
0 0.315 0.165 -0.4913172231 2
0 0.315 0.175 -0.5154045869 2
0 0.315 0.185 -0.5385300925 2
0 0.315 0.195 -0.5606505827 2
0 0.315 0.205 -0.5817247758 2
0 0.315 0.215 -0.6017133428 2
0 0.315 0.225 -0.6205789805 2
0 0.315 0.235 -0.6382864816 2
0 0.315 0.245 -0.6548027999 2
0 0.315 0.255 -0.6700971125 2
0 0.315 0.265 -0.6841408767 2
0 0.315 0.275 -0.6969078838 2
0 0.315 0.285 -0.7083743077 2
0 0.315 0.295 -0.7185187497 2
0 0.315 0.305 -0.7273222779 2
0 0.315 0.315 -0.734768463 2
0 0.315 0.325 -0.7408434088 2
0 0.315 0.335 -0.7455357781 2
0 0.315 0.345 -0.748836814 2
0 0.315 0.355 -0.750740356 2
0 0.315 0.365 -0.7512428516 2
0 0.315 0.375 -0.750343363 2
0 0.315 0.385 -0.748043569 2
0 0.315 0.395 -0.7443477615 2
0 0.315 0.405 -0.7392628376 2
0 0.315 0.415 -0.7327982869 2
0 0.315 0.425 -0.7249661736 2
0 0.315 0.435 -0.7157811143 2
0 0.315 0.445 -0.7052602503 2
0 0.315 0.455 -0.6934232158 2
0 0.315 0.465 -0.6802921013 2
0 0.315 0.475 -0.6658914124 2
0 0.315 0.485 -0.6502480239 2
0 0.315 0.495 -0.6333911298 2
0 0.315 0.505 0 2
0 0.315 0.515 0 2
0 0.315 0.525 0 2
0 0.315 0.535 0 2
0 0.315 0.545 0 2
0 0.315 0.555 0 2
0 0.315 0.565 0 2
0 0.325 -0.555 0 2
0 0.325 -0.545 0 2
0 0.325 -0.535 0 2
0 0.325 -0.525 0 2
0 0.325 -0.515 0 2
0 0.325 -0.505 0 2
0 0.325 -0.495 0.6481736995 2
0 0.325 -0.485 0.6654240128 2
0 0.325 -0.475 0.6814324987 2
0 0.325 -0.465 0.696169282 2
0 0.325 -0.455 0.7096068606 2
0 0.325 -0.445 0.7217201569 2
0 0.325 -0.435 0.732486565 2
0 0.325 -0.425 0.7418859922 2
0 0.325 -0.415 0.7499008973 2
0 0.325 -0.405 0.7565163227 2
0 0.325 -0.395 0.7617199225 2
0 0.325 -0.385 0.7655019856 2
0 0.325 -0.375 0.767855454 2
0 0.325 -0.365 0.7687759355 2
0 0.325 -0.355 0.7682617123 2
0 0.325 -0.345 0.766313744 2
0 0.325 -0.335 0.762935666 2
0 0.325 -0.325 0.7581337825 2
0 0.325 -0.315 0.7519170549 2
0 0.325 -0.305 0.744297085 2
0 0.325 -0.295 0.7352880933 2
0 0.325 -0.285 0.7249068926 2
0 0.325 -0.275 0.7131728564 2
0 0.325 -0.265 0.7001078831 2
0 0.325 -0.255 0.6857363547 2
0 0.325 -0.245 0.6700850917 2
0 0.325 -0.235 0.6531833028 2
0 0.325 -0.225 0.6350625304 2
0 0.325 -0.215 0.6157565919 2
0 0.325 -0.205 0.5953015164 2
0 0.325 -0.195 0.5737354775 2
0 0.325 -0.185 0.5510987223 2
0 0.325 -0.175 0.5274334958 2
0 0.325 -0.165 0.5027839626 2
0 0.325 -0.155 0.4771961242 2
0 0.325 -0.145 0.450717733 2
0 0.325 -0.135 0.4233982035 2
0 0.325 -0.125 0.39528852 2
0 0.325 -0.115 0.3664411413 2
0 0.325 -0.105 0.336909903 2
0 0.325 -0.095 0.3067499169 2
0 0.325 -0.085 0.276017468 2
0 0.325 -0.075 0.24476991 2
0 0.325 -0.065 0.2130655575 2
0 0.325 -0.055 0.1809635779 2
0 0.325 -0.045 0.1485238806 2
0 0.325 -0.035 0.115807005 2
0 0.325 -0.025 0.08287400821 2
0 0.325 -0.015 0.04978635029 2
0 0.325 -0.005 0.01660578011 2
0 0.325 0.005 -0.01660578011 2
0 0.325 0.015 -0.04978635029 2
0 0.325 0.025 -0.08287400821 2
0 0.325 0.035 -0.115807005 2
0 0.325 0.045 -0.1485238806 2
0 0.325 0.055 -0.1809635779 2
0 0.325 0.065 -0.2130655575 2
0 0.325 0.075 -0.24476991 2
0 0.325 0.085 -0.276017468 2
0 0.325 0.095 -0.3067499169 2
0 0.325 0.105 -0.336909903 2
0 0.325 0.115 -0.3664411413 2
0 0.325 0.125 -0.39528852 2
0 0.325 0.135 -0.4233982035 2
0 0.325 0.145 -0.450717733 2
0 0.325 0.155 -0.4771961242 2
0 0.325 0.165 -0.5027839626 2
0 0.325 0.175 -0.5274334958 2
0 0.325 0.185 -0.5510987223 2
0 0.325 0.195 -0.5737354775 2
0 0.325 0.205 -0.5953015164 2
0 0.325 0.215 -0.6157565919 2
0 0.325 0.225 -0.6350625304 2
0 0.325 0.235 -0.6531833028 2
0 0.325 0.245 -0.6700850917 2
0 0.325 0.255 -0.6857363547 2
0 0.325 0.265 -0.7001078831 2
0 0.325 0.275 -0.7131728564 2
0 0.325 0.285 -0.7249068926 2
0 0.325 0.295 -0.7352880933 2
0 0.325 0.305 -0.744297085 2
0 0.325 0.315 -0.7519170549 2
0 0.325 0.325 -0.7581337825 2
0 0.325 0.335 -0.762935666 2
0 0.325 0.345 -0.766313744 2
0 0.325 0.355 -0.7682617123 2
0 0.325 0.365 -0.7687759355 2
0 0.325 0.375 -0.767855454 2
0 0.325 0.385 -0.7655019856 2
0 0.325 0.395 -0.7617199225 2
0 0.325 0.405 -0.7565163227 2
0 0.325 0.415 -0.7499008973 2
0 0.325 0.425 -0.7418859922 2
0 0.325 0.435 -0.732486565 2
0 0.325 0.445 -0.7217201569 2
0 0.325 0.455 -0.7096068606 2
0 0.325 0.465 -0.696169282 2
0 0.325 0.475 -0.6814324987 2
0 0.325 0.485 -0.6654240128 2
0 0.325 0.495 -0.6481736995 2
0 0.325 0.505 0 2
0 0.325 0.515 0 2
0 0.325 0.525 0 2
0 0.325 0.535 0 2
0 0.325 0.545 0 2
0 0.325 0.555 0 2
0 0.325 0.565 0 2
0 0.335 -0.555 0 2
0 0.335 -0.545 0 2
0 0.335 -0.535 0 2
0 0.335 -0.525 0 2
0 0.335 -0.515 0 2
0 0.335 -0.505 0 2
0 0.335 -0.495 0.6624843742 2
0 0.335 -0.485 0.6801155478 2
0 0.335 -0.475 0.6964774764 2
0 0.335 -0.465 0.7115396251 2
0 0.335 -0.455 0.7252738846 2
0 0.335 -0.445 0.7376546238 2
0 0.335 -0.435 0.7486587376 2
0 0.335 -0.425 0.7582656897 2
0 0.335 -0.415 0.7664575515 2
0 0.335 -0.405 0.7732190353 2
0 0.335 -0.395 0.7785375225 2
0 0.335 -0.385 0.7824030878 2
0 0.335 -0.375 0.7848085171 2
0 0.335 -0.365 0.7857493214 2
0 0.335 -0.355 0.7852237449 2
0 0.335 -0.345 0.7832327685 2
0 0.335 -0.335 0.7797801077 2
0 0.335 -0.325 0.7748722061 2
0 0.335 -0.315 0.7685182228 2
0 0.335 -0.305 0.7607300157 2
0 0.335 -0.295 0.7515221193 2
0 0.335 -0.285 0.7409117177 2
0 0.335 -0.275 0.7289186121 2
0 0.335 -0.265 0.7155651843 2
0 0.335 -0.255 0.7008763548 2
0 0.335 -0.245 0.6848795361 2
0 0.335 -0.235 0.6676045818 2
0 0.335 -0.225 0.6490837307 2
0 0.335 -0.215 0.6293515469 2
0 0.335 -0.205 0.6084448549 2
0 0.335 -0.195 0.5864026712 2
0 0.335 -0.185 0.5632661313 2
0 0.335 -0.175 0.5390784132 2
0 0.335 -0.165 0.5138846564 2
0 0.335 -0.155 0.4877318779 2
0 0.335 -0.145 0.4606688847 2
0 0.335 -0.135 0.4327461822 2
0 0.335 -0.125 0.4040158803 2
0 0.335 -0.115 0.3745315961 2
0 0.335 -0.105 0.3443483536 2
0 0.335 -0.095 0.3135224815 2
0 0.335 -0.085 0.2821115076 2
0 0.335 -0.075 0.2501740517 2
0 0.335 -0.065 0.2177697161 2
0 0.335 -0.055 0.1849589744 2
0 0.335 -0.045 0.1518030586 2
0 0.335 -0.035 0.1183638449 2
0 0.335 -0.025 0.08470373838 2
0 0.335 -0.015 0.05088555605 2
0 0.335 -0.005 0.0169724101 2
0 0.335 0.005 -0.0169724101 2
0 0.335 0.015 -0.05088555605 2
0 0.335 0.025 -0.08470373838 2
0 0.335 0.035 -0.1183638449 2
0 0.335 0.045 -0.1518030586 2
0 0.335 0.055 -0.1849589744 2
0 0.335 0.065 -0.2177697161 2
0 0.335 0.075 -0.2501740517 2
0 0.335 0.085 -0.2821115076 2
0 0.335 0.095 -0.3135224815 2
0 0.335 0.105 -0.3443483536 2
0 0.335 0.115 -0.3745315961 2
0 0.335 0.125 -0.4040158803 2
0 0.335 0.135 -0.4327461822 2
0 0.335 0.145 -0.4606688847 2
0 0.335 0.155 -0.4877318779 2
0 0.335 0.165 -0.5138846564 2
0 0.335 0.175 -0.5390784132 2
0 0.335 0.185 -0.5632661313 2
0 0.335 0.195 -0.5864026712 2
0 0.335 0.205 -0.6084448549 2
0 0.335 0.215 -0.6293515469 2
0 0.335 0.225 -0.6490837307 2
0 0.335 0.235 -0.6676045818 2
0 0.335 0.245 -0.6848795361 2
0 0.335 0.255 -0.7008763548 2
0 0.335 0.265 -0.7155651843 2
0 0.335 0.275 -0.7289186121 2
0 0.335 0.285 -0.7409117177 2
0 0.335 0.295 -0.7515221193 2
0 0.335 0.305 -0.7607300157 2
0 0.335 0.315 -0.7685182228 2
0 0.335 0.325 -0.7748722061 2
0 0.335 0.335 -0.7797801077 2
0 0.335 0.345 -0.7832327685 2
0 0.335 0.355 -0.7852237449 2
0 0.335 0.365 -0.7857493214 2
0 0.335 0.375 -0.7848085171 2
0 0.335 0.385 -0.7824030878 2
0 0.335 0.395 -0.7785375225 2
0 0.335 0.405 -0.7732190353 2
0 0.335 0.415 -0.7664575515 2
0 0.335 0.425 -0.7582656897 2
0 0.335 0.435 -0.7486587376 2
0 0.335 0.445 -0.7376546238 2
0 0.335 0.455 -0.7252738846 2
0 0.335 0.465 -0.7115396251 2
0 0.335 0.475 -0.6964774764 2
0 0.335 0.485 -0.6801155478 2
0 0.335 0.495 -0.6624843742 2
0 0.335 0.505 0 2
0 0.335 0.515 0 2
0 0.335 0.525 0 2
0 0.335 0.535 0 2
0 0.335 0.545 0 2
0 0.335 0.555 0 2
0 0.335 0.565 0 2
0 0.345 -0.555 0 2
0 0.345 -0.545 0 2
0 0.345 -0.535 0 2
0 0.345 -0.525 0 2
0 0.345 -0.515 0 2
0 0.345 -0.505 0 2
0 0.345 -0.495 0.6763127351 2
0 0.345 -0.485 0.6943119328 2
0 0.345 -0.475 0.711015392 2
0 0.345 -0.465 0.7263919403 2
0 0.345 -0.455 0.7404128818 2
0 0.345 -0.445 0.7530520502 2
0 0.345 -0.435 0.7642858582 2
0 0.345 -0.425 0.7740933409 2
0 0.345 -0.415 0.7824561955 2
0 0.345 -0.405 0.789358815 2
0 0.345 -0.395 0.7947883176 2
0 0.345 -0.385 0.7987345707 2
0 0.345 -0.375 0.8011902098 2
0 0.345 -0.365 0.8021506519 2
0 0.345 -0.355 0.8016141048 2
0 0.345 -0.345 0.7995815698 2
0 0.345 -0.335 0.79605684 2
0 0.345 -0.325 0.7910464933 2
0 0.345 -0.315 0.7845598801 2
0 0.345 -0.305 0.776609106 2
0 0.345 -0.295 0.7672090087 2
0 0.345 -0.285 0.756377131 2
0 0.345 -0.275 0.7441336874 2
0 0.345 -0.265 0.730501527 2
0 0.345 -0.255 0.7155060903 2
0 0.345 -0.245 0.6991753622 2
0 0.345 -0.235 0.6815398193 2
0 0.345 -0.225 0.6626323734 2
0 0.345 -0.215 0.6424883101 2
0 0.345 -0.205 0.6211452225 2
0 0.345 -0.195 0.5986429415 2
0 0.345 -0.185 0.5750234613 2
0 0.345 -0.175 0.550330861 2
0 0.345 -0.165 0.5246112226 2
0 0.345 -0.155 0.4979125444 2
0 0.345 -0.145 0.4702846521 2
0 0.345 -0.135 0.4417791053 2
0 0.345 -0.125 0.4124491017 2
0 0.345 -0.115 0.3823493776 2
0 0.345 -0.105 0.3515361055 2
0 0.345 -0.095 0.3200667899 2
0 0.345 -0.085 0.2880001593 2
0 0.345 -0.075 0.2553960573 2
0 0.345 -0.065 0.2223153301 2
0 0.345 -0.055 0.1888197136 2
0 0.345 -0.045 0.1549717182 2
0 0.345 -0.035 0.1208345115 2
0 0.345 -0.025 0.08647180101 2
0 0.345 -0.015 0.05194771519 2
0 0.345 -0.005 0.01732668353 2
0 0.345 0.005 -0.01732668353 2
0 0.345 0.015 -0.05194771519 2
0 0.345 0.025 -0.08647180101 2
0 0.345 0.035 -0.1208345115 2
0 0.345 0.045 -0.1549717182 2
0 0.345 0.055 -0.1888197136 2
0 0.345 0.065 -0.2223153301 2
0 0.345 0.075 -0.2553960573 2
0 0.345 0.085 -0.2880001593 2
0 0.345 0.095 -0.3200667899 2
0 0.345 0.105 -0.3515361055 2
0 0.345 0.115 -0.3823493776 2
0 0.345 0.125 -0.4124491017 2
0 0.345 0.135 -0.4417791053 2
0 0.345 0.145 -0.4702846521 2
0 0.345 0.155 -0.4979125444 2
0 0.345 0.165 -0.5246112226 2
0 0.345 0.175 -0.550330861 2
0 0.345 0.185 -0.5750234613 2
0 0.345 0.195 -0.5986429415 2
0 0.345 0.205 -0.6211452225 2
0 0.345 0.215 -0.6424883101 2
0 0.345 0.225 -0.6626323734 2
0 0.345 0.235 -0.6815398193 2
0 0.345 0.245 -0.6991753622 2
0 0.345 0.255 -0.7155060903 2
0 0.345 0.265 -0.730501527 2
0 0.345 0.275 -0.7441336874 2
0 0.345 0.285 -0.756377131 2
0 0.345 0.295 -0.7672090087 2
0 0.345 0.305 -0.776609106 2
0 0.345 0.315 -0.7845598801 2
0 0.345 0.325 -0.7910464933 2
0 0.345 0.335 -0.79605684 2
0 0.345 0.345 -0.7995815698 2
0 0.345 0.355 -0.8016141048 2
0 0.345 0.365 -0.8021506519 2
0 0.345 0.375 -0.8011902098 2
0 0.345 0.385 -0.7987345707 2
0 0.345 0.395 -0.7947883176 2
0 0.345 0.405 -0.789358815 2
0 0.345 0.415 -0.7824561955 2
0 0.345 0.425 -0.7740933409 2
0 0.345 0.435 -0.7642858582 2
0 0.345 0.445 -0.7530520502 2
0 0.345 0.455 -0.7404128818 2
0 0.345 0.465 -0.7263919403 2
0 0.345 0.475 -0.711015392 2
0 0.345 0.485 -0.6943119328 2
0 0.345 0.495 -0.6763127351 2
0 0.345 0.505 0 2
0 0.345 0.515 0 2
0 0.345 0.525 0 2
0 0.345 0.535 0 2
0 0.345 0.545 0 2
0 0.345 0.555 0 2
0 0.345 0.565 0 2
0 0.355 -0.555 0 2
0 0.355 -0.545 0 2
0 0.355 -0.535 0 2
0 0.355 -0.525 0 2
0 0.355 -0.515 0 2
0 0.355 -0.505 0 2
0 0.355 -0.495 0.6896487147 2
0 0.355 -0.485 0.7080028324 2
0 0.355 -0.475 0.7250356614 2
0 0.355 -0.465 0.7407154146 2
0 0.355 -0.455 0.7550128302 2
0 0.355 -0.445 0.7679012261 2
0 0.355 -0.435 0.7793565497 2
0 0.355 -0.425 0.7893574228 2
0 0.355 -0.415 0.7978851817 2
0 0.355 -0.405 0.8049239116 2
0 0.355 -0.395 0.8104604767 2
0 0.355 -0.385 0.8144845447 2
0 0.355 -0.375 0.8169886056 2
0 0.355 -0.365 0.8179679864 2
0 0.355 -0.355 0.8174208593 2
0 0.355 -0.345 0.8153482454 2
0 0.355 -0.335 0.8117540126 2
0 0.355 -0.325 0.8066448686 2
0 0.355 -0.315 0.8000303482 2
0 0.355 -0.305 0.7919227954 2
0 0.355 -0.295 0.7823373409 2
0 0.355 -0.285 0.771291873 2
0 0.355 -0.275 0.7588070052 2
0 0.355 -0.265 0.7449060369 2
0 0.355 -0.255 0.7296149103 2
0 0.355 -0.245 0.7129621621 2
0 0.355 -0.235 0.69497887 2
0 0.355 -0.225 0.6756985947 2
0 0.355 -0.215 0.6551573174 2
0 0.355 -0.205 0.6333933727 2
0 0.355 -0.195 0.6104473769 2
0 0.355 -0.185 0.5863621523 2
0 0.355 -0.175 0.5611826471 2
0 0.355 -0.165 0.5349558519 2
0 0.355 -0.155 0.5077307116 2
0 0.355 -0.145 0.4795580343 2
0 0.355 -0.135 0.4504903964 2
0 0.355 -0.125 0.4205820445 2
0 0.355 -0.115 0.3898887942 2
0 0.355 -0.105 0.3584679258 2
0 0.355 -0.095 0.3263780775 2
0 0.355 -0.085 0.293679136 2
0 0.355 -0.075 0.2604321248 2
0 0.355 -0.065 0.22669909 2
0 0.355 -0.055 0.192542985 2
0 0.355 -0.045 0.1580275525 2
0 0.355 -0.035 0.1232172059 2
0 0.355 -0.025 0.08817690889 2
0 0.355 -0.015 0.05297205443 2
0 0.355 -0.005 0.01766834248 2
0 0.355 0.005 -0.01766834248 2
0 0.355 0.015 -0.05297205443 2
0 0.355 0.025 -0.08817690889 2
0 0.355 0.035 -0.1232172059 2
0 0.355 0.045 -0.1580275525 2
0 0.355 0.055 -0.192542985 2
0 0.355 0.065 -0.22669909 2
0 0.355 0.075 -0.2604321248 2
0 0.355 0.085 -0.293679136 2
0 0.355 0.095 -0.3263780775 2
0 0.355 0.105 -0.3584679258 2
0 0.355 0.115 -0.3898887942 2
0 0.355 0.125 -0.4205820445 2
0 0.355 0.135 -0.4504903964 2
0 0.355 0.145 -0.4795580343 2
0 0.355 0.155 -0.5077307116 2
0 0.355 0.165 -0.5349558519 2
0 0.355 0.175 -0.5611826471 2
0 0.355 0.185 -0.5863621523 2
0 0.355 0.195 -0.6104473769 2
0 0.355 0.205 -0.6333933727 2
0 0.355 0.215 -0.6551573174 2
0 0.355 0.225 -0.6756985947 2
0 0.355 0.235 -0.69497887 2
0 0.355 0.245 -0.7129621621 2
0 0.355 0.255 -0.7296149103 2
0 0.355 0.265 -0.7449060369 2
0 0.355 0.275 -0.7588070052 2
0 0.355 0.285 -0.771291873 2
0 0.355 0.295 -0.7823373409 2
0 0.355 0.305 -0.7919227954 2
0 0.355 0.315 -0.8000303482 2
0 0.355 0.325 -0.8066448686 2
0 0.355 0.335 -0.8117540126 2
0 0.355 0.345 -0.8153482454 2
0 0.355 0.355 -0.8174208593 2
0 0.355 0.365 -0.8179679864 2
0 0.355 0.375 -0.8169886056 2
0 0.355 0.385 -0.8144845447 2
0 0.355 0.395 -0.8104604767 2
0 0.355 0.405 -0.8049239116 2
0 0.355 0.415 -0.7978851817 2
0 0.355 0.425 -0.7893574228 2
0 0.355 0.435 -0.7793565497 2
0 0.355 0.445 -0.7679012261 2
0 0.355 0.455 -0.7550128302 2
0 0.355 0.465 -0.7407154146 2
0 0.355 0.475 -0.7250356614 2
0 0.355 0.485 -0.7080028324 2
0 0.355 0.495 -0.6896487147 2
0 0.355 0.505 0 2
0 0.355 0.515 0 2
0 0.355 0.525 0 2
0 0.355 0.535 0 2
0 0.355 0.545 0 2
0 0.355 0.555 0 2
0 0.355 0.565 0 2
0 0.365 -0.555 0 1
0 0.365 -0.545 0 1
0 0.365 -0.535 0 1
0 0.365 -0.525 0 2
0 0.365 -0.515 0 2
0 0.365 -0.505 0 2
0 0.365 -0.495 0.7024826038 2
0 0.365 -0.485 0.7211782791 2
0 0.365 -0.475 0.7385280773 2
0 0.365 -0.465 0.75449962 2
0 0.365 -0.455 0.7690631007 2
0 0.365 -0.445 0.7821913408 2
0 0.365 -0.435 0.7938598401 2
0 0.365 -0.425 0.8040468226 2
0 0.365 -0.415 0.8127332772 2
0 0.365 -0.405 0.819902993 2
0 0.365 -0.395 0.8255425898 2
0 0.365 -0.385 0.8296415429 2
0 0.365 -0.375 0.8321922027 2
0 0.365 -0.365 0.8331898091 2
0 0.365 -0.355 0.8326325003 2
0 0.365 -0.345 0.8305213165 2
0 0.365 -0.335 0.8268601975 2
0 0.365 -0.325 0.8216559759 2
0 0.365 -0.315 0.8149183638 2
0 0.365 -0.305 0.806659935 2
0 0.365 -0.295 0.7968961017 2
0 0.365 -0.285 0.7856450853 2
0 0.365 -0.275 0.7729278826 2
0 0.365 -0.265 0.7587682268 2
0 0.365 -0.255 0.7431925429 2
0 0.365 -0.245 0.7262298985 2
0 0.365 -0.235 0.7079119497 2
0 0.365 -0.225 0.6882728817 2
0 0.365 -0.215 0.6673493453 2
0 0.365 -0.205 0.6451803886 2
0 0.365 -0.195 0.6218073836 2
0 0.365 -0.185 0.5972739494 2
0 0.365 -0.175 0.571625871 2
0 0.365 -0.165 0.5449110131 2
0 0.365 -0.155 0.5171792316 2
0 0.365 -0.145 0.4884822801 2
0 0.365 -0.135 0.4588737135 2
0 0.365 -0.125 0.4284087877 2
0 0.365 -0.115 0.397144357 2
0 0.365 -0.105 0.3651387678 2
0 0.365 -0.095 0.3324517494 2
0 0.365 -0.085 0.2991443031 2
0 0.365 -0.075 0.2652785879 2
0 0.365 -0.065 0.2309178045 2
0 0.365 -0.055 0.1961260778 2
0 0.365 -0.045 0.1609683368 2
0 0.365 -0.035 0.1255101935 2
0 0.365 -0.025 0.08981782063 2
0 0.365 -0.015 0.053957828 2
0 0.365 -0.005 0.0179971382 2
0 0.365 0.005 -0.0179971382 2
0 0.365 0.015 -0.053957828 2
0 0.365 0.025 -0.08981782063 2
0 0.365 0.035 -0.1255101935 2
0 0.365 0.045 -0.1609683368 2
0 0.365 0.055 -0.1961260778 2
0 0.365 0.065 -0.2309178045 2
0 0.365 0.075 -0.2652785879 2
0 0.365 0.085 -0.2991443031 2
0 0.365 0.095 -0.3324517494 2
0 0.365 0.105 -0.3651387678 2
0 0.365 0.115 -0.397144357 2
0 0.365 0.125 -0.4284087877 2
0 0.365 0.135 -0.4588737135 2
0 0.365 0.145 -0.4884822801 2
0 0.365 0.155 -0.5171792316 2
0 0.365 0.165 -0.5449110131 2
0 0.365 0.175 -0.571625871 2
0 0.365 0.185 -0.5972739494 2
0 0.365 0.195 -0.6218073836 2
0 0.365 0.205 -0.6451803886 2
0 0.365 0.215 -0.6673493453 2
0 0.365 0.225 -0.6882728817 2
0 0.365 0.235 -0.7079119497 2
0 0.365 0.245 -0.7262298985 2
0 0.365 0.255 -0.7431925429 2
0 0.365 0.265 -0.7587682268 2
0 0.365 0.275 -0.7729278826 2
0 0.365 0.285 -0.7856450853 2
0 0.365 0.295 -0.7968961017 2
0 0.365 0.305 -0.806659935 2
0 0.365 0.315 -0.8149183638 2
0 0.365 0.325 -0.8216559759 2
0 0.365 0.335 -0.8268601975 2
0 0.365 0.345 -0.8305213165 2
0 0.365 0.355 -0.8326325003 2
0 0.365 0.365 -0.8331898091 2
0 0.365 0.375 -0.8321922027 2
0 0.365 0.385 -0.8296415429 2
0 0.365 0.395 -0.8255425898 2
0 0.365 0.405 -0.819902993 2
0 0.365 0.415 -0.8127332772 2
0 0.365 0.425 -0.8040468226 2
0 0.365 0.435 -0.7938598401 2
0 0.365 0.445 -0.7821913408 2
0 0.365 0.455 -0.7690631007 2
0 0.365 0.465 -0.75449962 2
0 0.365 0.475 -0.7385280773 2
0 0.365 0.485 -0.7211782791 2
0 0.365 0.495 -0.7024826038 2
0 0.365 0.505 0 2
0 0.365 0.515 0 2
0 0.365 0.525 0 2
0 0.365 0.535 0 2
0 0.365 0.545 0 2
0 0.365 0.555 0 2
0 0.365 0.565 0 2
0 0.375 -0.555 0 1
0 0.375 -0.545 0 1
0 0.375 -0.535 0 1
0 0.375 -0.525 0 1
0 0.375 -0.515 0 1
0 0.375 -0.505 0 2
0 0.375 -0.495 0.714805059 2
0 0.375 -0.485 0.7338286806 2
0 0.375 -0.475 0.7514828168 2
0 0.375 -0.465 0.767734521 2
0 0.375 -0.455 0.7825534641 2
0 0.375 -0.445 0.7959119905 2
0 0.375 -0.435 0.8077851704 2
0 0.375 -0.425 0.8181508458 2
0 0.375 -0.415 0.826989672 2
0 0.375 -0.405 0.834285154 2
0 0.375 -0.395 0.8400236766 2
0 0.375 -0.385 0.8441945306 2
0 0.375 -0.375 0.8467899323 2
0 0.375 -0.365 0.847805038 2
0 0.375 -0.355 0.8472379533 2
0 0.375 -0.345 0.8450897366 2
0 0.375 -0.335 0.8413643969 2
0 0.375 -0.325 0.8360688864 2
0 0.375 -0.315 0.8292130878 2
0 0.375 -0.305 0.8208097956 2
0 0.375 -0.295 0.810874692 2
0 0.375 -0.285 0.7994263182 2
0 0.375 -0.275 0.7864860393 2
0 0.375 -0.265 0.7720780048 2
0 0.375 -0.255 0.7562291032 2
0 0.375 -0.245 0.738968912 2
0 0.375 -0.235 0.7203296426 2
0 0.375 -0.225 0.7003460799 2
0 0.375 -0.215 0.6790555176 2
0 0.375 -0.205 0.6564976886 2
0 0.375 -0.195 0.6327146908 2
0 0.375 -0.185 0.6077509085 2
0 0.375 -0.175 0.5816529295 2
0 0.375 -0.165 0.5544694584 2
0 0.375 -0.155 0.5262512255 2
0 0.375 -0.145 0.4970508923 2
0 0.375 -0.135 0.466922953 2
0 0.375 -0.125 0.4359236329 2
0 0.375 -0.115 0.4041107837 2
0 0.375 -0.105 0.3715437749 2
0 0.375 -0.095 0.3382833839 2
0 0.375 -0.085 0.3043916818 2
0 0.375 -0.075 0.269931918 2
0 0.375 -0.065 0.234968402 2
0 0.375 -0.055 0.1995663833 2
0 0.375 -0.045 0.16379193 2
0 0.375 -0.035 0.1277118049 2
0 0.375 -0.025 0.09139334159 2
0 0.375 -0.015 0.05490431822 2
0 0.375 -0.005 0.01831283133 2
0 0.375 0.005 -0.01831283133 2
0 0.375 0.015 -0.05490431822 2
0 0.375 0.025 -0.09139334159 2
0 0.375 0.035 -0.1277118049 2
0 0.375 0.045 -0.16379193 2
0 0.375 0.055 -0.1995663833 2
0 0.375 0.065 -0.234968402 2
0 0.375 0.075 -0.269931918 2
0 0.375 0.085 -0.3043916818 2
0 0.375 0.095 -0.3382833839 2
0 0.375 0.105 -0.3715437749 2
0 0.375 0.115 -0.4041107837 2
0 0.375 0.125 -0.4359236329 2
0 0.375 0.135 -0.466922953 2
0 0.375 0.145 -0.4970508923 2
0 0.375 0.155 -0.5262512255 2
0 0.375 0.165 -0.5544694584 2
0 0.375 0.175 -0.5816529295 2
0 0.375 0.185 -0.6077509085 2
0 0.375 0.195 -0.6327146908 2
0 0.375 0.205 -0.6564976886 2
0 0.375 0.215 -0.6790555176 2
0 0.375 0.225 -0.7003460799 2
0 0.375 0.235 -0.7203296426 2
0 0.375 0.245 -0.738968912 2
0 0.375 0.255 -0.7562291032 2
0 0.375 0.265 -0.7720780048 2
0 0.375 0.275 -0.7864860393 2
0 0.375 0.285 -0.7994263182 2
0 0.375 0.295 -0.810874692 2
0 0.375 0.305 -0.8208097956 2
0 0.375 0.315 -0.8292130878 2
0 0.375 0.325 -0.8360688864 2
0 0.375 0.335 -0.8413643969 2
0 0.375 0.345 -0.8450897366 2
0 0.375 0.355 -0.8472379533 2
0 0.375 0.365 -0.847805038 2
0 0.375 0.375 -0.8467899323 2
0 0.375 0.385 -0.8441945306 2
0 0.375 0.395 -0.8400236766 2
0 0.375 0.405 -0.834285154 2
0 0.375 0.415 -0.826989672 2
0 0.375 0.425 -0.8181508458 2
0 0.375 0.435 -0.8077851704 2
0 0.375 0.445 -0.7959119905 2
0 0.375 0.455 -0.7825534641 2
0 0.375 0.465 -0.767734521 2
0 0.375 0.475 -0.7514828168 2
0 0.375 0.485 -0.7338286806 2
0 0.375 0.495 -0.714805059 2
0 0.375 0.505 0 2
0 0.375 0.515 0 2
0 0.375 0.525 0 2
0 0.375 0.535 0 2
0 0.375 0.545 0 2
0 0.375 0.555 0 2
0 0.375 0.565 0 2
0 0.385 -0.555 0 1
0 0.385 -0.545 0 1
0 0.385 -0.535 0 1
0 0.385 -0.525 0 1
0 0.385 -0.515 0 1
0 0.385 -0.505 0 1
0 0.385 -0.495 0.726607109 2
0 0.385 -0.485 0.745944827 2
0 0.385 -0.475 0.7638904483 2
0 0.385 -0.465 0.7804104822 2
0 0.385 -0.455 0.7954740988 2
0 0.385 -0.445 0.8090531861 2
0 0.385 -0.435 0.8211224024 2
0 0.385 -0.425 0.8316592241 2
0 0.385 -0.415 0.840643987 2
0 0.385 -0.405 0.8480599237 2
0 0.385 -0.395 0.8538931943 2
0 0.385 -0.385 0.8581329127 2
0 0.385 -0.375 0.8607711667 2
0 0.385 -0.365 0.8618030327 2
0 0.385 -0.355 0.8612265849 2
0 0.385 -0.345 0.8590428993 2
0 0.385 -0.335 0.855256051 2
0 0.385 -0.325 0.8498731071 2
0 0.385 -0.315 0.8429041133 2
0 0.385 -0.305 0.8343620754 2
0 0.385 -0.295 0.8242629347 2
0 0.385 -0.285 0.8126255383 2
0 0.385 -0.275 0.7994716042 2
0 0.385 -0.265 0.7848256806 2
0 0.385 -0.255 0.7687150999 2
0 0.385 -0.245 0.7511699281 2
0 0.385 -0.235 0.7322229082 2
0 0.385 -0.225 0.7119093996 2
0 0.385 -0.215 0.6902673117 2
0 0.385 -0.205 0.6673370335 2
0 0.385 -0.195 0.6431613578 2
0 0.385 -0.185 0.6177854018 2
0 0.385 -0.175 0.5912565226 2
0 0.385 -0.165 0.5636242288 2
0 0.385 -0.155 0.5349400885 2
0 0.385 -0.145 0.5052576326 2
0 0.385 -0.135 0.4746322549 2
0 0.385 -0.125 0.4431211093 2
0 0.385 -0.115 0.4107830023 2
0 0.385 -0.105 0.3776782841 2
0 0.385 -0.095 0.3438687353 2
0 0.385 -0.085 0.3094174519 2
0 0.385 -0.075 0.2743887275 2
0 0.385 -0.065 0.2388479336 2
0 0.385 -0.055 0.202861397 2
0 0.385 -0.045 0.1664962765 2
0 0.385 -0.035 0.1298204373 2
0 0.385 -0.025 0.09290232474 2
0 0.385 -0.015 0.05581083601 2
0 0.385 -0.005 0.01861519202 2
0 0.385 0.005 -0.01861519202 2
0 0.385 0.015 -0.05581083601 2
0 0.385 0.025 -0.09290232474 2
0 0.385 0.035 -0.1298204373 2
0 0.385 0.045 -0.1664962765 2
0 0.385 0.055 -0.202861397 2
0 0.385 0.065 -0.2388479336 2
0 0.385 0.075 -0.2743887275 2
0 0.385 0.085 -0.3094174519 2
0 0.385 0.095 -0.3438687353 2
0 0.385 0.105 -0.3776782841 2
0 0.385 0.115 -0.4107830023 2
0 0.385 0.125 -0.4431211093 2
0 0.385 0.135 -0.4746322549 2
0 0.385 0.145 -0.5052576326 2
0 0.385 0.155 -0.5349400885 2
0 0.385 0.165 -0.5636242288 2
0 0.385 0.175 -0.5912565226 2
0 0.385 0.185 -0.6177854018 2
0 0.385 0.195 -0.6431613578 2
0 0.385 0.205 -0.6673370335 2
0 0.385 0.215 -0.6902673117 2
0 0.385 0.225 -0.7119093996 2
0 0.385 0.235 -0.7322229082 2
0 0.385 0.245 -0.7511699281 2
0 0.385 0.255 -0.7687150999 2
0 0.385 0.265 -0.7848256806 2
0 0.385 0.275 -0.7994716042 2
0 0.385 0.285 -0.8126255383 2
0 0.385 0.295 -0.8242629347 2
0 0.385 0.305 -0.8343620754 2
0 0.385 0.315 -0.8429041133 2
0 0.385 0.325 -0.8498731071 2
0 0.385 0.335 -0.855256051 2
0 0.385 0.345 -0.8590428993 2
0 0.385 0.355 -0.8612265849 2
0 0.385 0.365 -0.8618030327 2
0 0.385 0.375 -0.8607711667 2
0 0.385 0.385 -0.8581329127 2
0 0.385 0.395 -0.8538931943 2
0 0.385 0.405 -0.8480599237 2
0 0.385 0.415 -0.840643987 2
0 0.385 0.425 -0.8316592241 2
0 0.385 0.435 -0.8211224024 2
0 0.385 0.445 -0.8090531861 2
0 0.385 0.455 -0.7954740988 2
0 0.385 0.465 -0.7804104822 2
0 0.385 0.475 -0.7638904483 2
0 0.385 0.485 -0.745944827 2
0 0.385 0.495 -0.726607109 2
0 0.385 0.505 0 2
0 0.385 0.515 0 2
0 0.385 0.525 0 2
0 0.385 0.535 0 2
0 0.385 0.545 0 2
0 0.385 0.555 0 2
0 0.385 0.565 0 2
0 0.395 -0.555 0 1
0 0.395 -0.545 0 1
0 0.395 -0.535 0 1
0 0.395 -0.525 0 1
0 0.395 -0.515 0 1
0 0.395 -0.505 0 1
0 0.395 -0.495 0.7378801614 1
0 0.395 -0.485 0.7575178973 2
0 0.395 -0.475 0.7757419385 2
0 0.395 -0.465 0.7925182749 2
0 0.395 -0.455 0.8078155982 2
0 0.395 -0.445 0.8216053602 2
0 0.395 -0.435 0.8338618262 2
0 0.395 -0.425 0.8445621229 2
0 0.395 -0.415 0.8536862813 2
0 0.395 -0.405 0.8612172736 2
0 0.395 -0.395 0.8671410453 2
0 0.395 -0.385 0.8714465415 2
0 0.395 -0.375 0.874125727 2
0 0.395 -0.365 0.875173602 2
0 0.395 -0.355 0.8745882109 2
0 0.395 -0.345 0.8723706462 2
0 0.395 -0.335 0.8685250463 2
0 0.395 -0.325 0.8630585879 2
0 0.395 -0.315 0.8559814727 2
0 0.395 -0.305 0.8473069081 2
0 0.395 -0.295 0.8370510827 2
0 0.395 -0.285 0.8252331362 2
0 0.395 -0.275 0.8118751235 2
0 0.395 -0.265 0.7970019736 2
0 0.395 -0.255 0.7806414429 2
0 0.395 -0.245 0.7628240639 2
0 0.395 -0.235 0.7435830877 2
0 0.395 -0.225 0.7229544222 2
0 0.395 -0.215 0.700976565 2
0 0.395 -0.205 0.6776905316 2
0 0.395 -0.195 0.6531397789 2
0 0.395 -0.185 0.6273701239 2
0 0.395 -0.175 0.6004296585 2
0 0.395 -0.165 0.5723686595 2
0 0.395 -0.155 0.5432394949 2
0 0.395 -0.145 0.5130965261 2
0 0.395 -0.135 0.4819960066 2
0 0.395 -0.125 0.4499959766 2
0 0.395 -0.115 0.4171561554 2
0 0.395 -0.105 0.3835378292 2
0 0.395 -0.095 0.3492037371 2
0 0.395 -0.085 0.3142179542 2
0 0.395 -0.075 0.2786457716 2
0 0.395 -0.065 0.2425535749 2
0 0.395 -0.055 0.2060087198 2
0 0.395 -0.045 0.1690794073 2
0 0.395 -0.035 0.1318345555 2
0 0.395 -0.025 0.09434367146 2
0 0.395 -0.015 0.0566767214 2
0 0.395 -0.005 0.01890400014 2
0 0.395 0.005 -0.01890400014 2
0 0.395 0.015 -0.0566767214 2
0 0.395 0.025 -0.09434367146 2
0 0.395 0.035 -0.1318345555 2
0 0.395 0.045 -0.1690794073 2
0 0.395 0.055 -0.2060087198 2
0 0.395 0.065 -0.2425535749 2
0 0.395 0.075 -0.2786457716 2
0 0.395 0.085 -0.3142179542 2
0 0.395 0.095 -0.3492037371 2
0 0.395 0.105 -0.3835378292 2
0 0.395 0.115 -0.4171561554 2
0 0.395 0.125 -0.4499959766 2
0 0.395 0.135 -0.4819960066 2
0 0.395 0.145 -0.5130965261 2
0 0.395 0.155 -0.5432394949 2
0 0.395 0.165 -0.5723686595 2
0 0.395 0.175 -0.6004296585 2
0 0.395 0.185 -0.6273701239 2
0 0.395 0.195 -0.6531397789 2
0 0.395 0.205 -0.6776905316 2
0 0.395 0.215 -0.700976565 2
0 0.395 0.225 -0.7229544222 2
0 0.395 0.235 -0.7435830877 2
0 0.395 0.245 -0.7628240639 2
0 0.395 0.255 -0.7806414429 2
0 0.395 0.265 -0.7970019736 2
0 0.395 0.275 -0.8118751235 2
0 0.395 0.285 -0.8252331362 2
0 0.395 0.295 -0.8370510827 2
0 0.395 0.305 -0.8473069081 2
0 0.395 0.315 -0.8559814727 2
0 0.395 0.325 -0.8630585879 2
0 0.395 0.335 -0.8685250463 2
0 0.395 0.345 -0.8723706462 2
0 0.395 0.355 -0.8745882109 2
0 0.395 0.365 -0.875173602 2
0 0.395 0.375 -0.874125727 2
0 0.395 0.385 -0.8714465415 2
0 0.395 0.395 -0.8671410453 2
0 0.395 0.405 -0.8612172736 2
0 0.395 0.415 -0.8536862813 2
0 0.395 0.425 -0.8445621229 2
0 0.395 0.435 -0.8338618262 2
0 0.395 0.445 -0.8216053602 2
0 0.395 0.455 -0.8078155982 2
0 0.395 0.465 -0.7925182749 2
0 0.395 0.475 -0.7757419385 2
0 0.395 0.485 -0.7575178973 2
0 0.395 0.495 -0.7378801614 2
0 0.395 0.505 0 2
0 0.395 0.515 0 2
0 0.395 0.525 0 2
0 0.395 0.535 0 2
0 0.395 0.545 0 2
0 0.395 0.555 0 2
0 0.395 0.565 0 2
0 0.405 -0.555 0 1
0 0.405 -0.545 0 1
0 0.405 -0.535 0 1
0 0.405 -0.525 0 1
0 0.405 -0.515 0 1
0 0.405 -0.505 0 1
0 0.405 -0.495 0.748616009 1
0 0.405 -0.485 0.7685394658 2
0 0.405 -0.475 0.7870286592 2
0 0.405 -0.465 0.8040490843 2
0 0.405 -0.455 0.8195689772 2
0 0.405 -0.445 0.8335593745 2
0 0.405 -0.435 0.8459941669 2
0 0.405 -0.425 0.8568501485 2
0 0.405 -0.415 0.8661070595 2
0 0.405 -0.405 0.8737476246 2
0 0.405 -0.395 0.8797575848 2
0 0.405 -0.385 0.8841257241 2
0 0.405 -0.375 0.8868438907 2
0 0.405 -0.365 0.8879070118 2
0 0.405 -0.355 0.8873131035 2
0 0.405 -0.345 0.8850632741 2
0 0.405 -0.335 0.8811617223 2
0 0.405 -0.325 0.8756157293 2
0 0.405 -0.315 0.868435645 2
0 0.405 -0.305 0.8596348691 2
0 0.405 -0.295 0.8492298258 2
0 0.405 -0.285 0.8372399331 2
0 0.405 -0.275 0.8236875669 2
0 0.405 -0.265 0.8085980189 2
0 0.405 -0.255 0.7919994493 2
0 0.405 -0.245 0.7739228349 2
0 0.405 -0.235 0.7544019106 2
0 0.405 -0.225 0.7334731066 2
0 0.405 -0.215 0.7111754808 2
0 0.405 -0.205 0.6875506453 2
0 0.405 -0.195 0.6626426894 2
0 0.405 -0.185 0.6364980967 2
0 0.405 -0.175 0.6091656588 2
0 0.405 -0.165 0.580696384 2
0 0.405 -0.155 0.5511434023 2
0 0.405 -0.145 0.5205618659 2
0 0.405 -0.135 0.4890088468 2
0 0.405 -0.125 0.4565432298 2
0 0.405 -0.115 0.4232256029 2
0 0.405 -0.105 0.3891181441 2
0 0.405 -0.095 0.3542845054 2
0 0.405 -0.085 0.318789694 2
0 0.405 -0.075 0.282699951 2
0 0.405 -0.065 0.2460826279 2
0 0.405 -0.055 0.2090060605 2
0 0.405 -0.045 0.171539442 2
0 0.405 -0.035 0.1337526931 2
0 0.405 -0.025 0.09571633241 2
0 0.405 -0.015 0.05750134399 2
0 0.405 -0.005 0.01917904543 2
0 0.405 0.005 -0.01917904543 2
0 0.405 0.015 -0.05750134399 2
0 0.405 0.025 -0.09571633241 2
0 0.405 0.035 -0.1337526931 2
0 0.405 0.045 -0.171539442 2
0 0.405 0.055 -0.2090060605 2
0 0.405 0.065 -0.2460826279 2
0 0.405 0.075 -0.282699951 2
0 0.405 0.085 -0.318789694 2
0 0.405 0.095 -0.3542845054 2
0 0.405 0.105 -0.3891181441 2
0 0.405 0.115 -0.4232256029 2
0 0.405 0.125 -0.4565432298 2
0 0.405 0.135 -0.4890088468 2
0 0.405 0.145 -0.5205618659 2
0 0.405 0.155 -0.5511434023 2
0 0.405 0.165 -0.580696384 2
0 0.405 0.175 -0.6091656588 2
0 0.405 0.185 -0.6364980967 2
0 0.405 0.195 -0.6626426894 2
0 0.405 0.205 -0.6875506453 2
0 0.405 0.215 -0.7111754808 2
0 0.405 0.225 -0.7334731066 2
0 0.405 0.235 -0.7544019106 2
0 0.405 0.245 -0.7739228349 2
0 0.405 0.255 -0.7919994493 2
0 0.405 0.265 -0.8085980189 2
0 0.405 0.275 -0.8236875669 2
0 0.405 0.285 -0.8372399331 2
0 0.405 0.295 -0.8492298258 2
0 0.405 0.305 -0.8596348691 2
0 0.405 0.315 -0.868435645 2
0 0.405 0.325 -0.8756157293 2
0 0.405 0.335 -0.8811617223 2
0 0.405 0.345 -0.8850632741 2
0 0.405 0.355 -0.8873131035 2
0 0.405 0.365 -0.8879070118 2
0 0.405 0.375 -0.8868438907 2
0 0.405 0.385 -0.8841257241 2
0 0.405 0.395 -0.8797575848 2
0 0.405 0.405 -0.8737476246 2
0 0.405 0.415 -0.8661070595 2
0 0.405 0.425 -0.8568501485 2
0 0.405 0.435 -0.8459941669 2
0 0.405 0.445 -0.8335593745 2
0 0.405 0.455 -0.8195689772 2
0 0.405 0.465 -0.8040490843 2
0 0.405 0.475 -0.7870286592 2
0 0.405 0.485 -0.7685394658 2
0 0.405 0.495 -0.748616009 2
0 0.405 0.505 0 2
0 0.405 0.515 0 2
0 0.405 0.525 0 2
0 0.405 0.535 0 2
0 0.405 0.545 0 2
0 0.405 0.555 0 2
0 0.405 0.565 0 2
0 0.415 -0.555 0 1
0 0.415 -0.545 0 1
0 0.415 -0.535 0 1
0 0.415 -0.525 0 1
0 0.415 -0.515 0 1
0 0.415 -0.505 0 1
0 0.415 -0.495 0.7588068358 1
0 0.415 -0.485 0.7790015084 1
0 0.415 -0.475 0.7977423931 2
0 0.415 -0.465 0.8149945154 2
0 0.415 -0.455 0.8307256789 2
0 0.415 -0.445 0.8449065259 2
0 0.415 -0.435 0.8575105918 2
0 0.415 -0.425 0.8685143546 2
0 0.415 -0.415 0.877897279 2
0 0.415 -0.405 0.8856418542 2
0 0.415 -0.395 0.8917336273 2
0 0.415 -0.385 0.8961612296 2
0 0.415 -0.375 0.8989163983 2
0 0.415 -0.365 0.8999939916 2
0 0.415 -0.355 0.8993919985 2
0 0.415 -0.345 0.8971115424 2
0 0.415 -0.335 0.8931568792 2
0 0.415 -0.325 0.8875353892 2
0 0.415 -0.315 0.8802575632 2
0 0.415 -0.305 0.8713369833 2
0 0.415 -0.295 0.8607902973 2
0 0.415 -0.285 0.8486371876 2
0 0.415 -0.275 0.8349003345 2
0 0.415 -0.265 0.8196053741 2
0 0.415 -0.255 0.8027808501 2
0 0.415 -0.245 0.7844581608 2
0 0.415 -0.235 0.7646715002 2
0 0.415 -0.225 0.7434577948 2
0 0.415 -0.215 0.7208566338 2
0 0.415 -0.205 0.6969101961 2
0 0.415 -0.195 0.6716631709 2
0 0.415 -0.185 0.6451626748 2
0 0.415 -0.175 0.6174581634 2
0 0.415 -0.165 0.5886013396 2
0 0.415 -0.155 0.5586460564 2
0 0.415 -0.145 0.5276482169 2
0 0.415 -0.135 0.4956656701 2
0 0.415 -0.125 0.4627581022 2
0 0.415 -0.115 0.4289869262 2
0 0.415 -0.105 0.3944151663 2
0 0.415 -0.095 0.3591073411 2
0 0.415 -0.085 0.3231293428 2
0 0.415 -0.075 0.2865483142 2
0 0.415 -0.065 0.2494325235 2
0 0.415 -0.055 0.2118512369 2
0 0.415 -0.045 0.1738745894 2
0 0.415 -0.035 0.1355734537 2
0 0.415 -0.025 0.09701930824 2
0 0.415 -0.015 0.05828410341 2
0 0.415 -0.005 0.01944012765 2
0 0.415 0.005 -0.01944012765 2
0 0.415 0.015 -0.05828410341 2
0 0.415 0.025 -0.09701930824 2
0 0.415 0.035 -0.1355734537 2
0 0.415 0.045 -0.1738745894 2
0 0.415 0.055 -0.2118512369 2
0 0.415 0.065 -0.2494325235 2
0 0.415 0.075 -0.2865483142 2
0 0.415 0.085 -0.3231293428 2
0 0.415 0.095 -0.3591073411 2
0 0.415 0.105 -0.3944151663 2
0 0.415 0.115 -0.4289869262 2
0 0.415 0.125 -0.4627581022 2
0 0.415 0.135 -0.4956656701 2
0 0.415 0.145 -0.5276482169 2
0 0.415 0.155 -0.5586460564 2
0 0.415 0.165 -0.5886013396 2
0 0.415 0.175 -0.6174581634 2
0 0.415 0.185 -0.6451626748 2
0 0.415 0.195 -0.6716631709 2
0 0.415 0.205 -0.6969101961 2
0 0.415 0.215 -0.7208566338 2
0 0.415 0.225 -0.7434577948 2
0 0.415 0.235 -0.7646715002 2
0 0.415 0.245 -0.7844581608 2
0 0.415 0.255 -0.8027808501 2
0 0.415 0.265 -0.8196053741 2
0 0.415 0.275 -0.8349003345 2
0 0.415 0.285 -0.8486371876 2
0 0.415 0.295 -0.8607902973 2
0 0.415 0.305 -0.8713369833 2
0 0.415 0.315 -0.8802575632 2
0 0.415 0.325 -0.8875353892 2
0 0.415 0.335 -0.8931568792 2
0 0.415 0.345 -0.8971115424 2
0 0.415 0.355 -0.8993919985 2
0 0.415 0.365 -0.8999939916 2
0 0.415 0.375 -0.8989163983 2
0 0.415 0.385 -0.8961612296 2
0 0.415 0.395 -0.8917336273 2
0 0.415 0.405 -0.8856418542 2
0 0.415 0.415 -0.877897279 2
0 0.415 0.425 -0.8685143546 2
0 0.415 0.435 -0.8575105918 2
0 0.415 0.445 -0.8449065259 2
0 0.415 0.455 -0.8307256789 2
0 0.415 0.465 -0.8149945154 2
0 0.415 0.475 -0.7977423931 2
0 0.415 0.485 -0.7790015084 2
0 0.415 0.495 -0.7588068358 2
0 0.415 0.505 0 2
0 0.415 0.515 0 2
0 0.415 0.525 0 2
0 0.415 0.535 0 2
0 0.415 0.545 0 2
0 0.415 0.555 0 2
0 0.415 0.565 0 2
0 0.425 -0.555 0 1
0 0.425 -0.545 0 1
0 0.425 -0.535 0 1
0 0.425 -0.525 0 1
0 0.425 -0.515 0 1
0 0.425 -0.505 0 1
0 0.425 -0.495 0.7684452224 1
0 0.425 -0.485 0.7888964084 1
0 0.425 -0.475 0.8078753403 2
0 0.425 -0.465 0.8253465995 2
0 0.425 -0.455 0.8412775808 2
0 0.425 -0.445 0.8556385533 2
0 0.425 -0.435 0.8684027164 2
0 0.425 -0.425 0.8795462494 2
0 0.425 -0.415 0.8890483559 2
0 0.425 -0.405 0.8968913029 2
0 0.425 -0.395 0.9030604539 2
0 0.425 -0.385 0.9075442958 2
0 0.425 -0.375 0.9103344607 2
0 0.425 -0.365 0.9114257416 2
0 0.425 -0.355 0.910816102 2
0 0.425 -0.345 0.9085066795 2
0 0.425 -0.335 0.904501784 2
0 0.425 -0.325 0.8988088897 2
0 0.425 -0.315 0.8914386205 2
0 0.425 -0.305 0.8824047312 2
0 0.425 -0.295 0.8717240809 2
0 0.425 -0.285 0.859416602 2
0 0.425 -0.275 0.845505263 2
0 0.425 -0.265 0.8300160256 2
0 0.425 -0.255 0.812977796 2
0 0.425 -0.245 0.7944223713 2
0 0.425 -0.235 0.77438438 2
0 0.425 -0.225 0.7529012174 2
0 0.425 -0.215 0.7300129759 2
0 0.425 -0.205 0.7057623698 2
0 0.425 -0.195 0.6801946562 2
0 0.425 -0.185 0.6533575499 2
0 0.425 -0.175 0.6253011351 2
0 0.425 -0.165 0.596077771 2
0 0.425 -0.155 0.5657419949 2
0 0.425 -0.145 0.53435042 2
0 0.425 -0.135 0.5019616299 2
0 0.425 -0.125 0.4686360692 2
0 0.425 -0.115 0.4344359307 2
0 0.425 -0.105 0.3994250393 2
0 0.425 -0.095 0.3636687331 2
0 0.425 -0.085 0.3272337412 2
0 0.425 -0.075 0.2901880592 2
0 0.425 -0.065 0.2526008227 2
0 0.425 -0.055 0.2145421775 2
0 0.425 -0.045 0.1760831495 2
0 0.425 -0.035 0.1372955117 2
0 0.425 -0.025 0.09825165033 2
0 0.425 -0.015 0.0590244298 2
0 0.425 -0.005 0.01968705672 2
0 0.425 0.005 -0.01968705672 2
0 0.425 0.015 -0.0590244298 2
0 0.425 0.025 -0.09825165033 2
0 0.425 0.035 -0.1372955117 2
0 0.425 0.045 -0.1760831495 2
0 0.425 0.055 -0.2145421775 2
0 0.425 0.065 -0.2526008227 2
0 0.425 0.075 -0.2901880592 2
0 0.425 0.085 -0.3272337412 2
0 0.425 0.095 -0.3636687331 2
0 0.425 0.105 -0.3994250393 2
0 0.425 0.115 -0.4344359307 2
0 0.425 0.125 -0.4686360692 2
0 0.425 0.135 -0.5019616299 2
0 0.425 0.145 -0.53435042 2
0 0.425 0.155 -0.5657419949 2
0 0.425 0.165 -0.596077771 2
0 0.425 0.175 -0.6253011351 2
0 0.425 0.185 -0.6533575499 2
0 0.425 0.195 -0.6801946562 2
0 0.425 0.205 -0.7057623698 2
0 0.425 0.215 -0.7300129759 2
0 0.425 0.225 -0.7529012174 2
0 0.425 0.235 -0.77438438 2
0 0.425 0.245 -0.7944223713 2
0 0.425 0.255 -0.812977796 2
0 0.425 0.265 -0.8300160256 2
0 0.425 0.275 -0.845505263 2
0 0.425 0.285 -0.859416602 2
0 0.425 0.295 -0.8717240809 2
0 0.425 0.305 -0.8824047312 2
0 0.425 0.315 -0.8914386205 2
0 0.425 0.325 -0.8988088897 2
0 0.425 0.335 -0.904501784 2
0 0.425 0.345 -0.9085066795 2
0 0.425 0.355 -0.910816102 2
0 0.425 0.365 -0.9114257416 2
0 0.425 0.375 -0.9103344607 2
0 0.425 0.385 -0.9075442958 2
0 0.425 0.395 -0.9030604539 2
0 0.425 0.405 -0.8968913029 2
0 0.425 0.415 -0.8890483559 2
0 0.425 0.425 -0.8795462494 2
0 0.425 0.435 -0.8684027164 2
0 0.425 0.445 -0.8556385533 2
0 0.425 0.455 -0.8412775808 2
0 0.425 0.465 -0.8253465995 2
0 0.425 0.475 -0.8078753403 2
0 0.425 0.485 -0.7888964084 2
0 0.425 0.495 -0.7684452224 2
0 0.425 0.505 0 2
0 0.425 0.515 0 2
0 0.425 0.525 0 2
0 0.425 0.535 0 2
0 0.425 0.545 0 2
0 0.425 0.555 0 2
0 0.425 0.565 0 2
0 0.435 -0.555 0 1
0 0.435 -0.545 0 1
0 0.435 -0.535 0 1
0 0.435 -0.525 0 1
0 0.435 -0.515 0 1
0 0.435 -0.505 0 1
0 0.435 -0.495 0.7775241518 1
0 0.435 -0.485 0.7982169618 1
0 0.435 -0.475 0.8174201236 2
0 0.435 -0.465 0.8350978001 2
0 0.435 -0.455 0.8512170006 2
0 0.435 -0.445 0.8657476434 2
0 0.435 -0.435 0.8786626109 2
0 0.435 -0.425 0.8899378011 2
0 0.435 -0.415 0.8995521719 2
0 0.435 -0.405 0.9074877808 2
0 0.435 -0.395 0.9137298182 2
0 0.435 -0.385 0.9182666352 2
0 0.435 -0.375 0.921089765 2
0 0.435 -0.365 0.9221939391 2
0 0.435 -0.355 0.9215770968 2
0 0.435 -0.345 0.9192403892 2
0 0.435 -0.335 0.9151881772 2
0 0.435 -0.325 0.9094280232 2
0 0.435 -0.315 0.9019706767 2
0 0.435 -0.305 0.8928300549 2
0 0.435 -0.295 0.8820232162 2
0 0.435 -0.285 0.8695703285 2
0 0.435 -0.275 0.8554946316 2
0 0.435 -0.265 0.8398223938 2
0 0.435 -0.255 0.8225828631 2
0 0.435 -0.245 0.8038082121 2
0 0.435 -0.235 0.7835334785 2
0 0.435 -0.225 0.7617964994 2
0 0.435 -0.215 0.7386378408 2
0 0.435 -0.205 0.7141007217 2
0 0.435 -0.195 0.6882309339 2
0 0.435 -0.185 0.661076756 2
0 0.435 -0.175 0.6326888638 2
0 0.435 -0.165 0.6031202352 2
0 0.435 -0.155 0.5724260518 2
0 0.435 -0.145 0.5406635957 2
0 0.435 -0.135 0.5078921426 2
0 0.435 -0.125 0.4741728513 2
0 0.435 -0.115 0.4395686493 2
0 0.435 -0.105 0.4041441157 2
0 0.435 -0.095 0.3679653604 2
0 0.435 -0.085 0.3310999009 2
0 0.435 -0.075 0.2936165364 2
0 0.435 -0.065 0.2555852189 2
0 0.435 -0.055 0.2170769233 2
0 0.435 -0.045 0.1781635144 2
0 0.435 -0.035 0.1389176133 2
0 0.435 -0.025 0.09941246149 2
0 0.435 -0.015 0.05972178416 2
0 0.435 -0.005 0.01991965287 2
0 0.435 0.005 -0.01991965287 2
0 0.435 0.015 -0.05972178416 2
0 0.435 0.025 -0.09941246149 2
0 0.435 0.035 -0.1389176133 2
0 0.435 0.045 -0.1781635144 2
0 0.435 0.055 -0.2170769233 2
0 0.435 0.065 -0.2555852189 2
0 0.435 0.075 -0.2936165364 2
0 0.435 0.085 -0.3310999009 2
0 0.435 0.095 -0.3679653604 2
0 0.435 0.105 -0.4041441157 2
0 0.435 0.115 -0.4395686493 2
0 0.435 0.125 -0.4741728513 2
0 0.435 0.135 -0.5078921426 2
0 0.435 0.145 -0.5406635957 2
0 0.435 0.155 -0.5724260518 2
0 0.435 0.165 -0.6031202352 2
0 0.435 0.175 -0.6326888638 2
0 0.435 0.185 -0.661076756 2
0 0.435 0.195 -0.6882309339 2
0 0.435 0.205 -0.7141007217 2
0 0.435 0.215 -0.7386378408 2
0 0.435 0.225 -0.7617964994 2
0 0.435 0.235 -0.7835334785 2
0 0.435 0.245 -0.8038082121 2
0 0.435 0.255 -0.8225828631 2
0 0.435 0.265 -0.8398223938 2
0 0.435 0.275 -0.8554946316 2
0 0.435 0.285 -0.8695703285 2
0 0.435 0.295 -0.8820232162 2
0 0.435 0.305 -0.8928300549 2
0 0.435 0.315 -0.9019706767 2
0 0.435 0.325 -0.9094280232 2
0 0.435 0.335 -0.9151881772 2
0 0.435 0.345 -0.9192403892 2
0 0.435 0.355 -0.9215770968 2
0 0.435 0.365 -0.9221939391 2
0 0.435 0.375 -0.921089765 2
0 0.435 0.385 -0.9182666352 2
0 0.435 0.395 -0.9137298182 2
0 0.435 0.405 -0.9074877808 2
0 0.435 0.415 -0.8995521719 2
0 0.435 0.425 -0.8899378011 2
0 0.435 0.435 -0.8786626109 2
0 0.435 0.445 -0.8657476434 2
0 0.435 0.455 -0.8512170006 2
0 0.435 0.465 -0.8350978001 2
0 0.435 0.475 -0.8174201236 2
0 0.435 0.485 -0.7982169618 2
0 0.435 0.495 -0.7775241518 2
0 0.435 0.505 0 2
0 0.435 0.515 0 2
0 0.435 0.525 0 2
0 0.435 0.535 0 2
0 0.435 0.545 0 2
0 0.435 0.555 0 2
0 0.435 0.565 0 2
0 0.445 -0.555 0 2
0 0.445 -0.545 0 2
0 0.445 -0.535 0 1
0 0.445 -0.525 0 1
0 0.445 -0.515 0 1
0 0.445 -0.505 0 1
0 0.445 -0.495 0.786037014 1
0 0.445 -0.485 0.806956383 2
0 0.445 -0.475 0.8263697941 2
0 0.445 -0.465 0.8442410177 2
0 0.445 -0.455 0.8605367022 2
0 0.445 -0.445 0.8752264363 2
0 0.445 -0.435 0.8882828057 2
0 0.445 -0.425 0.8996814443 2
0 0.445 -0.415 0.9094010797 2
0 0.445 -0.405 0.9174235731 2
0 0.445 -0.395 0.9237339526 2
0 0.445 -0.385 0.9283204417 2
0 0.445 -0.375 0.9311744811 2
0 0.445 -0.365 0.9322907444 2
0 0.445 -0.355 0.9316671484 2
0 0.445 -0.345 0.929304857 2
0 0.445 -0.335 0.9252082787 2
0 0.445 -0.325 0.9193850585 2
0 0.445 -0.315 0.911846064 2
0 0.445 -0.305 0.9026053645 2
0 0.445 -0.295 0.8916802051 2
0 0.445 -0.285 0.8790909747 2
0 0.445 -0.275 0.8648611676 2
0 0.445 -0.265 0.8490173395 2
0 0.445 -0.255 0.8315890587 2
0 0.445 -0.245 0.8126088501 2
0 0.445 -0.235 0.792112135 2
0 0.445 -0.225 0.7701371647 2
0 0.445 -0.215 0.7467249493 2
0 0.445 -0.205 0.7219191812 2
0 0.445 -0.195 0.6957661534 2
0 0.445 -0.185 0.6683146731 2
0 0.445 -0.175 0.639615971 2
0 0.445 -0.165 0.609723605 2
0 0.445 -0.155 0.5786933608 2
0 0.445 -0.145 0.5465831478 2
0 0.445 -0.135 0.5134528906 2
0 0.445 -0.125 0.4793644176 2
0 0.445 -0.115 0.4443813453 2
0 0.445 -0.105 0.4085689598 2
0 0.445 -0.095 0.371994095 2
0 0.445 -0.085 0.3347250074 2
0 0.445 -0.075 0.2968312496 2
0 0.445 -0.065 0.2583835394 2
0 0.445 -0.055 0.2194536288 2
0 0.445 -0.045 0.1801141695 2
0 0.445 -0.035 0.1404385777 2
0 0.445 -0.025 0.1005008966 2
0 0.445 -0.015 0.0603756588 2
0 0.445 -0.005 0.02013774675 2
0 0.445 0.005 -0.02013774675 2
0 0.445 0.015 -0.0603756588 2
0 0.445 0.025 -0.1005008966 2
0 0.445 0.035 -0.1404385777 2
0 0.445 0.045 -0.1801141695 2
0 0.445 0.055 -0.2194536288 2
0 0.445 0.065 -0.2583835394 2
0 0.445 0.075 -0.2968312496 2
0 0.445 0.085 -0.3347250074 2
0 0.445 0.095 -0.371994095 2
0 0.445 0.105 -0.4085689598 2
0 0.445 0.115 -0.4443813453 2
0 0.445 0.125 -0.4793644176 2
0 0.445 0.135 -0.5134528906 2
0 0.445 0.145 -0.5465831478 2
0 0.445 0.155 -0.5786933608 2
0 0.445 0.165 -0.609723605 2
0 0.445 0.175 -0.639615971 2
0 0.445 0.185 -0.6683146731 2
0 0.445 0.195 -0.6957661534 2
0 0.445 0.205 -0.7219191812 2
0 0.445 0.215 -0.7467249493 1
0 0.445 0.225 -0.7701371647 1
0 0.445 0.235 -0.792112135 1
0 0.445 0.245 -0.8126088501 1
0 0.445 0.255 -0.8315890587 1
0 0.445 0.265 -0.8490173395 2
0 0.445 0.275 -0.8648611676 2
0 0.445 0.285 -0.8790909747 2
0 0.445 0.295 -0.8916802051 2
0 0.445 0.305 -0.9026053645 2
0 0.445 0.315 -0.911846064 2
0 0.445 0.325 -0.9193850585 2
0 0.445 0.335 -0.9252082787 2
0 0.445 0.345 -0.929304857 2
0 0.445 0.355 -0.9316671484 2
0 0.445 0.365 -0.9322907444 2
0 0.445 0.375 -0.9311744811 2
0 0.445 0.385 -0.9283204417 2
0 0.445 0.395 -0.9237339526 2
0 0.445 0.405 -0.9174235731 2
0 0.445 0.415 -0.9094010797 2
0 0.445 0.425 -0.8996814443 2
0 0.445 0.435 -0.8882828057 2
0 0.445 0.445 -0.8752264363 2
0 0.445 0.455 -0.8605367022 2
0 0.445 0.465 -0.8442410177 2
0 0.445 0.475 -0.8263697941 2
0 0.445 0.485 -0.806956383 2
0 0.445 0.495 -0.786037014 2
0 0.445 0.505 0 2
0 0.445 0.515 0 2
0 0.445 0.525 0 2
0 0.445 0.535 0 2
0 0.445 0.545 0 2
0 0.445 0.555 0 2
0 0.445 0.565 0 2
0 0.455 -0.555 0 2
0 0.455 -0.545 0 2
0 0.455 -0.535 0 2
0 0.455 -0.525 0 2
0 0.455 -0.515 0 2
0 0.455 -0.505 0 2
0 0.455 -0.495 0.7939776115 2
0 0.455 -0.485 0.8151083093 2
0 0.455 -0.475 0.834717836 2
0 0.455 -0.465 0.8527695959 2
0 0.455 -0.455 0.8692299005 2
0 0.455 -0.445 0.8840680312 2
0 0.455 -0.435 0.8972562969 2
0 0.455 -0.425 0.9087700852 2
0 0.455 -0.415 0.9185879091 2
0 0.455 -0.405 0.9266914462 2
0 0.455 -0.395 0.9330655736 2
0 0.455 -0.385 0.9376983958 2
0 0.455 -0.375 0.9405812668 2
0 0.455 -0.365 0.9417088067 2
0 0.455 -0.355 0.9410789111 2
0 0.455 -0.345 0.9386927557 2
0 0.455 -0.335 0.9345547934 2
0 0.455 -0.325 0.9286727467 2
0 0.455 -0.315 0.9210575928 2
0 0.455 -0.305 0.9117235431 2
0 0.455 -0.295 0.9006880171 2
0 0.455 -0.285 0.8879716094 2
0 0.455 -0.275 0.8735980518 2
0 0.455 -0.265 0.8575941684 2
0 0.455 -0.255 0.839989826 2
0 0.455 -0.245 0.820817878 2
0 0.455 -0.235 0.8001141037 2
0 0.455 -0.225 0.7779171408 2
0 0.455 -0.215 0.7542684137 2
0 0.455 -0.205 0.7292120561 2
0 0.455 -0.195 0.7027948287 2
0 0.455 -0.185 0.6750660318 2
0 0.455 -0.175 0.6460774135 2
0 0.455 -0.165 0.6158830728 2
0 0.455 -0.155 0.5845393591 2
0 0.455 -0.145 0.5521047666 2
0 0.455 -0.135 0.5186398254 2
0 0.455 -0.125 0.4842069884 2
0 0.455 -0.115 0.4488705148 2
0 0.455 -0.105 0.4126963503 2
0 0.455 -0.095 0.3757520037 2
0 0.455 -0.085 0.3381064214 2
0 0.455 -0.075 0.2998298583 2
0 0.455 -0.065 0.2609937468 2
0 0.455 -0.055 0.2216705637 2
0 0.455 -0.045 0.1819336947 2
0 0.455 -0.035 0.1418572974 2
0 0.455 -0.025 0.1015161633 2
0 0.455 -0.015 0.06098557767 2
0 0.455 -0.005 0.02034117959 2
0 0.455 0.005 -0.02034117959 2
0 0.455 0.015 -0.06098557767 2
0 0.455 0.025 -0.1015161633 2
0 0.455 0.035 -0.1418572974 2
0 0.455 0.045 -0.1819336947 2
0 0.455 0.055 -0.2216705637 2
0 0.455 0.065 -0.2609937468 2
0 0.455 0.075 -0.2998298583 2
0 0.455 0.085 -0.3381064214 2
0 0.455 0.095 -0.3757520037 2
0 0.455 0.105 -0.4126963503 2
0 0.455 0.115 -0.4488705148 2
0 0.455 0.125 -0.4842069884 2
0 0.455 0.135 -0.5186398254 2
0 0.455 0.145 -0.5521047666 2
0 0.455 0.155 -0.5845393591 2
0 0.455 0.165 -0.6158830728 2
0 0.455 0.175 -0.6460774135 2
0 0.455 0.185 -0.6750660318 2
0 0.455 0.195 -0.7027948287 2
0 0.455 0.205 -0.7292120561 1
0 0.455 0.215 -0.7542684137 1
0 0.455 0.225 -0.7779171408 1
0 0.455 0.235 -0.8001141037 1
0 0.455 0.245 -0.820817878 1
0 0.455 0.255 -0.839989826 1
0 0.455 0.265 -0.8575941684 1
0 0.455 0.275 -0.8735980518 1
0 0.455 0.285 -0.8879716094 2
0 0.455 0.295 -0.9006880171 2
0 0.455 0.305 -0.9117235431 2
0 0.455 0.315 -0.9210575928 2
0 0.455 0.325 -0.9286727467 2
0 0.455 0.335 -0.9345547934 2
0 0.455 0.345 -0.9386927557 2
0 0.455 0.355 -0.9410789111 2
0 0.455 0.365 -0.9417088067 2
0 0.455 0.375 -0.9405812668 2
0 0.455 0.385 -0.9376983958 2
0 0.455 0.395 -0.9330655736 2
0 0.455 0.405 -0.9266914462 2
0 0.455 0.415 -0.9185879091 2
0 0.455 0.425 -0.9087700852 2
0 0.455 0.435 -0.8972562969 2
0 0.455 0.445 -0.8840680312 2
0 0.455 0.455 -0.8692299005 2
0 0.455 0.465 -0.8527695959 2
0 0.455 0.475 -0.834717836 2
0 0.455 0.485 -0.8151083093 2
0 0.455 0.495 -0.7939776115 2
0 0.455 0.505 0 2
0 0.455 0.515 0 2
0 0.455 0.525 0 2
0 0.455 0.535 0 2
0 0.455 0.545 0 2
0 0.455 0.555 0 2
0 0.455 0.565 0 2
0 0.465 -0.555 0 2
0 0.465 -0.545 0 2
0 0.465 -0.535 0 2
0 0.465 -0.525 0 2
0 0.465 -0.515 0 2
0 0.465 -0.505 0 2
0 0.465 -0.495 0.8013401632 2
0 0.465 -0.485 0.8226668058 2
0 0.465 -0.475 0.8424581716 2
0 0.465 -0.465 0.8606773254 2
0 0.465 -0.455 0.8772902663 2
0 0.465 -0.445 0.892265991 2
0 0.465 -0.435 0.9055765514 2
0 0.465 -0.425 0.9171971071 2
0 0.465 -0.415 0.9271059716 2
0 0.465 -0.405 0.9352846528 1
0 0.465 -0.395 0.9417178875 1
0 0.465 -0.385 0.9463936697 1
0 0.465 -0.375 0.9493032736 1
0 0.465 -0.365 0.9504412692 2
0 0.465 -0.355 0.9498055326 2
0 0.465 -0.345 0.9473972504 2
0 0.465 -0.335 0.9432209168 2
0 0.465 -0.325 0.9372843259 2
0 0.465 -0.315 0.9295985566 2
0 0.465 -0.305 0.9201779524 2
0 0.465 -0.295 0.9090400939 2
0 0.465 -0.285 0.8962057671 2
0 0.465 -0.275 0.8816989235 2
0 0.465 -0.265 0.8655466362 2
0 0.465 -0.255 0.8477790487 2
0 0.465 -0.245 0.8284293194 2
0 0.465 -0.235 0.8075335591 2
0 0.465 -0.225 0.7851307638 2
0 0.465 -0.215 0.7612627421 2
0 0.465 -0.205 0.735974037 2
0 0.465 -0.195 0.7093118427 2
0 0.465 -0.185 0.6813259168 2
0 0.465 -0.175 0.6520684871 2
0 0.465 -0.165 0.6215941544 2
0 0.465 -0.155 0.5899597906 2
0 0.465 -0.145 0.5572244322 2
0 0.465 -0.135 0.5234491707 2
0 0.465 -0.125 0.4886970381 2
0 0.465 -0.115 0.4530328895 2
0 0.465 -0.105 0.4165232821 2
0 0.465 -0.095 0.3792363507 2
0 0.465 -0.085 0.3412416811 2
0 0.465 -0.075 0.3026101796 2
0 0.465 -0.065 0.263413941 2
0 0.465 -0.055 0.2237261141 2
0 0.465 -0.045 0.1836207652 2
0 0.465 -0.035 0.1431727396 2
0 0.465 -0.025 0.1024575223 2
0 0.465 -0.015 0.06155109672 2
0 0.465 -0.005 0.02052980328 2
0 0.465 0.005 -0.02052980328 2
0 0.465 0.015 -0.06155109672 2
0 0.465 0.025 -0.1024575223 2
0 0.465 0.035 -0.1431727396 2
0 0.465 0.045 -0.1836207652 2
0 0.465 0.055 -0.2237261141 2
0 0.465 0.065 -0.263413941 2
0 0.465 0.075 -0.3026101796 2
0 0.465 0.085 -0.3412416811 2
0 0.465 0.095 -0.3792363507 2
0 0.465 0.105 -0.4165232821 2
0 0.465 0.115 -0.4530328895 2
0 0.465 0.125 -0.4886970381 2
0 0.465 0.135 -0.5234491707 2
0 0.465 0.145 -0.5572244322 2
0 0.465 0.155 -0.5899597906 2
0 0.465 0.165 -0.6215941544 2
0 0.465 0.175 -0.6520684871 2
0 0.465 0.185 -0.6813259168 2
0 0.465 0.195 -0.7093118427 2
0 0.465 0.205 -0.735974037 1
0 0.465 0.215 -0.7612627421 1
0 0.465 0.225 -0.7851307638 1
0 0.465 0.235 -0.8075335591 1
0 0.465 0.245 -0.8284293194 1
0 0.465 0.255 -0.8477790487 1
0 0.465 0.265 -0.8655466362 1
0 0.465 0.275 -0.8816989235 1
0 0.465 0.285 -0.8962057671 1
0 0.465 0.295 -0.9090400939 2
0 0.465 0.305 -0.9201779524 2
0 0.465 0.315 -0.9295985566 2
0 0.465 0.325 -0.9372843259 2
0 0.465 0.335 -0.9432209168 2
0 0.465 0.345 -0.9473972504 2
0 0.465 0.355 -0.9498055326 2
0 0.465 0.365 -0.9504412692 2
0 0.465 0.375 -0.9493032736 2
0 0.465 0.385 -0.9463936697 2
0 0.465 0.395 -0.9417178875 2
0 0.465 0.405 -0.9352846528 2
0 0.465 0.415 -0.9271059716 2
0 0.465 0.425 -0.9171971071 2
0 0.465 0.435 -0.9055765514 2
0 0.465 0.445 -0.892265991 2
0 0.465 0.455 -0.8772902663 2
0 0.465 0.465 -0.8606773254 2
0 0.465 0.475 -0.8424581716 2
0 0.465 0.485 -0.8226668058 2
0 0.465 0.495 -0.8013401632 2
0 0.465 0.505 0 2
0 0.465 0.515 0 2
0 0.465 0.525 0 2
0 0.465 0.535 0 2
0 0.465 0.545 0 2
0 0.465 0.555 0 2
0 0.465 0.565 0 2
0 0.475 -0.555 0 2
0 0.475 -0.545 0 2
0 0.475 -0.535 0 2
0 0.475 -0.525 0 2
0 0.475 -0.515 0 2
0 0.475 -0.505 0 2
0 0.475 -0.495 0.8081193088 2
0 0.475 -0.485 0.8296263697 2
0 0.475 -0.475 0.8495851657 2
0 0.475 -0.465 0.8679584492 2
0 0.475 -0.455 0.8847119316 2
0 0.475 -0.445 0.8998143473 2
0 0.475 -0.435 0.9132375119 2
0 0.475 -0.425 0.9249563747 2
0 0.475 -0.415 0.9349490658 2
0 0.475 -0.405 0.9431969367 1
0 0.475 -0.395 0.949684595 1
0 0.475 -0.385 0.9543999332 1
0 0.475 -0.375 0.9573341517 1
0 0.475 -0.365 0.9584817744 1
0 0.475 -0.355 0.9578406596 2
0 0.475 -0.345 0.9554120039 2
0 0.475 -0.335 0.9512003396 2
0 0.475 -0.325 0.9452135265 2
0 0.475 -0.315 0.9374627375 2
0 0.475 -0.305 0.9279624372 2
0 0.475 -0.295 0.9167303551 2
0 0.475 -0.285 0.903787453 2
0 0.475 -0.275 0.889157885 2
0 0.475 -0.265 0.8728689531 2
0 0.475 -0.255 0.8549510562 2
0 0.475 -0.245 0.8354376328 2
0 0.475 -0.235 0.8143650993 2
0 0.475 -0.225 0.7917727818 2
0 0.475 -0.215 0.7677028424 2
0 0.475 -0.205 0.7422002009 2
0 0.475 -0.195 0.7153124508 2
0 0.475 -0.185 0.6870897707 2
0 0.475 -0.175 0.6575848301 2
0 0.475 -0.165 0.6268526919 2
0 0.475 -0.155 0.5949507089 2
0 0.475 -0.145 0.5619384173 2
0 0.475 -0.135 0.5278774252 2
0 0.475 -0.125 0.4928312979 2
0 0.475 -0.115 0.4568654391 2
0 0.475 -0.105 0.4200469692 2
0 0.475 -0.095 0.3824445993 2
0 0.475 -0.085 0.3441285039 2
0 0.475 -0.075 0.3051701891 2
0 0.475 -0.065 0.2656423597 2
0 0.475 -0.055 0.2256187834 2
0 0.475 -0.045 0.1851741528 2
0 0.475 -0.035 0.1443839467 2
0 0.475 -0.025 0.1033242884 2
0 0.475 -0.015 0.06207180424 2
0 0.475 -0.005 0.02070348049 2
0 0.475 0.005 -0.02070348049 2
0 0.475 0.015 -0.06207180424 2
0 0.475 0.025 -0.1033242884 2
0 0.475 0.035 -0.1443839467 2
0 0.475 0.045 -0.1851741528 2
0 0.475 0.055 -0.2256187834 2
0 0.475 0.065 -0.2656423597 2
0 0.475 0.075 -0.3051701891 2
0 0.475 0.085 -0.3441285039 2
0 0.475 0.095 -0.3824445993 2
0 0.475 0.105 -0.4200469692 2
0 0.475 0.115 -0.4568654391 2
0 0.475 0.125 -0.4928312979 2
0 0.475 0.135 -0.5278774252 2
0 0.475 0.145 -0.5619384173 2
0 0.475 0.155 -0.5949507089 2
0 0.475 0.165 -0.6268526919 2
0 0.475 0.175 -0.6575848301 2
0 0.475 0.185 -0.6870897707 2
0 0.475 0.195 -0.7153124508 2
0 0.475 0.205 -0.7422002009 1
0 0.475 0.215 -0.7677028424 1
0 0.475 0.225 -0.7917727818 1
0 0.475 0.235 -0.8143650993 1
0 0.475 0.245 -0.8354376328 1
0 0.475 0.255 -0.8549510562 1
0 0.475 0.265 -0.8728689531 1
0 0.475 0.275 -0.889157885 1
0 0.475 0.285 -0.903787453 1
0 0.475 0.295 -0.9167303551 1
0 0.475 0.305 -0.9279624372 2
0 0.475 0.315 -0.9374627375 2
0 0.475 0.325 -0.9452135265 2
0 0.475 0.335 -0.9512003396 2
0 0.475 0.345 -0.9554120039 2
0 0.475 0.355 -0.9578406596 2
0 0.475 0.365 -0.9584817744 2
0 0.475 0.375 -0.9573341517 2
0 0.475 0.385 -0.9543999332 2
0 0.475 0.395 -0.949684595 2
0 0.475 0.405 -0.9431969367 2
0 0.475 0.415 -0.9349490658 2
0 0.475 0.425 -0.9249563747 2
0 0.475 0.435 -0.9132375119 2
0 0.475 0.445 -0.8998143473 2
0 0.475 0.455 -0.8847119316 2
0 0.475 0.465 -0.8679584492 2
0 0.475 0.475 -0.8495851657 2
0 0.475 0.485 -0.8296263697 2
0 0.475 0.495 -0.8081193088 2
0 0.475 0.505 0 2
0 0.475 0.515 0 2
0 0.475 0.525 0 2
0 0.475 0.535 0 2
0 0.475 0.545 0 2
0 0.475 0.555 0 2
0 0.475 0.565 0 2
0 0.485 -0.555 0 2
0 0.485 -0.545 0 2
0 0.485 -0.535 0 2
0 0.485 -0.525 0 2
0 0.485 -0.515 0 2
0 0.485 -0.505 0 2
0 0.485 -0.495 0.8143101129 2
0 0.485 -0.485 0.8359819341 2
0 0.485 -0.475 0.8560936296 2
0 0.485 -0.465 0.8746076663 2
0 0.485 -0.455 0.891489493 2
0 0.485 -0.445 0.9067076046 2
0 0.485 -0.435 0.9202336008 2
0 0.485 -0.425 0.9320422389 2
0 0.485 -0.415 0.9421114816 1
0 0.485 -0.405 0.9504225374 1
0 0.485 -0.395 0.956959896 1
0 0.485 -0.385 0.9617113574 1
0 0.485 -0.375 0.9646680541 1
0 0.485 -0.365 0.9658244685 1
0 0.485 -0.355 0.9651784423 1
0 0.485 -0.345 0.9627311812 2
0 0.485 -0.335 0.9584872524 2
0 0.485 -0.325 0.9524545758 2
0 0.485 -0.315 0.9446444099 2
0 0.485 -0.305 0.9350713301 2
0 0.485 -0.295 0.9237532019 2
0 0.485 -0.285 0.9107111473 2
0 0.485 -0.275 0.8959695058 2
0 0.485 -0.265 0.8795557884 2
0 0.485 -0.255 0.8615006268 2
0 0.485 -0.245 0.8418377159 2
0 0.485 -0.235 0.8206037509 2
0 0.485 -0.225 0.7978383591 2
0 0.485 -0.215 0.7735840258 2
0 0.485 -0.205 0.7478860148 2
0 0.485 -0.195 0.7207922843 2
0 0.485 -0.185 0.6923533971 2
0 0.485 -0.175 0.6626224265 2
0 0.485 -0.165 0.6316548569 2
0 0.485 -0.155 0.5995084806 2
0 0.485 -0.145 0.5662432899 2
0 0.485 -0.135 0.5319213648 2
0 0.485 -0.125 0.4966067577 2
0 0.485 -0.115 0.4603653734 2
0 0.485 -0.105 0.4232648461 2
0 0.485 -0.095 0.3853744137 2
0 0.485 -0.085 0.3467647881 2
0 0.485 -0.075 0.3075080232 2
0 0.485 -0.065 0.2676773808 2
0 0.485 -0.055 0.2273471936 2
0 0.485 -0.045 0.1865927267 2
0 0.485 -0.035 0.1454900367 2
0 0.485 -0.025 0.1041158304 2
0 0.485 -0.015 0.06254732112 2
0 0.485 -0.005 0.02086208479 2
0 0.485 0.005 -0.02086208479 2
0 0.485 0.015 -0.06254732112 2
0 0.485 0.025 -0.1041158304 2
0 0.485 0.035 -0.1454900367 2
0 0.485 0.045 -0.1865927267 2
0 0.485 0.055 -0.2273471936 2
0 0.485 0.065 -0.2676773808 2
0 0.485 0.075 -0.3075080232 2
0 0.485 0.085 -0.3467647881 2
0 0.485 0.095 -0.3853744137 2
0 0.485 0.105 -0.4232648461 2
0 0.485 0.115 -0.4603653734 2
0 0.485 0.125 -0.4966067577 2
0 0.485 0.135 -0.5319213648 2
0 0.485 0.145 -0.5662432899 2
0 0.485 0.155 -0.5995084806 2
0 0.485 0.165 -0.6316548569 2
0 0.485 0.175 -0.6626224265 2
0 0.485 0.185 -0.6923533971 2
0 0.485 0.195 -0.7207922843 2
0 0.485 0.205 -0.7478860148 2
0 0.485 0.215 -0.7735840258 1
0 0.485 0.225 -0.7978383591 1
0 0.485 0.235 -0.8206037509 1
0 0.485 0.245 -0.8418377159 1
0 0.485 0.255 -0.8615006268 1
0 0.485 0.265 -0.8795557884 1
0 0.485 0.275 -0.8959695058 1
0 0.485 0.285 -0.9107111473 1
0 0.485 0.295 -0.9237532019 1
0 0.485 0.305 -0.9350713301 2
0 0.485 0.315 -0.9446444099 2
0 0.485 0.325 -0.9524545758 2
0 0.485 0.335 -0.9584872524 2
0 0.485 0.345 -0.9627311812 2
0 0.485 0.355 -0.9651784423 2
0 0.485 0.365 -0.9658244685 2
0 0.485 0.375 -0.9646680541 2
0 0.485 0.385 -0.9617113574 2
0 0.485 0.395 -0.956959896 2
0 0.485 0.405 -0.9504225374 2
0 0.485 0.415 -0.9421114816 2
0 0.485 0.425 -0.9320422389 2
0 0.485 0.435 -0.9202336008 2
0 0.485 0.445 -0.9067076046 2
0 0.485 0.455 -0.891489493 2
0 0.485 0.465 -0.8746076663 2
0 0.485 0.475 -0.8560936296 2
0 0.485 0.485 -0.8359819341 2
0 0.485 0.495 -0.8143101129 2
0 0.485 0.505 0 2
0 0.485 0.515 0 2
0 0.485 0.525 0 2
0 0.485 0.535 0 2
0 0.485 0.545 0 2
0 0.485 0.555 0 2
0 0.485 0.565 0 2
0 0.495 -0.555 0 2
0 0.495 -0.545 0 2
0 0.495 -0.535 0 2
0 0.495 -0.525 0 2
0 0.495 -0.515 0 2
0 0.495 -0.505 0 2
0 0.495 -0.495 0.8199080683 2
0 0.495 -0.485 0.841728872 2
0 0.495 -0.475 0.8619788248 2
0 0.495 -0.465 0.8806201358 2
0 0.495 -0.455 0.8976180163 2
0 0.495 -0.445 0.9129407444 2
0 0.495 -0.435 0.9265597247 2
0 0.495 -0.425 0.938449541 2
0 0.495 -0.415 0.9485880045 1
0 0.495 -0.405 0.9569561944 1
0 0.495 -0.395 0.963538494 1
0 0.495 -0.385 0.9683226191 1
0 0.495 -0.375 0.9712996416 1
0 0.495 -0.365 0.9724640058 1
0 0.495 -0.355 0.9718135385 1
0 0.495 -0.345 0.9693494538 2
0 0.495 -0.335 0.9650763501 2
0 0.495 -0.325 0.9590022021 2
0 0.495 -0.315 0.9511383454 2
0 0.495 -0.305 0.9414994556 2
0 0.495 -0.295 0.9301035212 2
0 0.495 -0.285 0.9169718093 2
0 0.495 -0.275 0.9021288268 2
0 0.495 -0.265 0.8856022737 2
0 0.495 -0.255 0.8674229923 2
0 0.495 -0.245 0.8476249091 2
0 0.495 -0.235 0.8262449718 2
0 0.495 -0.225 0.8033230799 2
0 0.495 -0.215 0.7789020107 2
0 0.495 -0.205 0.7530273394 2
0 0.495 -0.195 0.7257473537 2
0 0.495 -0.185 0.697112964 2
0 0.495 -0.175 0.6671776085 2
0 0.495 -0.165 0.6359971531 2
0 0.495 -0.155 0.6036297873 2
0 0.495 -0.145 0.5701359159 2
0 0.495 -0.135 0.5355780456 2
0 0.495 -0.125 0.500020669 2
0 0.495 -0.115 0.4635301441 2
0 0.495 -0.105 0.4261745702 2
0 0.495 -0.095 0.3880236609 2
0 0.495 -0.085 0.3491486143 2
0 0.495 -0.075 0.3096219797 2
0 0.495 -0.065 0.2695175225 2
0 0.495 -0.055 0.2289100865 2
0 0.495 -0.045 0.1878754539 2
0 0.495 -0.035 0.1464902045 2
0 0.495 -0.025 0.1048315722 2
0 0.495 -0.015 0.06297730119 2
0 0.495 -0.005 0.02100550069 2
0 0.495 0.005 -0.02100550069 2
0 0.495 0.015 -0.06297730119 2
0 0.495 0.025 -0.1048315722 2
0 0.495 0.035 -0.1464902045 2
0 0.495 0.045 -0.1878754539 2
0 0.495 0.055 -0.2289100865 2
0 0.495 0.065 -0.2695175225 2
0 0.495 0.075 -0.3096219797 2
0 0.495 0.085 -0.3491486143 2
0 0.495 0.095 -0.3880236609 2
0 0.495 0.105 -0.4261745702 2
0 0.495 0.115 -0.4635301441 2
0 0.495 0.125 -0.500020669 2
0 0.495 0.135 -0.5355780456 2
0 0.495 0.145 -0.5701359159 2
0 0.495 0.155 -0.6036297873 2
0 0.495 0.165 -0.6359971531 2
0 0.495 0.175 -0.6671776085 2
0 0.495 0.185 -0.697112964 2
0 0.495 0.195 -0.7257473537 2
0 0.495 0.205 -0.7530273394 2
0 0.495 0.215 -0.7789020107 1
0 0.495 0.225 -0.8033230799 1
0 0.495 0.235 -0.8262449718 1
0 0.495 0.245 -0.8476249091 1
0 0.495 0.255 -0.8674229923 1
0 0.495 0.265 -0.8856022737 1
0 0.495 0.275 -0.9021288268 1
0 0.495 0.285 -0.9169718093 1
0 0.495 0.295 -0.9301035212 1
0 0.495 0.305 -0.9414994556 1
0 0.495 0.315 -0.9511383454 2
0 0.495 0.325 -0.9590022021 2
0 0.495 0.335 -0.9650763501 2
0 0.495 0.345 -0.9693494538 2
0 0.495 0.355 -0.9718135385 2
0 0.495 0.365 -0.9724640058 2
0 0.495 0.375 -0.9712996416 2
0 0.495 0.385 -0.9683226191 2
0 0.495 0.395 -0.963538494 2
0 0.495 0.405 -0.9569561944 2
0 0.495 0.415 -0.9485880045 2
0 0.495 0.425 -0.938449541 2
0 0.495 0.435 -0.9265597247 2
0 0.495 0.445 -0.9129407444 2
0 0.495 0.455 -0.8976180163 2
0 0.495 0.465 -0.8806201358 2
0 0.495 0.475 -0.8619788248 2
0 0.495 0.485 -0.841728872 2
0 0.495 0.495 -0.8199080683 2
0 0.495 0.505 0 2
0 0.495 0.515 0 2
0 0.495 0.525 0 2
0 0.495 0.535 0 2
0 0.495 0.545 0 2
0 0.495 0.555 0 2
0 0.495 0.565 0 2
0 0.505 -0.555 0 2
0 0.505 -0.545 0 2
0 0.505 -0.535 0 2
0 0.505 -0.525 0 2
0 0.505 -0.515 0 2
0 0.505 -0.505 0 2
0 0.505 -0.495 0.8249090996 2
0 0.505 -0.485 0.8468629993 2
0 0.505 -0.475 0.8672364667 2
0 0.505 -0.465 0.8859914804 2
0 0.505 -0.455 0.9030930395 2
0 0.505 -0.445 0.9185092287 2
0 0.505 -0.435 0.932211278 2
0 0.505 -0.425 0.9441736163 2
0 0.505 -0.415 0.9543739193 1
0 0.505 -0.405 0.9627931511 1
0 0.505 -0.395 0.9694155994 1
0 0.505 -0.385 0.9742289053 1
0 0.505 -0.375 0.9772240862 1
0 0.505 -0.365 0.9783955523 1
0 0.505 -0.355 0.9777411175 1
0 0.505 -0.345 0.9752620031 2
0 0.505 -0.335 0.9709628357 2
0 0.505 -0.325 0.9648516383 2
0 0.505 -0.315 0.956939816 2
0 0.505 -0.305 0.9472421338 2
0 0.505 -0.295 0.9357766899 2
0 0.505 -0.285 0.9225648811 2
0 0.505 -0.275 0.9076313637 2
0 0.505 -0.265 0.8910040069 2
0 0.505 -0.255 0.8727138409 2
0 0.505 -0.245 0.8527949993 2
0 0.505 -0.235 0.831284655 2
0 0.505 -0.225 0.808222951 2
0 0.505 -0.215 0.7836529254 2
0 0.505 -0.205 0.7576204314 2
0 0.505 -0.195 0.7301740514 2
0 0.505 -0.185 0.7013650062 2
0 0.505 -0.175 0.67124706 2
0 0.505 -0.165 0.6398764193 2
0 0.505 -0.155 0.6073116287 2
0 0.505 -0.145 0.5736134613 2
0 0.505 -0.135 0.5388448051 2
0 0.505 -0.125 0.5030705463 2
0 0.505 -0.115 0.4663574474 2
0 0.505 -0.105 0.428774023 2
0 0.505 -0.095 0.3903904122 2
0 0.505 -0.085 0.3512782471 2
0 0.505 -0.075 0.3115105198 2
0 0.505 -0.065 0.2711614453 2
0 0.505 -0.055 0.2303063241 2
0 0.505 -0.045 0.1890214007 2
0 0.505 -0.035 0.1473837219 2
0 0.505 -0.025 0.1054709926 2
0 0.505 -0.015 0.06336143139 2
0 0.505 -0.005 0.02113362379 2
0 0.505 0.005 -0.02113362379 2
0 0.505 0.015 -0.06336143139 2
0 0.505 0.025 -0.1054709926 2
0 0.505 0.035 -0.1473837219 2
0 0.505 0.045 -0.1890214007 2
0 0.505 0.055 -0.2303063241 2
0 0.505 0.065 -0.2711614453 2
0 0.505 0.075 -0.3115105198 2
0 0.505 0.085 -0.3512782471 2
0 0.505 0.095 -0.3903904122 2
0 0.505 0.105 -0.428774023 2
0 0.505 0.115 -0.4663574474 2
0 0.505 0.125 -0.5030705463 2
0 0.505 0.135 -0.5388448051 2
0 0.505 0.145 -0.5736134613 2
0 0.505 0.155 -0.6073116287 2
0 0.505 0.165 -0.6398764193 2
0 0.505 0.175 -0.67124706 2
0 0.505 0.185 -0.7013650062 2
0 0.505 0.195 -0.7301740514 2
0 0.505 0.205 -0.7576204314 2
0 0.505 0.215 -0.7836529254 2
0 0.505 0.225 -0.808222951 1
0 0.505 0.235 -0.831284655 1
0 0.505 0.245 -0.8527949993 1
0 0.505 0.255 -0.8727138409 1
0 0.505 0.265 -0.8910040069 1
0 0.505 0.275 -0.9076313637 1
0 0.505 0.285 -0.9225648811 1
0 0.505 0.295 -0.9357766899 1
0 0.505 0.305 -0.9472421338 1
0 0.505 0.315 -0.956939816 2
0 0.505 0.325 -0.9648516383 2
0 0.505 0.335 -0.9709628357 2
0 0.505 0.345 -0.9752620031 2
0 0.505 0.355 -0.9777411175 2
0 0.505 0.365 -0.9783955523 2
0 0.505 0.375 -0.9772240862 2
0 0.505 0.385 -0.9742289053 2
0 0.505 0.395 -0.9694155994 2
0 0.505 0.405 -0.9627931511 2
0 0.505 0.415 -0.9543739193 2
0 0.505 0.425 -0.9441736163 2
0 0.505 0.435 -0.932211278 2
0 0.505 0.445 -0.9185092287 2
0 0.505 0.455 -0.9030930395 2
0 0.505 0.465 -0.8859914804 2
0 0.505 0.475 -0.8672364667 2
0 0.505 0.485 -0.8468629993 2
0 0.505 0.495 -0.8249090996 2
0 0.505 0.505 0 2
0 0.505 0.515 0 2
0 0.505 0.525 0 2
0 0.505 0.535 0 2
0 0.505 0.545 0 2
0 0.505 0.555 0 2
0 0.505 0.565 0 2
0 0.515 -0.555 0 2
0 0.515 -0.545 0 2
0 0.515 -0.535 0 1
0 0.515 -0.525 0 1
0 0.515 -0.515 0 1
0 0.515 -0.505 0 1
0 0.515 -0.495 0.8293095657 1
0 0.515 -0.485 0.8513805782 2
0 0.515 -0.475 0.8718627276 2
0 0.515 -0.465 0.8907177897 2
0 0.515 -0.455 0.9079105768 2
0 0.515 -0.445 0.9234090034 2
0 0.515 -0.435 0.9371841461 2
0 0.515 -0.425 0.9492102973 2
0 0.515 -0.415 0.9594650137 1
0 0.515 -0.405 0.9679291577 1
0 0.515 -0.395 0.9745869334 1
0 0.515 -0.385 0.9794259158 1
0 0.515 -0.375 0.9824370745 1
0 0.515 -0.365 0.9836147898 1
0 0.515 -0.355 0.9829568639 1
0 0.515 -0.345 0.9804645247 2
0 0.515 -0.335 0.9761424234 2
0 0.515 -0.325 0.969998626 2
0 0.515 -0.315 0.9620445981 2
0 0.515 -0.305 0.9522951838 2
0 0.515 -0.295 0.9407685776 2
0 0.515 -0.285 0.9274862906 2
0 0.515 -0.275 0.9124731106 2
0 0.515 -0.265 0.8957570554 2
0 0.515 -0.255 0.8773693208 2
0 0.515 -0.245 0.8573442224 2
0 0.515 -0.235 0.8357191314 2
0 0.515 -0.225 0.812534405 2
0 0.515 -0.215 0.787833311 2
0 0.515 -0.205 0.7616619471 2
0 0.515 -0.195 0.7340691547 2
0 0.515 -0.185 0.7051064281 2
0 0.515 -0.175 0.6748278181 2
0 0.515 -0.165 0.6432898311 2
0 0.515 -0.155 0.6105513241 2
0 0.515 -0.145 0.5766733943 2
0 0.515 -0.135 0.5417192653 2
0 0.515 -0.125 0.5057541691 2
0 0.515 -0.115 0.4688452247 2
0 0.515 -0.105 0.4310613121 2
0 0.515 -0.095 0.3924729444 2
0 0.515 -0.085 0.3531521361 2
0 0.515 -0.075 0.3131722683 2
0 0.515 -0.065 0.2726079523 2
0 0.515 -0.055 0.23153489 2
0 0.515 -0.045 0.1900297327 2
0 0.515 -0.035 0.1481699383 2
0 0.515 -0.025 0.1060336262 2
0 0.515 -0.015 0.06369943207 2
0 0.515 -0.005 0.02124636081 2
0 0.515 0.005 -0.02124636081 2
0 0.515 0.015 -0.06369943207 2
0 0.515 0.025 -0.1060336262 2
0 0.515 0.035 -0.1481699383 2
0 0.515 0.045 -0.1900297327 2
0 0.515 0.055 -0.23153489 2
0 0.515 0.065 -0.2726079523 2
0 0.515 0.075 -0.3131722683 2
0 0.515 0.085 -0.3531521361 2
0 0.515 0.095 -0.3924729444 2
0 0.515 0.105 -0.4310613121 2
0 0.515 0.115 -0.4688452247 2
0 0.515 0.125 -0.5057541691 2
0 0.515 0.135 -0.5417192653 2
0 0.515 0.145 -0.5766733943 2
0 0.515 0.155 -0.6105513241 2
0 0.515 0.165 -0.6432898311 2
0 0.515 0.175 -0.6748278181 2
0 0.515 0.185 -0.7051064281 2
0 0.515 0.195 -0.7340691547 2
0 0.515 0.205 -0.7616619471 2
0 0.515 0.215 -0.787833311 2
0 0.515 0.225 -0.812534405 2
0 0.515 0.235 -0.8357191314 1
0 0.515 0.245 -0.8573442224 1
0 0.515 0.255 -0.8773693208 1
0 0.515 0.265 -0.8957570554 1
0 0.515 0.275 -0.9124731106 1
0 0.515 0.285 -0.9274862906 1
0 0.515 0.295 -0.9407685776 1
0 0.515 0.305 -0.9522951838 1
0 0.515 0.315 -0.9620445981 2
0 0.515 0.325 -0.969998626 2
0 0.515 0.335 -0.9761424234 2
0 0.515 0.345 -0.9804645247 2
0 0.515 0.355 -0.9829568639 2
0 0.515 0.365 -0.9836147898 2
0 0.515 0.375 -0.9824370745 2
0 0.515 0.385 -0.9794259158 2
0 0.515 0.395 -0.9745869334 2
0 0.515 0.405 -0.9679291577 2
0 0.515 0.415 -0.9594650137 2
0 0.515 0.425 -0.9492102973 2
0 0.515 0.435 -0.9371841461 2
0 0.515 0.445 -0.9234090034 2
0 0.515 0.455 -0.9079105768 2
0 0.515 0.465 -0.8907177897 2
0 0.515 0.475 -0.8718627276 2
0 0.515 0.485 -0.8513805782 2
0 0.515 0.495 -0.8293095657 2
0 0.515 0.505 0 2
0 0.515 0.515 0 2
0 0.515 0.525 0 2
0 0.515 0.535 0 2
0 0.515 0.545 0 2
0 0.515 0.555 0 2
0 0.515 0.565 0 2
0 0.525 -0.555 0 1
0 0.525 -0.545 0 1
0 0.525 -0.535 0 1
0 0.525 -0.525 0 1
0 0.525 -0.515 0 1
0 0.525 -0.505 0 1
0 0.525 -0.495 0.833106263 1
0 0.525 -0.485 0.8552783197 1
0 0.525 -0.475 0.8758542393 2
0 0.525 -0.465 0.8947956225 2
0 0.525 -0.455 0.9120671207 2
0 0.525 -0.445 0.9276365013 2
0 0.525 -0.435 0.9414747085 2
0 0.525 -0.425 0.9535559172 2
0 0.525 -0.415 0.9638575812 1
0 0.525 -0.405 0.9723604752 1
0 0.525 -0.395 0.9790487312 1
0 0.525 -0.385 0.9839098672 1
0 0.525 -0.375 0.9869348113 1
0 0.525 -0.365 0.9881179184 1
0 0.525 -0.355 0.9874569804 1
0 0.525 -0.345 0.9849532309 2
0 0.525 -0.335 0.9806113424 2
0 0.525 -0.325 0.9744394178 2
0 0.525 -0.315 0.9664489753 2
0 0.525 -0.305 0.9566549268 2
0 0.525 -0.295 0.9450755501 2
0 0.525 -0.285 0.931732455 2
0 0.525 -0.275 0.9166505424 2
0 0.525 -0.265 0.8998579587 2
0 0.525 -0.255 0.8813860425 2
0 0.525 -0.245 0.8612692663 2
0 0.525 -0.235 0.8395451726 2
0 0.525 -0.225 0.8162543033 2
0 0.525 -0.215 0.7914401241 2
0 0.525 -0.205 0.765148944 2
0 0.525 -0.195 0.7374298278 2
0 0.525 -0.185 0.7083345057 2
0 0.525 -0.175 0.6779172759 2
0 0.525 -0.165 0.6462349036 2
0 0.525 -0.155 0.613346515 2
0 0.525 -0.145 0.5793134872 2
0 0.525 -0.135 0.5441993332 2
0 0.525 -0.125 0.5080695837 2
0 0.525 -0.115 0.4709916649 2
0 0.525 -0.105 0.4330347722 2
0 0.525 -0.095 0.3942697415 2
0 0.525 -0.085 0.3547689168 2
0 0.525 -0.075 0.3146060155 2
0 0.525 -0.065 0.2738559903 2
0 0.525 -0.055 0.2325948897 2
0 0.525 -0.045 0.1908997159 2
0 0.525 -0.035 0.1488482814 2
0 0.525 -0.025 0.1065190632 2
0 0.525 -0.015 0.06399105714 2
0 0.525 -0.005 0.02134362968 2
0 0.525 0.005 -0.02134362968 2
0 0.525 0.015 -0.06399105714 2
0 0.525 0.025 -0.1065190632 2
0 0.525 0.035 -0.1488482814 2
0 0.525 0.045 -0.1908997159 2
0 0.525 0.055 -0.2325948897 2
0 0.525 0.065 -0.2738559903 2
0 0.525 0.075 -0.3146060155 2
0 0.525 0.085 -0.3547689168 2
0 0.525 0.095 -0.3942697415 2
0 0.525 0.105 -0.4330347722 2
0 0.525 0.115 -0.4709916649 2
0 0.525 0.125 -0.5080695837 2
0 0.525 0.135 -0.5441993332 2
0 0.525 0.145 -0.5793134872 2
0 0.525 0.155 -0.613346515 2
0 0.525 0.165 -0.6462349036 2
0 0.525 0.175 -0.6779172759 2
0 0.525 0.185 -0.7083345057 2
0 0.525 0.195 -0.7374298278 2
0 0.525 0.205 -0.765148944 2
0 0.525 0.215 -0.7914401241 2
0 0.525 0.225 -0.8162543033 2
0 0.525 0.235 -0.8395451726 2
0 0.525 0.245 -0.8612692663 2
0 0.525 0.255 -0.8813860425 1
0 0.525 0.265 -0.8998579587 1
0 0.525 0.275 -0.9166505424 1
0 0.525 0.285 -0.931732455 1
0 0.525 0.295 -0.9450755501 1
0 0.525 0.305 -0.9566549268 2
0 0.525 0.315 -0.9664489753 2
0 0.525 0.325 -0.9744394178 2
0 0.525 0.335 -0.9806113424 2
0 0.525 0.345 -0.9849532309 2
0 0.525 0.355 -0.9874569804 2
0 0.525 0.365 -0.9881179184 2
0 0.525 0.375 -0.9869348113 2
0 0.525 0.385 -0.9839098672 2
0 0.525 0.395 -0.9790487312 2
0 0.525 0.405 -0.9723604752 2
0 0.525 0.415 -0.9638575812 2
0 0.525 0.425 -0.9535559172 2
0 0.525 0.435 -0.9414747085 2
0 0.525 0.445 -0.9276365013 2
0 0.525 0.455 -0.9120671207 2
0 0.525 0.465 -0.8947956225 2
0 0.525 0.475 -0.8758542393 2
0 0.525 0.485 -0.8552783197 2
0 0.525 0.495 -0.833106263 2
0 0.525 0.505 0 2
0 0.525 0.515 0 2
0 0.525 0.525 0 2
0 0.525 0.535 0 2
0 0.525 0.545 0 2
0 0.525 0.555 0 2
0 0.525 0.565 0 2
0 0.535 -0.555 0 1
0 0.535 -0.545 0 1
0 0.535 -0.535 0 1
0 0.535 -0.525 0 1
0 0.535 -0.515 0 1
0 0.535 -0.505 0 1
0 0.535 -0.495 0.8362964273 1
0 0.535 -0.485 0.8585533862 1
0 0.535 -0.475 0.8792080959 2
0 0.535 -0.465 0.8982220103 2
0 0.535 -0.455 0.9155596451 2
0 0.535 -0.445 0.9311886447 2
0 0.535 -0.435 0.9450798417 2
0 0.535 -0.425 0.9572073122 2
0 0.535 -0.415 0.9675484237 1
0 0.535 -0.405 0.9760838774 1
0 0.535 -0.395 0.9827977443 1
0 0.535 -0.385 0.9876774948 1
0 0.535 -0.375 0.9907140221 1
0 0.535 -0.365 0.9919016596 1
0 0.535 -0.355 0.9912381908 1
0 0.535 -0.345 0.9887248538 2
0 0.535 -0.335 0.9843663392 2
0 0.535 -0.325 0.9781707808 2
0 0.535 -0.315 0.970149741 2
0 0.535 -0.305 0.9603181887 2
0 0.535 -0.295 0.9486944718 2
0 0.535 -0.285 0.9353002827 2
0 0.535 -0.275 0.9201606179 2
0 0.535 -0.265 0.9033037313 2
0 0.535 -0.255 0.8847610817 2
0 0.535 -0.245 0.8645672736 2
0 0.535 -0.235 0.8427599931 2
0 0.535 -0.225 0.8193799374 2
0 0.535 -0.215 0.7944707388 2
0 0.535 -0.205 0.7680788834 2
0 0.535 -0.195 0.7402536241 2
0 0.535 -0.185 0.711046889 2
0 0.535 -0.175 0.6805131843 1
0 0.535 -0.165 0.6487094925 1
0 0.535 -0.155 0.6156951664 1
0 0.535 -0.145 0.5815318179 1
0 0.535 -0.135 0.5462832034 2
0 0.535 -0.125 0.5100151044 2
0 0.535 -0.115 0.4727952053 2
0 0.535 -0.105 0.4346929665 2
0 0.535 -0.095 0.3957794952 2
0 0.535 -0.085 0.3561274124 2
0 0.535 -0.075 0.3158107177 2
0 0.535 -0.065 0.2749046508 2
0 0.535 -0.055 0.2334855515 2
0 0.535 -0.045 0.1916307169 2
0 0.535 -0.035 0.1494182572 2
0 0.535 -0.025 0.1069269504 2
0 0.535 -0.015 0.06423609429 2
0 0.535 -0.005 0.02142535957 2
0 0.535 0.005 -0.02142535957 2
0 0.535 0.015 -0.06423609429 2
0 0.535 0.025 -0.1069269504 2
0 0.535 0.035 -0.1494182572 2
0 0.535 0.045 -0.1916307169 2
0 0.535 0.055 -0.2334855515 2
0 0.535 0.065 -0.2749046508 2
0 0.535 0.075 -0.3158107177 2
0 0.535 0.085 -0.3561274124 2
0 0.535 0.095 -0.3957794952 2
0 0.535 0.105 -0.4346929665 2
0 0.535 0.115 -0.4727952053 2
0 0.535 0.125 -0.5100151044 2
0 0.535 0.135 -0.5462832034 2
0 0.535 0.145 -0.5815318179 2
0 0.535 0.155 -0.6156951664 2
0 0.535 0.165 -0.6487094925 2
0 0.535 0.175 -0.6805131843 2
0 0.535 0.185 -0.711046889 2
0 0.535 0.195 -0.7402536241 2
0 0.535 0.205 -0.7680788834 2
0 0.535 0.215 -0.7944707388 2
0 0.535 0.225 -0.8193799374 2
0 0.535 0.235 -0.8427599931 2
0 0.535 0.245 -0.8645672736 2
0 0.535 0.255 -0.8847610817 2
0 0.535 0.265 -0.9033037313 2
0 0.535 0.275 -0.9201606179 2
0 0.535 0.285 -0.9353002827 2
0 0.535 0.295 -0.9486944718 2
0 0.535 0.305 -0.9603181887 2
0 0.535 0.315 -0.970149741 2
0 0.535 0.325 -0.9781707808 2
0 0.535 0.335 -0.9843663392 2
0 0.535 0.345 -0.9887248538 2
0 0.535 0.355 -0.9912381908 2
0 0.535 0.365 -0.9919016596 2
0 0.535 0.375 -0.9907140221 2
0 0.535 0.385 -0.9876774948 2
0 0.535 0.395 -0.9827977443 2
0 0.535 0.405 -0.9760838774 2
0 0.535 0.415 -0.9675484237 2
0 0.535 0.425 -0.9572073122 2
0 0.535 0.435 -0.9450798417 2
0 0.535 0.445 -0.9311886447 2
0 0.535 0.455 -0.9155596451 2
0 0.535 0.465 -0.8982220103 2
0 0.535 0.475 -0.8792080959 2
0 0.535 0.485 -0.8585533862 2
0 0.535 0.495 -0.8362964273 2
0 0.535 0.505 0 2
0 0.535 0.515 0 2
0 0.535 0.525 0 2
0 0.535 0.535 0 2
0 0.535 0.545 0 1
0 0.535 0.555 0 1
0 0.535 0.565 0 1
0 0.545 -0.555 0 1
0 0.545 -0.545 0 1
0 0.545 -0.535 0 1
0 0.545 -0.525 0 1
0 0.545 -0.515 0 1
0 0.545 -0.505 0 1
0 0.545 -0.495 0.8388777361 1
0 0.545 -0.485 0.8612033932 1
0 0.545 -0.475 0.8819218556 2
0 0.545 -0.465 0.9009944583 2
0 0.545 -0.455 0.9183856074 2
0 0.545 -0.445 0.9340628473 2
0 0.545 -0.435 0.9479969209 2
0 0.545 -0.425 0.960161824 2
0 0.545 -0.415 0.9705348544 1
0 0.545 -0.405 0.9790966535 1
0 0.545 -0.395 0.9858312434 1
0 0.545 -0.385 0.9907260557 1
0 0.545 -0.375 0.9937719556 1
0 0.545 -0.365 0.9949632588 1
0 0.545 -0.355 0.9942977421 1
0 0.545 -0.345 0.9917766475 2
0 0.545 -0.335 0.9874046799 2
0 0.545 -0.325 0.9811899983 2
0 0.545 -0.315 0.9731442008 2
0 0.545 -0.305 0.9632823025 2
0 0.545 -0.295 0.9516227079 2
0 0.545 -0.285 0.9381871763 2
0 0.545 -0.275 0.9230007815 2
0 0.545 -0.265 0.9060918646 2
0 0.545 -0.255 0.8874919812 2
0 0.545 -0.245 0.867235843 2
0 0.545 -0.235 0.8453612523 2
0 0.545 -0.225 0.8219090318 2
0 0.545 -0.215 0.7969229486 2
0 0.545 -0.205 0.7704496322 2
0 0.545 -0.195 0.7425384876 2
0 0.545 -0.185 0.7132416031 1
0 0.545 -0.175 0.6826136532 1
0 0.545 -0.165 0.6507117963 1
0 0.545 -0.155 0.6175955683 1
0 0.545 -0.145 0.5833267714 1
0 0.545 -0.135 0.5479693586 1
0 0.545 -0.125 0.5115893147 2
0 0.545 -0.115 0.4742545328 2
0 0.545 -0.105 0.4360346878 2
0 0.545 -0.095 0.3970011064 2
0 0.545 -0.085 0.3572266336 2
0 0.545 -0.075 0.3167854976 2
0 0.545 -0.065 0.2757531702 2
0 0.545 -0.055 0.2342062269 2
0 0.545 -0.045 0.1922222034 2
0 0.545 -0.035 0.149879451 2
0 0.545 -0.025 0.1072569906 2
0 0.545 -0.015 0.06443436513 2
0 0.545 -0.005 0.02149149099 2
0 0.545 0.005 -0.02149149099 2
0 0.545 0.015 -0.06443436513 2
0 0.545 0.025 -0.1072569906 2
0 0.545 0.035 -0.149879451 2
0 0.545 0.045 -0.1922222034 2
0 0.545 0.055 -0.2342062269 2
0 0.545 0.065 -0.2757531702 2
0 0.545 0.075 -0.3167854976 2
0 0.545 0.085 -0.3572266336 2
0 0.545 0.095 -0.3970011064 2
0 0.545 0.105 -0.4360346878 2
0 0.545 0.115 -0.4742545328 2
0 0.545 0.125 -0.5115893147 2
0 0.545 0.135 -0.5479693586 2
0 0.545 0.145 -0.5833267714 2
0 0.545 0.155 -0.6175955683 2
0 0.545 0.165 -0.6507117963 2
0 0.545 0.175 -0.6826136532 2
0 0.545 0.185 -0.7132416031 1
0 0.545 0.195 -0.7425384876 1
0 0.545 0.205 -0.7704496322 1
0 0.545 0.215 -0.7969229486 1
0 0.545 0.225 -0.8219090318 1
0 0.545 0.235 -0.8453612523 1
0 0.545 0.245 -0.867235843 1
0 0.545 0.255 -0.8874919812 1
0 0.545 0.265 -0.9060918646 2
0 0.545 0.275 -0.9230007815 2
0 0.545 0.285 -0.9381871763 2
0 0.545 0.295 -0.9516227079 2
0 0.545 0.305 -0.9632823025 2
0 0.545 0.315 -0.9731442008 2
0 0.545 0.325 -0.9811899983 2
0 0.545 0.335 -0.9874046799 2
0 0.545 0.345 -0.9917766475 2
0 0.545 0.355 -0.9942977421 2
0 0.545 0.365 -0.9949632588 2
0 0.545 0.375 -0.9937719556 2
0 0.545 0.385 -0.9907260557 2
0 0.545 0.395 -0.9858312434 2
0 0.545 0.405 -0.9790966535 2
0 0.545 0.415 -0.9705348544 2
0 0.545 0.425 -0.960161824 2
0 0.545 0.435 -0.9479969209 2
0 0.545 0.445 -0.9340628473 2
0 0.545 0.455 -0.9183856074 2
0 0.545 0.465 -0.9009944583 2
0 0.545 0.475 -0.8819218556 2
0 0.545 0.485 -0.8612033932 2
0 0.545 0.495 -0.8388777361 2
0 0.545 0.505 0 2
0 0.545 0.515 0 2
0 0.545 0.525 0 2
0 0.545 0.535 0 2
0 0.545 0.545 0 1
0 0.545 0.555 0 1
0 0.545 0.565 0 1
0 0.555 -0.555 0 1
0 0.555 -0.545 0 1
0 0.555 -0.535 0 1
0 0.555 -0.525 0 1
0 0.555 -0.515 0 1
0 0.555 -0.505 0 1
0 0.555 -0.495 0.84084831 1
0 0.555 -0.485 0.8632264114 1
0 0.555 -0.475 0.8839935428 2
0 0.555 -0.465 0.9031109481 2
0 0.555 -0.455 0.9205429501 2
0 0.555 -0.445 0.9362570168 2
0 0.555 -0.435 0.9502238223 2
0 0.555 -0.425 0.9624173016 2
0 0.555 -0.415 0.9728146988 2
0 0.555 -0.405 0.9813966101 1
0 0.555 -0.395 0.9881470199 1
0 0.555 -0.385 0.9930533304 1
0 0.555 -0.375 0.9961063853 1
0 0.555 -0.365 0.997300487 1
0 0.555 -0.355 0.9966334069 2
0 0.555 -0.345 0.9941063901 2
0 0.555 -0.335 0.9897241525 2
0 0.555 -0.325 0.9834948723 2
0 0.555 -0.315 0.9754301747 2
0 0.555 -0.305 0.9655451102 2
0 0.555 -0.295 0.9538581265 2
0 0.555 -0.285 0.9403910341 2
0 0.555 -0.275 0.9251689655 2
0 0.555 -0.265 0.9082203285 2
0 0.555 -0.255 0.889576753 2
0 0.555 -0.245 0.8692730319 2
0 0.555 -0.235 0.8473470564 2
0 0.555 -0.225 0.8238397452 2
0 0.555 -0.215 0.7987949682 2
0 0.555 -0.205 0.7722594644 2
0 0.555 -0.195 0.7442827549 2
0 0.555 -0.185 0.7149170503 1
0 0.555 -0.175 0.6842171535 1
0 0.555 -0.165 0.6522403572 1
0 0.555 -0.155 0.6190463372 1
0 0.555 -0.145 0.5846970409 1
0 0.555 -0.135 0.5492565714 1
0 0.555 -0.125 0.5127910686 1
0 0.555 -0.115 0.4753685851 2
0 0.555 -0.105 0.4370589594 2
0 0.555 -0.095 0.3979336857 2
0 0.555 -0.085 0.3580657804 2
0 0.555 -0.075 0.3175296457 2
0 0.555 -0.065 0.2764009309 2
0 0.555 -0.055 0.2347563914 2
0 0.555 -0.045 0.1926737448 2
0 0.555 -0.035 0.1502315268 2
0 0.555 -0.025 0.1075089437 2
0 0.555 -0.015 0.06458572531 2
0 0.555 -0.005 0.02154197579 2
0 0.555 0.005 -0.02154197579 2
0 0.555 0.015 -0.06458572531 2
0 0.555 0.025 -0.1075089437 2
0 0.555 0.035 -0.1502315268 2
0 0.555 0.045 -0.1926737448 2
0 0.555 0.055 -0.2347563914 2
0 0.555 0.065 -0.2764009309 2
0 0.555 0.075 -0.3175296457 2
0 0.555 0.085 -0.3580657804 2
0 0.555 0.095 -0.3979336857 2
0 0.555 0.105 -0.4370589594 2
0 0.555 0.115 -0.4753685851 2
0 0.555 0.125 -0.5127910686 2
0 0.555 0.135 -0.5492565714 2
0 0.555 0.145 -0.5846970409 2
0 0.555 0.155 -0.6190463372 2
0 0.555 0.165 -0.6522403572 2
0 0.555 0.175 -0.6842171535 1
0 0.555 0.185 -0.7149170503 1
0 0.555 0.195 -0.7442827549 1
0 0.555 0.205 -0.7722594644 1
0 0.555 0.215 -0.7987949682 1
0 0.555 0.225 -0.8238397452 1
0 0.555 0.235 -0.8473470564 1
0 0.555 0.245 -0.8692730319 1
0 0.555 0.255 -0.889576753 1
0 0.555 0.265 -0.9082203285 1
0 0.555 0.275 -0.9251689655 2
0 0.555 0.285 -0.9403910341 2
0 0.555 0.295 -0.9538581265 2
0 0.555 0.305 -0.9655451102 2
0 0.555 0.315 -0.9754301747 2
0 0.555 0.325 -0.9834948723 2
0 0.555 0.335 -0.9897241525 2
0 0.555 0.345 -0.9941063901 2
0 0.555 0.355 -0.9966334069 2
0 0.555 0.365 -0.997300487 2
0 0.555 0.375 -0.9961063853 2
0 0.555 0.385 -0.9930533304 2
0 0.555 0.395 -0.9881470199 2
0 0.555 0.405 -0.9813966101 2
0 0.555 0.415 -0.9728146988 2
0 0.555 0.425 -0.9624173016 2
0 0.555 0.435 -0.9502238223 2
0 0.555 0.445 -0.9362570168 2
0 0.555 0.455 -0.9205429501 2
0 0.555 0.465 -0.9031109481 2
0 0.555 0.475 -0.8839935428 2
0 0.555 0.485 -0.8632264114 2
0 0.555 0.495 -0.84084831 2
0 0.555 0.505 0 2
0 0.555 0.515 0 2
0 0.555 0.525 0 2
0 0.555 0.535 0 1
0 0.555 0.545 0 1
0 0.555 0.555 0 1
0 0.555 0.565 0 1
0 0.565 -0.555 0 1
0 0.565 -0.545 0 1
0 0.565 -0.535 0 1
0 0.565 -0.525 0 1
0 0.565 -0.515 0 1
0 0.565 -0.505 0 1
0 0.565 -0.495 0.8422067145 1
0 0.565 -0.485 0.8646209681 2
0 0.565 -0.475 0.8854216491 2
0 0.565 -0.465 0.9045699389 2
0 0.565 -0.455 0.9220301026 2
0 0.565 -0.445 0.9377695557 2
0 0.565 -0.435 0.9517589248 2
0 0.565 -0.425 0.9639721028 2
0 0.565 -0.415 0.9743862971 2
0 0.565 -0.405 0.9829820727 2
0 0.565 -0.395 0.9897433879 1
0 0.565 -0.385 0.9946576246 1
0 0.565 -0.375 0.9977156118 1
0 0.565 -0.365 0.9989116426 1
0 0.565 -0.355 0.9982434849 2
0 0.565 -0.345 0.9957123856 2
0 0.565 -0.335 0.9913230684 2
0 0.565 -0.325 0.9850837247 2
0 0.565 -0.315 0.9770059984 2
0 0.565 -0.305 0.9671049644 2
0 0.565 -0.295 0.9553991002 2
0 0.565 -0.285 0.9419102515 2
0 0.565 -0.275 0.9266635915 2
0 0.565 -0.265 0.9096875736 2
0 0.565 -0.255 0.8910138791 2
0 0.565 -0.245 0.870677357 2
0 0.565 -0.235 0.8487159597 2
0 0.565 -0.225 0.8251706721 2
0 0.565 -0.215 0.8000854349 2
0 0.565 -0.205 0.7735070625 2
0 0.565 -0.195 0.7454851561 2
0 0.565 -0.185 0.7160720107 1
0 0.565 -0.175 0.6853225177 1
0 0.565 -0.165 0.6532940624 1
0 0.565 -0.155 0.6200464169 1
0 0.565 -0.145 0.5856416287 1
0 0.565 -0.135 0.5501439046 1
0 0.565 -0.125 0.5136194912 1
0 0.565 -0.115 0.476136551 1
0 0.565 -0.105 0.4377650354 2
0 0.565 -0.095 0.3985765542 2
0 0.565 -0.085 0.3586442416 2
0 0.565 -0.075 0.3180426201 2
0 0.565 -0.065 0.2768474612 2
0 0.565 -0.055 0.2351356442 2
0 0.565 -0.045 0.1929850125 2
0 0.565 -0.035 0.1504742283 2
0 0.565 -0.025 0.1076826262 2
0 0.565 -0.015 0.06469006462 2
0 0.565 -0.005 0.02157677721 2
0 0.565 0.005 -0.02157677721 2
0 0.565 0.015 -0.06469006462 2
0 0.565 0.025 -0.1076826262 2
0 0.565 0.035 -0.1504742283 2
0 0.565 0.045 -0.1929850125 2
0 0.565 0.055 -0.2351356442 2
0 0.565 0.065 -0.2768474612 2
0 0.565 0.075 -0.3180426201 2
0 0.565 0.085 -0.3586442416 2
0 0.565 0.095 -0.3985765542 2
0 0.565 0.105 -0.4377650354 2
0 0.565 0.115 -0.476136551 2
0 0.565 0.125 -0.5136194912 2
0 0.565 0.135 -0.5501439046 2
0 0.565 0.145 -0.5856416287 2
0 0.565 0.155 -0.6200464169 2
0 0.565 0.165 -0.6532940624 2
0 0.565 0.175 -0.6853225177 1
0 0.565 0.185 -0.7160720107 1
0 0.565 0.195 -0.7454851561 1
0 0.565 0.205 -0.7735070625 1
0 0.565 0.215 -0.8000854349 1
0 0.565 0.225 -0.8251706721 1
0 0.565 0.235 -0.8487159597 1
0 0.565 0.245 -0.870677357 1
0 0.565 0.255 -0.8910138791 1
0 0.565 0.265 -0.9096875736 1
0 0.565 0.275 -0.9266635915 1
0 0.565 0.285 -0.9419102515 2
0 0.565 0.295 -0.9553991002 2
0 0.565 0.305 -0.9671049644 2
0 0.565 0.315 -0.9770059984 2
0 0.565 0.325 -0.9850837247 2
0 0.565 0.335 -0.9913230684 2
0 0.565 0.345 -0.9957123856 2
0 0.565 0.355 -0.9982434849 2
0 0.565 0.365 -0.9989116426 2
0 0.565 0.375 -0.9977156118 2
0 0.565 0.385 -0.9946576246 2
0 0.565 0.395 -0.9897433879 2
0 0.565 0.405 -0.9829820727 2
0 0.565 0.415 -0.9743862971 2
0 0.565 0.425 -0.9639721028 2
0 0.565 0.435 -0.9517589248 2
0 0.565 0.445 -0.9377695557 2
0 0.565 0.455 -0.9220301026 2
0 0.565 0.465 -0.9045699389 2
0 0.565 0.475 -0.8854216491 2
0 0.565 0.485 -0.8646209681 2
0 0.565 0.495 -0.8422067145 2
0 0.565 0.505 0 2
0 0.565 0.515 0 2
0 0.565 0.525 0 2
0 0.565 0.535 0 1
0 0.565 0.545 0 1
0 0.565 0.555 0 1
0 0.565 0.565 0 1
0 0.575 -0.555 0 1
0 0.575 -0.545 0 1
0 0.575 -0.535 0 1
0 0.575 -0.525 0 1
0 0.575 -0.515 0 1
0 0.575 -0.505 0 1
0 0.575 -0.495 0.8429519606 2
0 0.575 -0.485 0.8653860479 2
0 0.575 -0.475 0.8862051349 2
0 0.575 -0.465 0.9053703685 2
0 0.575 -0.455 0.9228459822 2
0 0.575 -0.445 0.9385993627 2
0 0.575 -0.435 0.9526011106 2
0 0.575 -0.425 0.9648250957 2
0 0.575 -0.415 0.9752485053 2
0 0.575 -0.405 0.9838518871 2
0 0.575 -0.395 0.9906191852 2
0 0.575 -0.385 0.9955377704 2
0 0.575 -0.375 0.9985984635 2
0 0.575 -0.365 0.9997955526 2
0 0.575 -0.355 0.9991268036 2
0 0.575 -0.345 0.9965934647 2
0 0.575 -0.335 0.9922002635 2
0 0.575 -0.325 0.9859553987 2
0 0.575 -0.315 0.9778705247 2
0 0.575 -0.305 0.9679607296 2
0 0.575 -0.295 0.9562445072 2
0 0.575 -0.285 0.9427437225 2
0 0.575 -0.275 0.9274835711 2
0 0.575 -0.265 0.9104925317 2
0 0.575 -0.255 0.8918023133 2
0 0.575 -0.245 0.8714477959 2
0 0.575 -0.235 0.8494669656 2
0 0.575 -0.225 0.8259008434 2
0 0.575 -0.215 0.8007934089 2
0 0.575 -0.205 0.7741915181 2
0 0.575 -0.195 0.7461448158 2
0 0.575 -0.185 0.7167056435 1
0 0.575 -0.175 0.6859289411 1
0 0.575 -0.165 0.6538721447 1
0 0.575 -0.155 0.6205950793 1
0 0.575 -0.145 0.5861598472 1
0 0.575 -0.135 0.5506307121 1
0 0.575 -0.125 0.5140739792 1
0 0.575 -0.115 0.4765578714 1
0 0.575 -0.105 0.4381524019 2
0 0.575 -0.095 0.3989292439 2
0 0.575 -0.085 0.3589615962 2
0 0.575 -0.075 0.3183240475 2
0 0.575 -0.065 0.2770924361 2
0 0.575 -0.055 0.2353437094 2
0 0.575 -0.045 0.1931557797 2
0 0.575 -0.035 0.1506073789 2
0 0.575 -0.025 0.1077779116 2
0 0.575 -0.015 0.06474730712 2
0 0.575 -0.005 0.02159586992 2
0 0.575 0.005 -0.02159586992 2
0 0.575 0.015 -0.06474730712 2
0 0.575 0.025 -0.1077779116 2
0 0.575 0.035 -0.1506073789 2
0 0.575 0.045 -0.1931557797 2
0 0.575 0.055 -0.2353437094 2
0 0.575 0.065 -0.2770924361 2
0 0.575 0.075 -0.3183240475 2
0 0.575 0.085 -0.3589615962 2
0 0.575 0.095 -0.3989292439 2
0 0.575 0.105 -0.4381524019 2
0 0.575 0.115 -0.4765578714 2
0 0.575 0.125 -0.5140739792 2
0 0.575 0.135 -0.5506307121 2
0 0.575 0.145 -0.5861598472 2
0 0.575 0.155 -0.6205950793 2
0 0.575 0.165 -0.6538721447 2
0 0.575 0.175 -0.6859289411 1
0 0.575 0.185 -0.7167056435 1
0 0.575 0.195 -0.7461448158 1
0 0.575 0.205 -0.7741915181 1
0 0.575 0.215 -0.8007934089 1
0 0.575 0.225 -0.8259008434 1
0 0.575 0.235 -0.8494669656 1
0 0.575 0.245 -0.8714477959 1
0 0.575 0.255 -0.8918023133 1
0 0.575 0.265 -0.9104925317 1
0 0.575 0.275 -0.9274835711 1
0 0.575 0.285 -0.9427437225 2
0 0.575 0.295 -0.9562445072 2
0 0.575 0.305 -0.9679607296 2
0 0.575 0.315 -0.9778705247 2
0 0.575 0.325 -0.9859553987 2
0 0.575 0.335 -0.9922002635 2
0 0.575 0.345 -0.9965934647 2
0 0.575 0.355 -0.9991268036 2
0 0.575 0.365 -0.9997955526 2
0 0.575 0.375 -0.9985984635 2
0 0.575 0.385 -0.9955377704 2
0 0.575 0.395 -0.9906191852 2
0 0.575 0.405 -0.9838518871 2
0 0.575 0.415 -0.9752485053 2
0 0.575 0.425 -0.9648250957 2
0 0.575 0.435 -0.9526011106 2
0 0.575 0.445 -0.9385993627 2
0 0.575 0.455 -0.9228459822 2
0 0.575 0.465 -0.9053703685 2
0 0.575 0.475 -0.8862051349 2
0 0.575 0.485 -0.8653860479 2
0 0.575 0.495 -0.8429519606 2
0 0.575 0.505 0 2
0 0.575 0.515 0 2
0 0.575 0.525 0 2
0 0.575 0.535 0 1
0 0.575 0.545 0 1
0 0.575 0.555 0 1
0 0.575 0.565 0 1
0 0.585 -0.555 0 1
0 0.585 -0.545 0 1
0 0.585 -0.535 0 1
0 0.585 -0.525 0 1
0 0.585 -0.515 0 1
0 0.585 -0.505 0 2
0 0.585 -0.495 0.8430835056 2
0 0.585 -0.485 0.8655210939 2
0 0.585 -0.475 0.8863434297 2
0 0.585 -0.465 0.9055116541 2
0 0.585 -0.455 0.9229899949 2
0 0.585 -0.445 0.9387458338 2
0 0.585 -0.435 0.9527497667 2
0 0.585 -0.425 0.9649756594 2
0 0.585 -0.415 0.9754006956 2
0 0.585 -0.405 0.98400542 2
0 0.585 -0.395 0.9907737741 2
0 0.585 -0.385 0.9956931269 2
0 0.585 -0.375 0.9987542976 2
0 0.585 -0.365 0.9999515735 2
0 0.585 -0.355 0.9992827202 2
0 0.585 -0.345 0.9967489859 2
0 0.585 -0.335 0.9923550991 2
0 0.585 -0.325 0.9861092599 2
0 0.585 -0.315 0.9780231242 2
0 0.585 -0.305 0.9681117826 2
0 0.585 -0.295 0.9563937318 2
0 0.585 -0.285 0.9428908404 2
0 0.585 -0.275 0.9276283075 2
0 0.585 -0.265 0.9106346166 2
0 0.585 -0.255 0.8919414815 2
0 0.585 -0.245 0.8715837878 2
0 0.585 -0.235 0.8495995273 2
0 0.585 -0.225 0.8260297276 2
0 0.585 -0.215 0.800918375 2
0 0.585 -0.205 0.7743123328 2
0 0.585 -0.195 0.7462612538 2
0 0.585 -0.185 0.7168174875 1
0 0.585 -0.175 0.6860359823 1
0 0.585 -0.165 0.6539741833 1
0 0.585 -0.155 0.6206919249 1
0 0.585 -0.145 0.5862513191 1
0 0.585 -0.135 0.5507166396 1
0 0.585 -0.125 0.5141542019 1
0 0.585 -0.115 0.4766322396 1
0 0.585 -0.105 0.4382207768 1
0 0.585 -0.095 0.3989914979 1
0 0.585 -0.085 0.3590176132 1
0 0.585 -0.075 0.3183737228 1
0 0.585 -0.065 0.2771356772 1
0 0.585 -0.055 0.2353804355 2
0 0.585 -0.045 0.1931859222 2
0 0.585 -0.035 0.1506308816 2
0 0.585 -0.025 0.1077947307 2
0 0.585 -0.015 0.06475741112 2
0 0.585 -0.005 0.02159924001 2
0 0.585 0.005 -0.02159924001 2
0 0.585 0.015 -0.06475741112 2
0 0.585 0.025 -0.1077947307 2
0 0.585 0.035 -0.1506308816 2
0 0.585 0.045 -0.1931859222 2
0 0.585 0.055 -0.2353804355 2
0 0.585 0.065 -0.2771356772 2
0 0.585 0.075 -0.3183737228 2
0 0.585 0.085 -0.3590176132 2
0 0.585 0.095 -0.3989914979 2
0 0.585 0.105 -0.4382207768 2
0 0.585 0.115 -0.4766322396 2
0 0.585 0.125 -0.5141542019 2
0 0.585 0.135 -0.5507166396 2
0 0.585 0.145 -0.5862513191 2
0 0.585 0.155 -0.6206919249 2
0 0.585 0.165 -0.6539741833 1
0 0.585 0.175 -0.6860359823 1
0 0.585 0.185 -0.7168174875 1
0 0.585 0.195 -0.7462612538 1
0 0.585 0.205 -0.7743123328 1
0 0.585 0.215 -0.800918375 1
0 0.585 0.225 -0.8260297276 1
0 0.585 0.235 -0.8495995273 1
0 0.585 0.245 -0.8715837878 1
0 0.585 0.255 -0.8919414815 1
0 0.585 0.265 -0.9106346166 1
0 0.585 0.275 -0.9276283075 1
0 0.585 0.285 -0.9428908404 2
0 0.585 0.295 -0.9563937318 2
0 0.585 0.305 -0.9681117826 2
0 0.585 0.315 -0.9780231242 2
0 0.585 0.325 -0.9861092599 2
0 0.585 0.335 -0.9923550991 2
0 0.585 0.345 -0.9967489859 2
0 0.585 0.355 -0.9992827202 2
0 0.585 0.365 -0.9999515735 2
0 0.585 0.375 -0.9987542976 2
0 0.585 0.385 -0.9956931269 2
0 0.585 0.395 -0.9907737741 2
0 0.585 0.405 -0.98400542 2
0 0.585 0.415 -0.9754006956 2
0 0.585 0.425 -0.9649756594 2
0 0.585 0.435 -0.9527497667 2
0 0.585 0.445 -0.9387458338 2
0 0.585 0.455 -0.9229899949 2
0 0.585 0.465 -0.9055116541 2
0 0.585 0.475 -0.8863434297 2
0 0.585 0.485 -0.8655210939 2
0 0.585 0.495 -0.8430835056 2
0 0.585 0.505 0 2
0 0.585 0.515 0 2
0 0.585 0.525 0 2
0 0.585 0.535 0 1
0 0.585 0.545 0 1
0 0.585 0.555 0 1
0 0.585 0.565 0 1
0 0.595 -0.555 0 1
0 0.595 -0.545 0 1
0 0.595 -0.535 0 1
0 0.595 -0.525 0 2
0 0.595 -0.515 0 2
0 0.595 -0.505 0 2
0 0.595 -0.495 0.8426012538 2
0 0.595 -0.485 0.8650260076 2
0 0.595 -0.475 0.8858364329 2
0 0.595 -0.465 0.9049936929 2
0 0.595 -0.455 0.9224620359 2
0 0.595 -0.445 0.9382088622 2
0 0.595 -0.435 0.9522047848 2
0 0.595 -0.425 0.9644236842 2
0 0.595 -0.415 0.9748427572 2
0 0.595 -0.405 0.9834425595 2
0 0.595 -0.395 0.9902070421 2
0 0.595 -0.385 0.9951235809 2
0 0.595 -0.375 0.9981830007 2
0 0.595 -0.365 0.9993795917 2
0 0.595 -0.355 0.998711121 2
0 0.595 -0.345 0.996178836 2
0 0.595 -0.335 0.9917874626 2
0 0.595 -0.325 0.985545196 2
0 0.595 -0.315 0.9774636857 2
0 0.595 -0.305 0.9675580135 2
0 0.595 -0.295 0.9558466655 2
0 0.595 -0.285 0.9423514979 2
0 0.595 -0.275 0.9270976954 2
0 0.595 -0.265 0.910113725 2
0 0.595 -0.255 0.8914312825 2
0 0.595 -0.245 0.8710852336 2
0 0.595 -0.235 0.8491135483 2
0 0.595 -0.225 0.8255572307 2
0 0.595 -0.215 0.8004602421 2
0 0.595 -0.205 0.7738694188 2
0 0.595 -0.195 0.7458343853 2
0 0.595 -0.185 0.7164074611 2
0 0.595 -0.175 0.6856435632 1
0 0.595 -0.165 0.6536001039 1
0 0.595 -0.155 0.6203368833 1
0 0.595 -0.145 0.5859159778 1
0 0.595 -0.135 0.5504016245 1
0 0.595 -0.125 0.5138601008 1
0 0.595 -0.115 0.4763596014 1
0 0.595 -0.105 0.4379701104 1
0 0.595 -0.095 0.398763271 1
0 0.595 -0.085 0.3588122517 1
0 0.595 -0.075 0.31819161 1
0 0.595 -0.065 0.2769771529 1
0 0.595 -0.055 0.2352457956 1
0 0.595 -0.045 0.193075418 1
0 0.595 -0.035 0.1505447193 2
0 0.595 -0.025 0.1077330711 2
0 0.595 -0.015 0.06472036927 2
0 0.595 -0.005 0.02158688504 2
0 0.595 0.005 -0.02158688504 2
0 0.595 0.015 -0.06472036927 2
0 0.595 0.025 -0.1077330711 2
0 0.595 0.035 -0.1505447193 2
0 0.595 0.045 -0.193075418 2
0 0.595 0.055 -0.2352457956 2
0 0.595 0.065 -0.2769771529 2
0 0.595 0.075 -0.31819161 2
0 0.595 0.085 -0.3588122517 2
0 0.595 0.095 -0.398763271 2
0 0.595 0.105 -0.4379701104 2
0 0.595 0.115 -0.4763596014 2
0 0.595 0.125 -0.5138601008 2
0 0.595 0.135 -0.5504016245 2
0 0.595 0.145 -0.5859159778 2
0 0.595 0.155 -0.6203368833 1
0 0.595 0.165 -0.6536001039 1
0 0.595 0.175 -0.6856435632 1
0 0.595 0.185 -0.7164074611 1
0 0.595 0.195 -0.7458343853 1
0 0.595 0.205 -0.7738694188 1
0 0.595 0.215 -0.8004602421 1
0 0.595 0.225 -0.8255572307 1
0 0.595 0.235 -0.8491135483 1
0 0.595 0.245 -0.8710852336 1
0 0.595 0.255 -0.8914312825 1
0 0.595 0.265 -0.910113725 1
0 0.595 0.275 -0.9270976954 1
0 0.595 0.285 -0.9423514979 2
0 0.595 0.295 -0.9558466655 2
0 0.595 0.305 -0.9675580135 2
0 0.595 0.315 -0.9774636857 2
0 0.595 0.325 -0.985545196 2
0 0.595 0.335 -0.9917874626 2
0 0.595 0.345 -0.996178836 2
0 0.595 0.355 -0.998711121 2
0 0.595 0.365 -0.9993795917 2
0 0.595 0.375 -0.9981830007 2
0 0.595 0.385 -0.9951235809 2
0 0.595 0.395 -0.9902070421 2
0 0.595 0.405 -0.9834425595 2
0 0.595 0.415 -0.9748427572 2
0 0.595 0.425 -0.9644236842 2
0 0.595 0.435 -0.9522047848 2
0 0.595 0.445 -0.9382088622 2
0 0.595 0.455 -0.9224620359 2
0 0.595 0.465 -0.9049936929 2
0 0.595 0.475 -0.8858364329 2
0 0.595 0.485 -0.8650260076 2
0 0.595 0.495 -0.8426012538 2
0 0.595 0.505 0 2
0 0.595 0.515 0 1
0 0.595 0.525 0 1
0 0.595 0.535 0 1
0 0.595 0.545 0 1
0 0.595 0.555 0 1
0 0.595 0.565 0 1
0 0.605 -0.555 0 1
0 0.605 -0.545 0 1
0 0.605 -0.535 0 2
0 0.605 -0.525 0 2
0 0.605 -0.515 0 2
0 0.605 -0.505 0 2
0 0.605 -0.495 0.8415055564 2
0 0.605 -0.485 0.8639011496 2
0 0.605 -0.475 0.8846845135 2
0 0.605 -0.465 0.9038168619 2
0 0.605 -0.455 0.9212624895 2
0 0.605 -0.445 0.9369888391 2
0 0.605 -0.435 0.9509665617 2
0 0.605 -0.425 0.9631695719 2
0 0.605 -0.415 0.9735750962 2
0 0.605 -0.405 0.9821637156 2
0 0.605 -0.395 0.9889194018 2
0 0.605 -0.385 0.9938295473 2
0 0.605 -0.375 0.9968849886 2
0 0.605 -0.365 0.9980800237 2
0 0.605 -0.355 0.9974124222 2
0 0.605 -0.345 0.9948834302 2
0 0.605 -0.335 0.9904977672 2
0 0.605 -0.325 0.9842636179 2
0 0.605 -0.315 0.9761926165 2
0 0.605 -0.305 0.9662998254 2
0 0.605 -0.295 0.9546037066 2
0 0.605 -0.285 0.9411260877 2
0 0.605 -0.275 0.9258921209 2
0 0.605 -0.265 0.908930236 2
0 0.605 -0.255 0.8902720878 2
0 0.605 -0.245 0.8699524963 2
0 0.605 -0.235 0.8480093825 2
0 0.605 -0.225 0.8244836969 2
0 0.605 -0.215 0.7994193437 2
0 0.605 -0.205 0.7728630985 2
0 0.605 -0.195 0.7448645211 2
0 0.605 -0.185 0.7154758629 2
0 0.605 -0.175 0.6847519696 1
0 0.605 -0.165 0.6527501788 1
0 0.605 -0.155 0.6195302128 1
0 0.605 -0.145 0.5851540674 1
0 0.605 -0.135 0.5496858961 1
0 0.605 -0.125 0.5131918901 1
0 0.605 -0.115 0.4757401554 1
0 0.605 -0.105 0.4374005851 1
0 0.605 -0.095 0.3982447293 1
0 0.605 -0.085 0.3583456613 1
0 0.605 -0.075 0.3177778417 1
0 0.605 -0.065 0.2766169788 1
0 0.605 -0.055 0.2349398879 1
0 0.605 -0.045 0.1928243476 1
0 0.605 -0.035 0.1503489547 1
0 0.605 -0.025 0.1075929777 2
0 0.605 -0.015 0.06463620853 2
0 0.605 -0.005 0.021558814 2
0 0.605 0.005 -0.021558814 2
0 0.605 0.015 -0.06463620853 2
0 0.605 0.025 -0.1075929777 2
0 0.605 0.035 -0.1503489547 2
0 0.605 0.045 -0.1928243476 2
0 0.605 0.055 -0.2349398879 2
0 0.605 0.065 -0.2766169788 2
0 0.605 0.075 -0.3177778417 2
0 0.605 0.085 -0.3583456613 2
0 0.605 0.095 -0.3982447293 2
0 0.605 0.105 -0.4374005851 2
0 0.605 0.115 -0.4757401554 2
0 0.605 0.125 -0.5131918901 2
0 0.605 0.135 -0.5496858961 2
0 0.605 0.145 -0.5851540674 1
0 0.605 0.155 -0.6195302128 1
0 0.605 0.165 -0.6527501788 1
0 0.605 0.175 -0.6847519696 1
0 0.605 0.185 -0.7154758629 1
0 0.605 0.195 -0.7448645211 1
0 0.605 0.205 -0.7728630985 1
0 0.605 0.215 -0.7994193437 1
0 0.605 0.225 -0.8244836969 1
0 0.605 0.235 -0.8480093825 1
0 0.605 0.245 -0.8699524963 1
0 0.605 0.255 -0.8902720878 1
0 0.605 0.265 -0.908930236 1
0 0.605 0.275 -0.9258921209 2
0 0.605 0.285 -0.9411260877 2
0 0.605 0.295 -0.9546037066 2
0 0.605 0.305 -0.9662998254 2
0 0.605 0.315 -0.9761926165 2
0 0.605 0.325 -0.9842636179 2
0 0.605 0.335 -0.9904977672 2
0 0.605 0.345 -0.9948834302 2
0 0.605 0.355 -0.9974124222 2
0 0.605 0.365 -0.9980800237 2
0 0.605 0.375 -0.9968849886 2
0 0.605 0.385 -0.9938295473 2
0 0.605 0.395 -0.9889194018 2
0 0.605 0.405 -0.9821637156 2
0 0.605 0.415 -0.9735750962 2
0 0.605 0.425 -0.9631695719 2
0 0.605 0.435 -0.9509665617 2
0 0.605 0.445 -0.9369888391 2
0 0.605 0.455 -0.9212624895 2
0 0.605 0.465 -0.9038168619 2
0 0.605 0.475 -0.8846845135 2
0 0.605 0.485 -0.8639011496 2
0 0.605 0.495 -0.8415055564 2
0 0.605 0.505 0 1
0 0.605 0.515 0 1
0 0.605 0.525 0 1
0 0.605 0.535 0 1
0 0.605 0.545 0 1
0 0.605 0.555 0 1
0 0.605 0.565 0 1
0 0.615 -0.555 0 1
0 0.615 -0.545 0 1
0 0.615 -0.535 0 1
0 0.615 -0.525 0 2
0 0.615 -0.515 0 2
0 0.615 -0.505 0 2
0 0.615 -0.495 0.839797211 2
0 0.615 -0.485 0.8621473387 2
0 0.615 -0.475 0.8828885102 2
0 0.615 -0.465 0.9019820179 2
0 0.615 -0.455 0.9193922291 2
0 0.615 -0.445 0.9350866525 2
0 0.615 -0.435 0.9490359989 2
0 0.615 -0.425 0.9612142357 2
0 0.615 -0.415 0.9715986356 2
0 0.615 -0.405 0.9801698192 2
0 0.615 -0.395 0.9869117907 2
0 0.615 -0.385 0.9918119681 2
0 0.615 -0.375 0.9948612065 2
0 0.615 -0.365 0.9960538155 2
0 0.615 -0.355 0.9953875693 2
0 0.615 -0.345 0.9928637114 2
0 0.615 -0.335 0.9884869518 2
0 0.615 -0.325 0.9822654585 2
0 0.615 -0.315 0.9742108421 2
0 0.615 -0.305 0.9643381344 2
0 0.615 -0.295 0.95266576 2
0 0.615 -0.285 0.9392155021 2
0 0.615 -0.275 0.9240124618 2
0 0.615 -0.265 0.9070850114 2
0 0.615 -0.255 0.8884647411 2
0 0.615 -0.245 0.8681864006 2
0 0.615 -0.235 0.8462878336 2
0 0.615 -0.225 0.8228099077 2
0 0.615 -0.215 0.7977964378 2
0 0.615 -0.205 0.7712941046 2
0 0.615 -0.195 0.7433523672 2
0 0.615 -0.185 0.7140233711 2
0 0.615 -0.175 0.6833618506 2
0 0.615 -0.165 0.6514250268 1
0 0.615 -0.155 0.6182725009 1
0 0.615 -0.145 0.5839661427 1
0 0.615 -0.135 0.5485699755 1
0 0.615 -0.125 0.5121500562 1
0 0.615 -0.115 0.4747743525 1
0 0.615 -0.105 0.4365126156 1
0 0.615 -0.095 0.3974362503 1
0 0.615 -0.085 0.3576181817 1
0 0.615 -0.075 0.317132719 1
0 0.615 -0.065 0.2760554171 1
0 0.615 -0.055 0.2344629351 1
0 0.615 -0.045 0.1924328938 1
0 0.615 -0.035 0.1500437304 1
0 0.615 -0.025 0.1073745526 2
0 0.615 -0.015 0.06450499018 2
0 0.615 -0.005 0.02151504733 2
0 0.615 0.005 -0.02151504733 2
0 0.615 0.015 -0.06450499018 2
0 0.615 0.025 -0.1073745526 2
0 0.615 0.035 -0.1500437304 2
0 0.615 0.045 -0.1924328938 2
0 0.615 0.055 -0.2344629351 2
0 0.615 0.065 -0.2760554171 2
0 0.615 0.075 -0.317132719 2
0 0.615 0.085 -0.3576181817 2
0 0.615 0.095 -0.3974362503 2
0 0.615 0.105 -0.4365126156 2
0 0.615 0.115 -0.4747743525 2
0 0.615 0.125 -0.5121500562 2
0 0.615 0.135 -0.5485699755 2
0 0.615 0.145 -0.5839661427 1
0 0.615 0.155 -0.6182725009 1
0 0.615 0.165 -0.6514250268 1
0 0.615 0.175 -0.6833618506 1
0 0.615 0.185 -0.7140233711 1
0 0.615 0.195 -0.7433523672 1
0 0.615 0.205 -0.7712941046 1
0 0.615 0.215 -0.7977964378 1
0 0.615 0.225 -0.8228099077 2
0 0.615 0.235 -0.8462878336 2
0 0.615 0.245 -0.8681864006 2
0 0.615 0.255 -0.8884647411 2
0 0.615 0.265 -0.9070850114 2
0 0.615 0.275 -0.9240124618 2
0 0.615 0.285 -0.9392155021 2
0 0.615 0.295 -0.95266576 2
0 0.615 0.305 -0.9643381344 2
0 0.615 0.315 -0.9742108421 2
0 0.615 0.325 -0.9822654585 2
0 0.615 0.335 -0.9884869518 2
0 0.615 0.345 -0.9928637114 2
0 0.615 0.355 -0.9953875693 2
0 0.615 0.365 -0.9960538155 2
0 0.615 0.375 -0.9948612065 2
0 0.615 0.385 -0.9918119681 2
0 0.615 0.395 -0.9869117907 2
0 0.615 0.405 -0.9801698192 2
0 0.615 0.415 -0.9715986356 2
0 0.615 0.425 -0.9612142357 2
0 0.615 0.435 -0.9490359989 2
0 0.615 0.445 -0.9350866525 2
0 0.615 0.455 -0.9193922291 2
0 0.615 0.465 -0.9019820179 2
0 0.615 0.475 -0.8828885102 2
0 0.615 0.485 -0.8621473387 2
0 0.615 0.495 -0.839797211 2
0 0.615 0.505 0 1
0 0.615 0.515 0 1
0 0.615 0.525 0 1
0 0.615 0.535 0 1
0 0.615 0.545 0 1
0 0.615 0.555 0 1
0 0.615 0.565 0 1
0 0.625 -0.555 0 1
0 0.625 -0.545 0 1
0 0.625 -0.535 0 1
0 0.625 -0.525 0 2
0 0.625 -0.515 0 2
0 0.625 -0.505 0 2
0 0.625 -0.495 0.8374774613 2
0 0.625 -0.485 0.8597658519 2
0 0.625 -0.475 0.8804497306 2
0 0.625 -0.465 0.8994904968 2
0 0.625 -0.455 0.9168526162 2
0 0.625 -0.445 0.9325036873 2
0 0.625 -0.435 0.9464145018 2
0 0.625 -0.425 0.958559099 2
0 0.625 -0.415 0.9689148144 2
0 0.625 -0.405 0.977462322 2
0 0.625 -0.395 0.9841856703 2
0 0.625 -0.385 0.9890723121 2
0 0.625 -0.375 0.9921131277 2
0 0.625 -0.365 0.9933024424 2
0 0.625 -0.355 0.9926380366 2
0 0.625 -0.345 0.9901211502 2
0 0.625 -0.335 0.9857564804 2
0 0.625 -0.325 0.9795521725 2
0 0.625 -0.315 0.9715198052 2
0 0.625 -0.305 0.9616743686 2
0 0.625 -0.295 0.9500342365 2
0 0.625 -0.285 0.9366211319 2
0 0.625 -0.275 0.9214600866 2
0 0.625 -0.265 0.9045793944 2
0 0.625 -0.255 0.8860105584 2
0 0.625 -0.245 0.8657882322 2
0 0.625 -0.235 0.8439501551 2
0 0.625 -0.225 0.8205370816 2
0 0.625 -0.215 0.7955927058 2
0 0.625 -0.205 0.7691635792 2
0 0.625 -0.195 0.7412990246 2
0 0.625 -0.185 0.7120510432 2
0 0.625 -0.175 0.6814742182 2
0 0.625 -0.165 0.6496256126 2
0 0.625 -0.155 0.6165646631 1
0 0.625 -0.145 0.5823530684 1
0 0.625 -0.135 0.5470546751 1
0 0.625 -0.125 0.5107353576 1
0 0.625 -0.115 0.4734628958 1
0 0.625 -0.105 0.4353068483 1
0 0.625 -0.095 0.3963384226 1
0 0.625 -0.085 0.3566303424 1
0 0.625 -0.075 0.3162567117 1
0 0.625 -0.065 0.2752928765 1
0 0.625 -0.055 0.2338152843 1
0 0.625 -0.045 0.1919013415 1
0 0.625 -0.035 0.1496292686 1
0 0.625 -0.025 0.1070779547 2
0 0.625 -0.015 0.06432680975 2
0 0.625 -0.005 0.02145561688 2
0 0.625 0.005 -0.02145561688 2
0 0.625 0.015 -0.06432680975 2
0 0.625 0.025 -0.1070779547 2
0 0.625 0.035 -0.1496292686 2
0 0.625 0.045 -0.1919013415 2
0 0.625 0.055 -0.2338152843 2
0 0.625 0.065 -0.2752928765 2
0 0.625 0.075 -0.3162567117 2
0 0.625 0.085 -0.3566303424 2
0 0.625 0.095 -0.3963384226 2
0 0.625 0.105 -0.4353068483 2
0 0.625 0.115 -0.4734628958 2
0 0.625 0.125 -0.5107353576 2
0 0.625 0.135 -0.5470546751 2
0 0.625 0.145 -0.5823530684 1
0 0.625 0.155 -0.6165646631 1
0 0.625 0.165 -0.6496256126 1
0 0.625 0.175 -0.6814742182 1
0 0.625 0.185 -0.7120510432 1
0 0.625 0.195 -0.7412990246 1
0 0.625 0.205 -0.7691635792 1
0 0.625 0.215 -0.7955927058 1
0 0.625 0.225 -0.8205370816 2
0 0.625 0.235 -0.8439501551 2
0 0.625 0.245 -0.8657882322 2
0 0.625 0.255 -0.8860105584 2
0 0.625 0.265 -0.9045793944 2
0 0.625 0.275 -0.9214600866 2
0 0.625 0.285 -0.9366211319 2
0 0.625 0.295 -0.9500342365 2
0 0.625 0.305 -0.9616743686 2
0 0.625 0.315 -0.9715198052 2
0 0.625 0.325 -0.9795521725 2
0 0.625 0.335 -0.9857564804 2
0 0.625 0.345 -0.9901211502 2
0 0.625 0.355 -0.9926380366 2
0 0.625 0.365 -0.9933024424 2
0 0.625 0.375 -0.9921131277 2
0 0.625 0.385 -0.9890723121 2
0 0.625 0.395 -0.9841856703 2
0 0.625 0.405 -0.977462322 2
0 0.625 0.415 -0.9689148144 2
0 0.625 0.425 -0.958559099 2
0 0.625 0.435 -0.9464145018 2
0 0.625 0.445 -0.9325036873 2
0 0.625 0.455 -0.9168526162 2
0 0.625 0.465 -0.8994904968 2
0 0.625 0.475 -0.8804497306 2
0 0.625 0.485 -0.8597658519 2
0 0.625 0.495 -0.8374774613 1
0 0.625 0.505 0 1
0 0.625 0.515 0 1
0 0.625 0.525 0 1
0 0.625 0.535 0 1
0 0.625 0.545 0 1
0 0.625 0.555 0 1
0 0.625 0.565 0 1
0 0.635 -0.555 0 1
0 0.635 -0.545 0 1
0 0.635 -0.535 0 1
0 0.635 -0.525 0 2
0 0.635 -0.515 0 2
0 0.635 -0.505 0 2
0 0.635 -0.495 0.8345479963 2
0 0.635 -0.485 0.8567584229 2
0 0.635 -0.475 0.8773699502 2
0 0.635 -0.465 0.8963441125 2
0 0.635 -0.455 0.9136454999 2
0 0.635 -0.445 0.9292418241 2
0 0.635 -0.435 0.943103979 2
0 0.635 -0.425 0.9552060949 2
0 0.635 -0.415 0.9655255864 2
0 0.635 -0.405 0.9740431952 2
0 0.635 -0.395 0.9807430254 2
0 0.635 -0.385 0.9856125739 2
0 0.635 -0.375 0.9886427528 2
0 0.635 -0.365 0.9898279073 2
0 0.635 -0.355 0.9891658256 2
0 0.635 -0.345 0.9866577432 2
0 0.635 -0.335 0.9823083409 2
0 0.635 -0.325 0.9761257355 2
0 0.635 -0.315 0.9681214651 2
0 0.635 -0.305 0.9583104675 2
0 0.635 -0.295 0.9467110521 2
0 0.635 -0.285 0.933344866 2
0 0.635 -0.275 0.9182368534 2
0 0.635 -0.265 0.9014152093 2
0 0.635 -0.255 0.8829113264 2
0 0.635 -0.245 0.8627597372 2
0 0.635 -0.235 0.8409980488 2
0 0.635 -0.225 0.8176668734 2
0 0.635 -0.215 0.7928097521 2
0 0.635 -0.205 0.7664730736 2
0 0.635 -0.195 0.7387059882 2
0 0.635 -0.185 0.7095603151 2
0 0.635 -0.175 0.6790904467 2
0 0.635 -0.165 0.6473532464 2
0 0.635 -0.155 0.6144079428 2
0 0.635 -0.145 0.5803160191 1
0 0.635 -0.135 0.5451410982 1
0 0.635 -0.125 0.5089488243 1
0 0.635 -0.115 0.4718067402 1
0 0.635 -0.105 0.4337841611 1
0 0.635 -0.095 0.3949520456 1
0 0.635 -0.085 0.3553828627 1
0 0.635 -0.075 0.3151504575 1
0 0.635 -0.065 0.2743299122 1
0 0.635 -0.055 0.2329974071 1
0 0.635 -0.045 0.1912300777 1
0 0.635 -0.035 0.149105871 1
0 0.635 -0.025 0.1067034 2
0 0.635 -0.015 0.06410179696 2
0 0.635 -0.005 0.02138056593 2
0 0.635 0.005 -0.02138056593 2
0 0.635 0.015 -0.06410179696 2
0 0.635 0.025 -0.1067034 2
0 0.635 0.035 -0.149105871 2
0 0.635 0.045 -0.1912300777 2
0 0.635 0.055 -0.2329974071 2
0 0.635 0.065 -0.2743299122 2
0 0.635 0.075 -0.3151504575 2
0 0.635 0.085 -0.3553828627 2
0 0.635 0.095 -0.3949520456 2
0 0.635 0.105 -0.4337841611 2
0 0.635 0.115 -0.4718067402 2
0 0.635 0.125 -0.5089488243 2
0 0.635 0.135 -0.5451410982 2
0 0.635 0.145 -0.5803160191 1
0 0.635 0.155 -0.6144079428 1
0 0.635 0.165 -0.6473532464 1
0 0.635 0.175 -0.6790904467 1
0 0.635 0.185 -0.7095603151 1
0 0.635 0.195 -0.7387059882 1
0 0.635 0.205 -0.7664730736 1
0 0.635 0.215 -0.7928097521 1
0 0.635 0.225 -0.8176668734 2
0 0.635 0.235 -0.8409980488 2
0 0.635 0.245 -0.8627597372 2
0 0.635 0.255 -0.8829113264 2
0 0.635 0.265 -0.9014152093 2
0 0.635 0.275 -0.9182368534 2
0 0.635 0.285 -0.933344866 2
0 0.635 0.295 -0.9467110521 2
0 0.635 0.305 -0.9583104675 2
0 0.635 0.315 -0.9681214651 2
0 0.635 0.325 -0.9761257355 2
0 0.635 0.335 -0.9823083409 2
0 0.635 0.345 -0.9866577432 2
0 0.635 0.355 -0.9891658256 2
0 0.635 0.365 -0.9898279073 2
0 0.635 0.375 -0.9886427528 2
0 0.635 0.385 -0.9856125739 2
0 0.635 0.395 -0.9807430254 2
0 0.635 0.405 -0.9740431952 2
0 0.635 0.415 -0.9655255864 2
0 0.635 0.425 -0.9552060949 2
0 0.635 0.435 -0.943103979 2
0 0.635 0.445 -0.9292418241 2
0 0.635 0.455 -0.9136454999 2
0 0.635 0.465 -0.8963441125 2
0 0.635 0.475 -0.8773699502 2
0 0.635 0.485 -0.8567584229 2
0 0.635 0.495 -0.8345479963 1
0 0.635 0.505 0 1
0 0.635 0.515 0 1
0 0.635 0.525 0 1
0 0.635 0.535 0 1
0 0.635 0.545 0 1
0 0.635 0.555 0 1
0 0.635 0.565 0 1
0 0.645 -0.555 0 1
0 0.645 -0.545 0 1
0 0.645 -0.535 0 1
0 0.645 -0.525 0 2
0 0.645 -0.515 0 2
0 0.645 -0.505 0 2
0 0.645 -0.495 0.8310109487 2
0 0.645 -0.485 0.8531272413 2
0 0.645 -0.475 0.8736514112 2
0 0.645 -0.465 0.8925451557 2
0 0.645 -0.455 0.9097732149 2
0 0.645 -0.445 0.9253034376 2
0 0.645 -0.435 0.9391068408 2
0 0.645 -0.425 0.9511576645 2
0 0.645 -0.415 0.9614334191 2
0 0.645 -0.405 0.9699149279 2
0 0.645 -0.395 0.9765863624 2
0 0.645 -0.385 0.9814352724 2
0 0.645 -0.375 0.9844526086 2
0 0.645 -0.365 0.9856327401 2
0 0.645 -0.355 0.9849734644 2
0 0.645 -0.345 0.982476012 2
0 0.645 -0.335 0.9781450436 2
0 0.645 -0.325 0.9719886418 2
0 0.645 -0.315 0.9640182958 2
0 0.645 -0.305 0.9542488799 2
0 0.645 -0.295 0.9426986261 2
0 0.645 -0.285 0.9293890896 2
0 0.645 -0.275 0.9143451091 2
0 0.645 -0.265 0.8975947597 2
0 0.645 -0.255 0.8791693015 2
0 0.645 -0.245 0.8591031203 2
0 0.645 -0.235 0.837433664 2
0 0.645 -0.225 0.8142013727 2
0 0.645 -0.215 0.7894496028 2
0 0.645 -0.205 0.7632245466 2
0 0.645 -0.195 0.7355751458 2
0 0.645 -0.185 0.7065530002 2
0 0.645 -0.175 0.6762122716 2
0 0.645 -0.165 0.6446095824 2
0 0.645 -0.155 0.6118039102 2
0 0.645 -0.145 0.5778564776 2
0 0.645 -0.135 0.5428306379 2
0 0.645 -0.125 0.506791757 2
0 0.645 -0.115 0.4698070914 2
0 0.645 -0.105 0.4319456626 1
0 0.645 -0.095 0.3932781284 1
0 0.645 -0.085 0.3538766509 1
0 0.645 -0.075 0.3138147617 1
0 0.645 -0.065 0.2731672254 1
0 0.645 -0.055 0.232009899 1
0 0.645 -0.045 0.1904195912 1
0 0.645 -0.035 0.1484739186 2
0 0.645 -0.025 0.1062511611 2
0 0.645 -0.015 0.06383011563 2
0 0.645 -0.005 0.02128994912 2
0 0.645 0.005 -0.02128994912 2
0 0.645 0.015 -0.06383011563 2
0 0.645 0.025 -0.1062511611 2
0 0.645 0.035 -0.1484739186 2
0 0.645 0.045 -0.1904195912 2
0 0.645 0.055 -0.232009899 2
0 0.645 0.065 -0.2731672254 2
0 0.645 0.075 -0.3138147617 2
0 0.645 0.085 -0.3538766509 2
0 0.645 0.095 -0.3932781284 2
0 0.645 0.105 -0.4319456626 2
0 0.645 0.115 -0.4698070914 2
0 0.645 0.125 -0.506791757 2
0 0.645 0.135 -0.5428306379 2
0 0.645 0.145 -0.5778564776 1
0 0.645 0.155 -0.6118039102 1
0 0.645 0.165 -0.6446095824 1
0 0.645 0.175 -0.6762122716 1
0 0.645 0.185 -0.7065530002 1
0 0.645 0.195 -0.7355751458 1
0 0.645 0.205 -0.7632245466 1
0 0.645 0.215 -0.7894496028 2
0 0.645 0.225 -0.8142013727 2
0 0.645 0.235 -0.837433664 2
0 0.645 0.245 -0.8591031203 2
0 0.645 0.255 -0.8791693015 2
0 0.645 0.265 -0.8975947597 2
0 0.645 0.275 -0.9143451091 2
0 0.645 0.285 -0.9293890896 2
0 0.645 0.295 -0.9426986261 2
0 0.645 0.305 -0.9542488799 2
0 0.645 0.315 -0.9640182958 2
0 0.645 0.325 -0.9719886418 2
0 0.645 0.335 -0.9781450436 2
0 0.645 0.345 -0.982476012 2
0 0.645 0.355 -0.9849734644 2
0 0.645 0.365 -0.9856327401 2
0 0.645 0.375 -0.9844526086 2
0 0.645 0.385 -0.9814352724 2
0 0.645 0.395 -0.9765863624 2
0 0.645 0.405 -0.9699149279 2
0 0.645 0.415 -0.9614334191 2
0 0.645 0.425 -0.9511576645 2
0 0.645 0.435 -0.9391068408 2
0 0.645 0.445 -0.9253034376 2
0 0.645 0.455 -0.9097732149 2
0 0.645 0.465 -0.8925451557 2
0 0.645 0.475 -0.8736514112 2
0 0.645 0.485 -0.8531272413 2
0 0.645 0.495 -0.8310109487 1
0 0.645 0.505 0 1
0 0.645 0.515 0 1
0 0.645 0.525 0 1
0 0.645 0.535 0 1
0 0.645 0.545 0 1
0 0.645 0.555 0 1
0 0.645 0.565 0 1
0 0.655 -0.555 0 1
0 0.655 -0.545 0 1
0 0.655 -0.535 0 1
0 0.655 -0.525 0 2
0 0.655 -0.515 0 2
0 0.655 -0.505 0 2
0 0.655 -0.495 0.8268688935 2
0 0.655 -0.485 0.8488749507 2
0 0.655 -0.475 0.8692968207 2
0 0.655 -0.465 0.8880963921 2
0 0.655 -0.455 0.9052385805 2
0 0.655 -0.445 0.920691395 2
0 0.655 -0.435 0.9344259972 2
0 0.655 -0.425 0.9464167553 2
0 0.655 -0.415 0.9566412919 2
0 0.655 -0.405 0.9650805258 2
0 0.655 -0.395 0.9717187075 2
0 0.655 -0.385 0.9765434487 2
0 0.655 -0.375 0.9795457454 2
0 0.655 -0.365 0.9807199947 2
0 0.655 -0.355 0.9800640052 2
0 0.655 -0.345 0.9775790009 2
0 0.655 -0.335 0.9732696197 2
0 0.655 -0.325 0.9671439035 2
0 0.655 -0.315 0.9592132845 2
0 0.655 -0.305 0.9494925629 2
0 0.655 -0.295 0.9379998797 2
0 0.655 -0.285 0.9247566827 2
0 0.655 -0.275 0.9097876867 2
0 0.655 -0.265 0.8931208271 2
0 0.655 -0.255 0.874787208 2
0 0.655 -0.245 0.8548210438 2
0 0.655 -0.235 0.8332595958 2
0 0.655 -0.225 0.8101431025 2
0 0.655 -0.215 0.7855147042 2
0 0.655 -0.205 0.759420363 2
0 0.655 -0.195 0.7319087767 2
0 0.655 -0.185 0.7030312879 2
0 0.655 -0.175 0.6728417883 2
0 0.655 -0.165 0.6413966182 2
0 0.655 -0.155 0.6087544612 2
0 0.655 -0.145 0.5749762347 2
0 0.655 -0.135 0.5401249763 2
0 0.655 -0.125 0.504265726 2
0 0.655 -0.115 0.4674654052 2
0 0.655 -0.105 0.4297926913 2
0 0.655 -0.095 0.3913178899 2
0 0.655 -0.085 0.3521128033 2
0 0.655 -0.075 0.312250597 2
0 0.655 -0.065 0.2718056625 2
0 0.655 -0.055 0.2308534789 2
0 0.655 -0.045 0.189470472 2
0 0.655 -0.035 0.1477338716 2
0 0.655 -0.025 0.1057215674 2
0 0.655 -0.015 0.06351196355 2
0 0.655 -0.005 0.02118383241 2
0 0.655 0.005 -0.02118383241 2
0 0.655 0.015 -0.06351196355 2
0 0.655 0.025 -0.1057215674 2
0 0.655 0.035 -0.1477338716 2
0 0.655 0.045 -0.189470472 2
0 0.655 0.055 -0.2308534789 2
0 0.655 0.065 -0.2718056625 2
0 0.655 0.075 -0.312250597 2
0 0.655 0.085 -0.3521128033 2
0 0.655 0.095 -0.3913178899 2
0 0.655 0.105 -0.4297926913 2
0 0.655 0.115 -0.4674654052 2
0 0.655 0.125 -0.504265726 2
0 0.655 0.135 -0.5401249763 1
0 0.655 0.145 -0.5749762347 1
0 0.655 0.155 -0.6087544612 1
0 0.655 0.165 -0.6413966182 1
0 0.655 0.175 -0.6728417883 1
0 0.655 0.185 -0.7030312879 1
0 0.655 0.195 -0.7319087767 1
0 0.655 0.205 -0.759420363 1
0 0.655 0.215 -0.7855147042 2
0 0.655 0.225 -0.8101431025 2
0 0.655 0.235 -0.8332595958 2
0 0.655 0.245 -0.8548210438 2
0 0.655 0.255 -0.874787208 2
0 0.655 0.265 -0.8931208271 2
0 0.655 0.275 -0.9097876867 2
0 0.655 0.285 -0.9247566827 2
0 0.655 0.295 -0.9379998797 2
0 0.655 0.305 -0.9494925629 2
0 0.655 0.315 -0.9592132845 2
0 0.655 0.325 -0.9671439035 2
0 0.655 0.335 -0.9732696197 2
0 0.655 0.345 -0.9775790009 2
0 0.655 0.355 -0.9800640052 2
0 0.655 0.365 -0.9807199947 2
0 0.655 0.375 -0.9795457454 2
0 0.655 0.385 -0.9765434487 2
0 0.655 0.395 -0.9717187075 2
0 0.655 0.405 -0.9650805258 2
0 0.655 0.415 -0.9566412919 2
0 0.655 0.425 -0.9464167553 2
0 0.655 0.435 -0.9344259972 2
0 0.655 0.445 -0.920691395 2
0 0.655 0.455 -0.9052385805 2
0 0.655 0.465 -0.8880963921 2
0 0.655 0.475 -0.8692968207 2
0 0.655 0.485 -0.8488749507 2
0 0.655 0.495 -0.8268688935 1
0 0.655 0.505 0 1
0 0.655 0.515 0 1
0 0.655 0.525 0 1
0 0.655 0.535 0 1
0 0.655 0.545 0 1
0 0.655 0.555 0 1
0 0.655 0.565 0 2
0 0.665 -0.555 0 1
0 0.665 -0.545 0 1
0 0.665 -0.535 0 2
0 0.665 -0.525 0 2
0 0.665 -0.515 0 2
0 0.665 -0.505 0 2
0 0.665 -0.495 0.8221248465 2
0 0.665 -0.485 0.8440046469 2
0 0.665 -0.475 0.8643093493 2
0 0.665 -0.465 0.8830010606 2
0 0.665 -0.455 0.9000448981 2
0 0.665 -0.445 0.9154090542 2
0 0.665 -0.435 0.929064856 2
0 0.665 -0.425 0.9409868187 2
0 0.665 -0.415 0.9511526934 2
0 0.665 -0.405 0.9595435084 2
0 0.665 -0.395 0.9661436044 2
0 0.665 -0.385 0.9709406644 2
0 0.665 -0.375 0.9739257359 2
0 0.665 -0.365 0.975093248 2
0 0.665 -0.355 0.9744410221 2
0 0.665 -0.345 0.9719702753 2
0 0.665 -0.335 0.9676856185 2
0 0.665 -0.325 0.9615950478 2
0 0.665 -0.315 0.9537099297 2
0 0.665 -0.305 0.9440449793 2
0 0.665 -0.295 0.9326182338 2
0 0.665 -0.285 0.9194510179 2
0 0.665 -0.275 0.9045679044 2
0 0.665 -0.265 0.8879966687 2
0 0.665 -0.255 0.8697682361 2
0 0.665 -0.245 0.8499166251 2
0 0.665 -0.235 0.828478883 2
0 0.665 -0.225 0.8054950174 2
0 0.665 -0.215 0.7810079212 2
0 0.665 -0.205 0.7550632927 2
0 0.665 -0.195 0.7277095503 2
0 0.665 -0.185 0.6989977421 2
0 0.665 -0.175 0.6689814507 2
0 0.665 -0.165 0.6377166929 2
0 0.665 -0.155 0.6052618158 2
0 0.665 -0.145 0.5716773873 2
0 0.665 -0.135 0.5370260832 2
0 0.665 -0.125 0.5013725705 2
0 0.665 -0.115 0.4647833865 2
0 0.665 -0.105 0.4273268146 2
0 0.665 -0.095 0.3890727571 2
0 0.665 -0.085 0.3500926043 2
0 0.665 -0.075 0.3104591019 2
0 0.665 -0.065 0.2702462147 2
0 0.665 -0.055 0.2295289886 2
0 0.665 -0.045 0.1883834111 2
0 0.665 -0.035 0.1468862688 2
0 0.665 -0.025 0.1051150044 2
0 0.665 -0.015 0.06314757236 2
0 0.665 -0.005 0.02106229307 2
0 0.665 0.005 -0.02106229307 2
0 0.665 0.015 -0.06314757236 2
0 0.665 0.025 -0.1051150044 2
0 0.665 0.035 -0.1468862688 2
0 0.665 0.045 -0.1883834111 2
0 0.665 0.055 -0.2295289886 2
0 0.665 0.065 -0.2702462147 2
0 0.665 0.075 -0.3104591019 2
0 0.665 0.085 -0.3500926043 2
0 0.665 0.095 -0.3890727571 2
0 0.665 0.105 -0.4273268146 2
0 0.665 0.115 -0.4647833865 2
0 0.665 0.125 -0.5013725705 2
0 0.665 0.135 -0.5370260832 1
0 0.665 0.145 -0.5716773873 1
0 0.665 0.155 -0.6052618158 1
0 0.665 0.165 -0.6377166929 1
0 0.665 0.175 -0.6689814507 1
0 0.665 0.185 -0.6989977421 1
0 0.665 0.195 -0.7277095503 1
0 0.665 0.205 -0.7550632927 1
0 0.665 0.215 -0.7810079212 2
0 0.665 0.225 -0.8054950174 2
0 0.665 0.235 -0.828478883 2
0 0.665 0.245 -0.8499166251 2
0 0.665 0.255 -0.8697682361 2
0 0.665 0.265 -0.8879966687 2
0 0.665 0.275 -0.9045679044 2
0 0.665 0.285 -0.9194510179 2
0 0.665 0.295 -0.9326182338 2
0 0.665 0.305 -0.9440449793 2
0 0.665 0.315 -0.9537099297 2
0 0.665 0.325 -0.9615950478 2
0 0.665 0.335 -0.9676856185 2
0 0.665 0.345 -0.9719702753 2
0 0.665 0.355 -0.9744410221 2
0 0.665 0.365 -0.975093248 2
0 0.665 0.375 -0.9739257359 2
0 0.665 0.385 -0.9709406644 2
0 0.665 0.395 -0.9661436044 2
0 0.665 0.405 -0.9595435084 2
0 0.665 0.415 -0.9511526934 2
0 0.665 0.425 -0.9409868187 2
0 0.665 0.435 -0.929064856 2
0 0.665 0.445 -0.9154090542 2
0 0.665 0.455 -0.9000448981 2
0 0.665 0.465 -0.8830010606 2
0 0.665 0.475 -0.8643093493 2
0 0.665 0.485 -0.8440046469 2
0 0.665 0.495 -0.8221248465 1
0 0.665 0.505 0 1
0 0.665 0.515 0 1
0 0.665 0.525 0 1
0 0.665 0.535 0 1
0 0.665 0.545 0 2
0 0.665 0.555 0 2
0 0.665 0.565 0 2
0 0.675 -0.555 0 1
0 0.675 -0.545 0 1
0 0.675 -0.535 0 2
0 0.675 -0.525 0 2
0 0.675 -0.515 0 2
0 0.675 -0.505 0 2
0 0.675 -0.495 0.8167822613 2
0 0.675 -0.485 0.8385198757 2
0 0.675 -0.475 0.8586926278 2
0 0.675 -0.465 0.8772628709 2
0 0.675 -0.455 0.8941959489 2
0 0.675 -0.445 0.9094602608 2
0 0.675 -0.435 0.9230273203 2
0 0.675 -0.425 0.9348718081 2
0 0.675 -0.415 0.9449716198 2
0 0.675 -0.405 0.9533079069 2
0 0.675 -0.395 0.9598651122 2
0 0.675 -0.385 0.9646309984 2
0 0.675 -0.375 0.9675966714 2
0 0.675 -0.365 0.9687565965 2
0 0.675 -0.355 0.968108609 2
0 0.675 -0.345 0.9656539184 2
0 0.675 -0.335 0.9613971054 2
0 0.675 -0.325 0.9553461144 2
0 0.675 -0.315 0.9475122378 2
0 0.675 -0.305 0.9379100952 2
0 0.675 -0.295 0.9265576065 2
0 0.675 -0.285 0.9134759578 2
0 0.675 -0.275 0.8986895624 2
0 0.675 -0.265 0.8822260149 2
0 0.675 -0.255 0.86411604 2
0 0.675 -0.245 0.8443934348 2
0 0.675 -0.235 0.8230950061 2
0 0.675 -0.225 0.8002605013 2
0 0.675 -0.215 0.7759325347 2
0 0.675 -0.205 0.7501565076 2
0 0.675 -0.195 0.7229805238 2
0 0.675 -0.185 0.6944552995 2
0 0.675 -0.175 0.6646340692 2
0 0.675 -0.165 0.6335724857 2
0 0.675 -0.155 0.6013285169 2
0 0.675 -0.145 0.567962337 2
0 0.675 -0.135 0.5335362147 2
0 0.675 -0.125 0.4981143966 2
0 0.675 -0.115 0.4617629878 2
0 0.675 -0.105 0.4245498277 2
0 0.675 -0.095 0.3865443645 2
0 0.675 -0.085 0.3478175246 2
0 0.675 -0.075 0.3084415809 2
0 0.675 -0.065 0.2684900174 2
0 0.675 -0.055 0.2280373926 2
0 0.675 -0.045 0.1871592 2
0 0.675 -0.035 0.1459317271 2
0 0.675 -0.025 0.1044319137 2
0 0.675 -0.015 0.06273720734 2
0 0.675 -0.005 0.02092541959 2
0 0.675 0.005 -0.02092541959 2
0 0.675 0.015 -0.06273720734 2
0 0.675 0.025 -0.1044319137 2
0 0.675 0.035 -0.1459317271 2
0 0.675 0.045 -0.1871592 2
0 0.675 0.055 -0.2280373926 2
0 0.675 0.065 -0.2684900174 2
0 0.675 0.075 -0.3084415809 2
0 0.675 0.085 -0.3478175246 2
0 0.675 0.095 -0.3865443645 2
0 0.675 0.105 -0.4245498277 2
0 0.675 0.115 -0.4617629878 2
0 0.675 0.125 -0.4981143966 2
0 0.675 0.135 -0.5335362147 1
0 0.675 0.145 -0.567962337 1
0 0.675 0.155 -0.6013285169 1
0 0.675 0.165 -0.6335724857 1
0 0.675 0.175 -0.6646340692 1
0 0.675 0.185 -0.6944552995 1
0 0.675 0.195 -0.7229805238 1
0 0.675 0.205 -0.7501565076 2
0 0.675 0.215 -0.7759325347 2
0 0.675 0.225 -0.8002605013 2
0 0.675 0.235 -0.8230950061 2
0 0.675 0.245 -0.8443934348 2
0 0.675 0.255 -0.86411604 2
0 0.675 0.265 -0.8822260149 2
0 0.675 0.275 -0.8986895624 2
0 0.675 0.285 -0.9134759578 2
0 0.675 0.295 -0.9265576065 2
0 0.675 0.305 -0.9379100952 2
0 0.675 0.315 -0.9475122378 2
0 0.675 0.325 -0.9553461144 2
0 0.675 0.335 -0.9613971054 2
0 0.675 0.345 -0.9656539184 2
0 0.675 0.355 -0.968108609 2
0 0.675 0.365 -0.9687565965 2
0 0.675 0.375 -0.9675966714 2
0 0.675 0.385 -0.9646309984 2
0 0.675 0.395 -0.9598651122 2
0 0.675 0.405 -0.9533079069 2
0 0.675 0.415 -0.9449716198 2
0 0.675 0.425 -0.9348718081 2
0 0.675 0.435 -0.9230273203 2
0 0.675 0.445 -0.9094602608 2
0 0.675 0.455 -0.8941959489 2
0 0.675 0.465 -0.8772628709 2
0 0.675 0.475 -0.8586926278 2
0 0.675 0.485 -0.8385198757 2
0 0.675 0.495 -0.8167822613 2
0 0.675 0.505 0 2
0 0.675 0.515 0 1
0 0.675 0.525 0 2
0 0.675 0.535 0 2
0 0.675 0.545 0 2
0 0.675 0.555 0 2
0 0.675 0.565 0 2
0 0.685 -0.555 0 1
0 0.685 -0.545 0 2
0 0.685 -0.535 0 2
0 0.685 -0.525 0 2
0 0.685 -0.515 0 2
0 0.685 -0.505 0 2
0 0.685 -0.495 0.8108450277 2
0 0.685 -0.485 0.8324246302 2
0 0.685 -0.475 0.8524507455 2
0 0.685 -0.465 0.8708860005 2
0 0.685 -0.455 0.887695991 2
0 0.685 -0.445 0.9028493459 2
0 0.685 -0.435 0.9163177857 2
0 0.685 -0.425 0.9280761752 2
0 0.685 -0.415 0.9381025709 2
0 0.685 -0.405 0.9463782611 2
0 0.685 -0.395 0.9528878017 2
0 0.685 -0.385 0.9576190445 2
0 0.685 -0.375 0.9605631598 2
0 0.685 -0.365 0.9617146533 2
0 0.685 -0.355 0.9610713762 2
0 0.685 -0.345 0.9586345288 2
0 0.685 -0.335 0.9544086588 2
0 0.685 -0.325 0.9484016528 2
0 0.685 -0.315 0.940624721 2
0 0.685 -0.305 0.9310923769 2
0 0.685 -0.295 0.91982241 2
0 0.685 -0.285 0.9068358526 2
0 0.685 -0.275 0.8921569403 2
0 0.685 -0.265 0.8758130672 2
0 0.685 -0.255 0.8578347346 2
0 0.685 -0.245 0.8382554941 2
0 0.685 -0.235 0.8171118848 2
0 0.685 -0.225 0.7944433652 2
0 0.685 -0.215 0.7702922399 2
0 0.685 -0.205 0.7447035801 2
0 0.685 -0.195 0.7177251399 2
0 0.685 -0.185 0.6894072671 2
0 0.685 -0.175 0.6598028088 2
0 0.685 -0.165 0.6289670137 2
0 0.685 -0.155 0.596957428 2
0 0.685 -0.145 0.5638337886 2
0 0.685 -0.135 0.5296579116 2
0 0.685 -0.125 0.4944935766 2
0 0.685 -0.115 0.4584064081 2
0 0.685 -0.105 0.4214637525 2
0 0.685 -0.095 0.383734553 2
0 0.685 -0.085 0.3452892206 2
0 0.685 -0.075 0.3061995027 2
0 0.685 -0.065 0.2665383492 2
0 0.685 -0.055 0.2263797767 2
0 0.685 -0.045 0.1857987298 2
0 0.685 -0.035 0.1448709417 2
0 0.685 -0.025 0.1036727926 2
0 0.685 -0.015 0.06228116724 2
0 0.685 -0.005 0.0207733116 2
0 0.685 0.005 -0.0207733116 2
0 0.685 0.015 -0.06228116724 2
0 0.685 0.025 -0.1036727926 2
0 0.685 0.035 -0.1448709417 2
0 0.685 0.045 -0.1857987298 2
0 0.685 0.055 -0.2263797767 2
0 0.685 0.065 -0.2665383492 2
0 0.685 0.075 -0.3061995027 2
0 0.685 0.085 -0.3452892206 2
0 0.685 0.095 -0.383734553 2
0 0.685 0.105 -0.4214637525 2
0 0.685 0.115 -0.4584064081 2
0 0.685 0.125 -0.4944935766 2
0 0.685 0.135 -0.5296579116 2
0 0.685 0.145 -0.5638337886 1
0 0.685 0.155 -0.596957428 1
0 0.685 0.165 -0.6289670137 1
0 0.685 0.175 -0.6598028088 1
0 0.685 0.185 -0.6894072671 1
0 0.685 0.195 -0.7177251399 2
0 0.685 0.205 -0.7447035801 2
0 0.685 0.215 -0.7702922399 2
0 0.685 0.225 -0.7944433652 2
0 0.685 0.235 -0.8171118848 2
0 0.685 0.245 -0.8382554941 2
0 0.685 0.255 -0.8578347346 2
0 0.685 0.265 -0.8758130672 2
0 0.685 0.275 -0.8921569403 2
0 0.685 0.285 -0.9068358526 2
0 0.685 0.295 -0.91982241 2
0 0.685 0.305 -0.9310923769 2
0 0.685 0.315 -0.940624721 2
0 0.685 0.325 -0.9484016528 2
0 0.685 0.335 -0.9544086588 2
0 0.685 0.345 -0.9586345288 2
0 0.685 0.355 -0.9610713762 2
0 0.685 0.365 -0.9617146533 2
0 0.685 0.375 -0.9605631598 2
0 0.685 0.385 -0.9576190445 2
0 0.685 0.395 -0.9528878017 2
0 0.685 0.405 -0.9463782611 2
0 0.685 0.415 -0.9381025709 2
0 0.685 0.425 -0.9280761752 2
0 0.685 0.435 -0.9163177857 2
0 0.685 0.445 -0.9028493459 2
0 0.685 0.455 -0.887695991 2
0 0.685 0.465 -0.8708860005 2
0 0.685 0.475 -0.8524507455 2
0 0.685 0.485 -0.8324246302 2
0 0.685 0.495 -0.8108450277 2
0 0.685 0.505 0 2
0 0.685 0.515 0 2
0 0.685 0.525 0 2
0 0.685 0.535 0 2
0 0.685 0.545 0 2
0 0.685 0.555 0 2
0 0.685 0.565 0 2
0 0.695 -0.555 0 2
0 0.695 -0.545 0 2
0 0.695 -0.535 0 2
0 0.695 -0.525 0 2
0 0.695 -0.515 0 2
0 0.695 -0.505 0 2
0 0.695 -0.495 0.8043174681 2
0 0.695 -0.485 0.8257233479 2
0 0.695 -0.475 0.8455882467 2
0 0.695 -0.465 0.8638750921 2
0 0.695 -0.455 0.8805497568 2
0 0.695 -0.445 0.8955811224 2
0 0.695 -0.435 0.908941137 2
0 0.695 -0.425 0.9206048678 2
0 0.695 -0.415 0.9305505477 2
0 0.695 -0.405 0.9387596161 2
0 0.695 -0.395 0.9452167528 2
0 0.695 -0.385 0.9499099075 2
0 0.695 -0.375 0.9528303218 2
0 0.695 -0.365 0.9539725454 2
0 0.695 -0.355 0.9533344468 2
0 0.695 -0.345 0.9509172168 2
0 0.695 -0.335 0.9467253665 2
0 0.695 -0.325 0.9407667188 2
0 0.695 -0.315 0.9330523937 2
0 0.695 -0.305 0.9235967881 2
0 0.695 -0.295 0.912417548 2
0 0.695 -0.285 0.8995355364 2
0 0.695 -0.275 0.884974794 2
0 0.695 -0.265 0.8687624943 2
0 0.695 -0.255 0.850928893 2
0 0.695 -0.245 0.8315072716 2
0 0.695 -0.235 0.810533875 2
0 0.695 -0.225 0.7880478442 2
0 0.695 -0.215 0.7640911431 2
0 0.695 -0.205 0.7387084802 2
0 0.695 -0.195 0.711947225 2
0 0.695 -0.185 0.68385732 2
0 0.695 -0.175 0.654491187 2
0 0.695 -0.165 0.6239036298 2
0 0.695 -0.155 0.5921517314 2
0 0.695 -0.145 0.5592947478 2
0 0.695 -0.135 0.5253939975 2
0 0.695 -0.125 0.4905127466 2
0 0.695 -0.115 0.4547160911 2
0 0.695 -0.105 0.4180708357 2
0 0.695 -0.095 0.3806453682 2
0 0.695 -0.085 0.3425095329 2
0 0.695 -0.075 0.3037344996 2
0 0.695 -0.065 0.264392631 2
0 0.695 -0.055 0.2245573477 2
0 0.695 -0.045 0.1843029911 2
0 0.695 -0.035 0.1437046847 2
0 0.695 -0.025 0.1028381937 2
0 0.695 -0.015 0.0617797841 2
0 0.695 -0.005 0.02060607986 2
0 0.695 0.005 -0.02060607986 2
0 0.695 0.015 -0.0617797841 2
0 0.695 0.025 -0.1028381937 2
0 0.695 0.035 -0.1437046847 2
0 0.695 0.045 -0.1843029911 2
0 0.695 0.055 -0.2245573477 2
0 0.695 0.065 -0.264392631 2
0 0.695 0.075 -0.3037344996 2
0 0.695 0.085 -0.3425095329 2
0 0.695 0.095 -0.3806453682 2
0 0.695 0.105 -0.4180708357 2
0 0.695 0.115 -0.4547160911 2
0 0.695 0.125 -0.4905127466 2
0 0.695 0.135 -0.5253939975 2
0 0.695 0.145 -0.5592947478 1
0 0.695 0.155 -0.5921517314 1
0 0.695 0.165 -0.6239036298 1
0 0.695 0.175 -0.654491187 1
0 0.695 0.185 -0.68385732 2
0 0.695 0.195 -0.711947225 2
0 0.695 0.205 -0.7387084802 2
0 0.695 0.215 -0.7640911431 2
0 0.695 0.225 -0.7880478442 2
0 0.695 0.235 -0.810533875 2
0 0.695 0.245 -0.8315072716 2
0 0.695 0.255 -0.850928893 2
0 0.695 0.265 -0.8687624943 2
0 0.695 0.275 -0.884974794 2
0 0.695 0.285 -0.8995355364 2
0 0.695 0.295 -0.912417548 2
0 0.695 0.305 -0.9235967881 2
0 0.695 0.315 -0.9330523937 2
0 0.695 0.325 -0.9407667188 2
0 0.695 0.335 -0.9467253665 2
0 0.695 0.345 -0.9509172168 2
0 0.695 0.355 -0.9533344468 2
0 0.695 0.365 -0.9539725454 2
0 0.695 0.375 -0.9528303218 2
0 0.695 0.385 -0.9499099075 2
0 0.695 0.395 -0.9452167528 2
0 0.695 0.405 -0.9387596161 2
0 0.695 0.415 -0.9305505477 2
0 0.695 0.425 -0.9206048678 2
0 0.695 0.435 -0.908941137 2
0 0.695 0.445 -0.8955811224 2
0 0.695 0.455 -0.8805497568 2
0 0.695 0.465 -0.8638750921 2
0 0.695 0.475 -0.8455882467 2
0 0.695 0.485 -0.8257233479 2
0 0.695 0.495 -0.8043174681 2
0 0.695 0.505 0 2
0 0.695 0.515 0 2
0 0.695 0.525 0 2
0 0.695 0.535 0 2
0 0.695 0.545 0 2
0 0.695 0.555 0 2
0 0.695 0.565 0 2
0 0.705 -0.555 0 2
0 0.705 -0.545 0 2
0 0.705 -0.535 0 2
0 0.705 -0.525 0 2
0 0.705 -0.515 0 2
0 0.705 -0.505 0 2
0 0.705 -0.495 0.7972043349 2
0 0.705 -0.485 0.8184209078 2
0 0.705 -0.475 0.8381101275 2
0 0.705 -0.465 0.8562352498 2
0 0.705 -0.455 0.872762449 2
0 0.705 -0.445 0.8876608819 2
0 0.705 -0.435 0.9009027446 2
0 0.705 -0.425 0.912463325 2
0 0.705 -0.415 0.9223210485 2
0 0.705 -0.405 0.9304575184 2
0 0.705 -0.395 0.9368575502 2
0 0.705 -0.385 0.9415092001 2
0 0.705 -0.375 0.9444037871 2
0 0.705 -0.365 0.9455359093 2
0 0.705 -0.355 0.9449034539 2
0 0.705 -0.345 0.9425076011 2
0 0.705 -0.335 0.9383528222 2
0 0.705 -0.325 0.9324468709 2
0 0.705 -0.315 0.9248007689 2
0 0.705 -0.305 0.9154287857 2
0 0.705 -0.295 0.9043484113 2
0 0.705 -0.285 0.8915803243 2
0 0.705 -0.275 0.8771483525 2
0 0.705 -0.265 0.8610794294 2
0 0.705 -0.255 0.8434035429 2
0 0.705 -0.245 0.8241536802 2
0 0.705 -0.235 0.8033657658 2
0 0.705 -0.225 0.7810785945 2
0 0.705 -0.215 0.757333759 2
0 0.705 -0.205 0.7321755724 2
0 0.705 -0.195 0.7056509855 2
0 0.705 -0.185 0.6778094988 2
0 0.705 -0.175 0.6487030708 2
0 0.705 -0.165 0.6183860204 2
0 0.705 -0.155 0.5869149259 2
0 0.705 -0.145 0.5543485193 2
0 0.705 -0.135 0.5207475766 2
0 0.705 -0.125 0.4861748046 2
0 0.705 -0.115 0.4506947236 2
0 0.705 -0.105 0.4143735474 2
0 0.705 -0.095 0.3772790591 2
0 0.705 -0.085 0.3394804852 2
0 0.705 -0.075 0.3010483662 2
0 0.705 -0.065 0.2620544249 2
0 0.705 -0.055 0.2225714325 2
0 0.705 -0.045 0.1826730728 2
0 0.705 -0.035 0.1424338052 2
0 0.705 -0.025 0.1019287247 2
0 0.705 -0.015 0.06123342293 2
0 0.705 -0.005 0.0204238461 2
0 0.705 0.005 -0.0204238461 2
0 0.705 0.015 -0.06123342293 2
0 0.705 0.025 -0.1019287247 2
0 0.705 0.035 -0.1424338052 2
0 0.705 0.045 -0.1826730728 2
0 0.705 0.055 -0.2225714325 2
0 0.705 0.065 -0.2620544249 2
0 0.705 0.075 -0.3010483662 2
0 0.705 0.085 -0.3394804852 2
0 0.705 0.095 -0.3772790591 2
0 0.705 0.105 -0.4143735474 2
0 0.705 0.115 -0.4506947236 2
0 0.705 0.125 -0.4861748046 2
0 0.705 0.135 -0.5207475766 2
0 0.705 0.145 -0.5543485193 2
0 0.705 0.155 -0.5869149259 2
0 0.705 0.165 -0.6183860204 2
0 0.705 0.175 -0.6487030708 2
0 0.705 0.185 -0.6778094988 2
0 0.705 0.195 -0.7056509855 2
0 0.705 0.205 -0.7321755724 2
0 0.705 0.215 -0.757333759 2
0 0.705 0.225 -0.7810785945 2
0 0.705 0.235 -0.8033657658 2
0 0.705 0.245 -0.8241536802 2
0 0.705 0.255 -0.8434035429 2
0 0.705 0.265 -0.8610794294 2
0 0.705 0.275 -0.8771483525 2
0 0.705 0.285 -0.8915803243 2
0 0.705 0.295 -0.9043484113 2
0 0.705 0.305 -0.9154287857 2
0 0.705 0.315 -0.9248007689 2
0 0.705 0.325 -0.9324468709 2
0 0.705 0.335 -0.9383528222 2
0 0.705 0.345 -0.9425076011 2
0 0.705 0.355 -0.9449034539 2
0 0.705 0.365 -0.9455359093 2
0 0.705 0.375 -0.9444037871 2
0 0.705 0.385 -0.9415092001 2
0 0.705 0.395 -0.9368575502 2
0 0.705 0.405 -0.9304575184 2
0 0.705 0.415 -0.9223210485 2
0 0.705 0.425 -0.912463325 2
0 0.705 0.435 -0.9009027446 2
0 0.705 0.445 -0.8876608819 2
0 0.705 0.455 -0.872762449 2
0 0.705 0.465 -0.8562352498 2
0 0.705 0.475 -0.8381101275 2
0 0.705 0.485 -0.8184209078 2
0 0.705 0.495 -0.7972043349 2
0 0.705 0.505 0 2
0 0.705 0.515 0 2
0 0.705 0.525 0 2
0 0.705 0.535 0 2
0 0.705 0.545 0 2
0 0.705 0.555 0 2
0 0.705 0.565 0 2
0 0.715 -0.555 0 2
0 0.715 -0.545 0 2
0 0.715 -0.535 0 2
0 0.715 -0.525 0 2
0 0.715 -0.515 0 2
0 0.715 -0.505 0 2
0 0.715 -0.495 0.7895108067 2
0 0.715 -0.485 0.8105226262 2
0 0.715 -0.475 0.8300218325 2
0 0.715 -0.465 0.8479720357 2
0 0.715 -0.455 0.864339737 2
0 0.715 -0.445 0.8790943905 2
0 0.715 -0.435 0.8922084609 2
0 0.715 -0.425 0.9036574743 2
0 0.715 -0.415 0.9134200645 2
0 0.715 -0.405 0.9214780123 2
0 0.715 -0.395 0.9278162797 2
0 0.715 -0.385 0.9324230383 2
0 0.715 -0.375 0.9352896907 2
0 0.715 -0.365 0.9364108872 2
0 0.715 -0.355 0.9357845353 2
0 0.715 -0.345 0.9334118041 2
0 0.715 -0.335 0.9292971214 2
0 0.715 -0.325 0.9234481663 2
0 0.715 -0.315 0.9158758541 2
0 0.715 -0.305 0.9065943164 2
0 0.715 -0.295 0.8956208747 2
0 0.715 -0.285 0.8829760078 2
0 0.715 -0.275 0.8686833138 2
0 0.715 -0.265 0.8527694659 2
0 0.715 -0.255 0.835264163 2
0 0.715 -0.245 0.8162000737 2
0 0.715 -0.235 0.7956127759 2
0 0.715 -0.225 0.7735406899 2
0 0.715 -0.215 0.7500250072 2
0 0.715 -0.205 0.7251096131 2
0 0.715 -0.195 0.6988410052 2
0 0.715 -0.185 0.6712682066 2
0 0.715 -0.175 0.6424426741 2
0 0.715 -0.165 0.6124182025 2
0 0.715 -0.155 0.581250824 2
0 0.715 -0.145 0.5489987039 2
0 0.715 -0.135 0.5157220317 2
0 0.715 -0.125 0.4814829089 2
0 0.715 -0.115 0.4463452333 2
0 0.715 -0.105 0.4103745794 2
0 0.715 -0.095 0.3736380765 2
0 0.715 -0.085 0.3362042829 2
0 0.715 -0.075 0.2981430583 2
0 0.715 -0.065 0.2595254332 2
0 0.715 -0.055 0.2204234768 2
0 0.715 -0.045 0.1809101617 2
0 0.715 -0.035 0.1410592285 2
0 0.715 -0.025 0.1009450478 2
0 0.715 -0.015 0.0606424815 2
0 0.715 -0.005 0.02022674302 2
0 0.715 0.005 -0.02022674302 2
0 0.715 0.015 -0.0606424815 2
0 0.715 0.025 -0.1009450478 2
0 0.715 0.035 -0.1410592285 2
0 0.715 0.045 -0.1809101617 2
0 0.715 0.055 -0.2204234768 2
0 0.715 0.065 -0.2595254332 2
0 0.715 0.075 -0.2981430583 2
0 0.715 0.085 -0.3362042829 2
0 0.715 0.095 -0.3736380765 2
0 0.715 0.105 -0.4103745794 2
0 0.715 0.115 -0.4463452333 2
0 0.715 0.125 -0.4814829089 2
0 0.715 0.135 -0.5157220317 2
0 0.715 0.145 -0.5489987039 2
0 0.715 0.155 -0.581250824 2
0 0.715 0.165 -0.6124182025 2
0 0.715 0.175 -0.6424426741 2
0 0.715 0.185 -0.6712682066 2
0 0.715 0.195 -0.6988410052 2
0 0.715 0.205 -0.7251096131 2
0 0.715 0.215 -0.7500250072 2
0 0.715 0.225 -0.7735406899 2
0 0.715 0.235 -0.7956127759 2
0 0.715 0.245 -0.8162000737 2
0 0.715 0.255 -0.835264163 2
0 0.715 0.265 -0.8527694659 2
0 0.715 0.275 -0.8686833138 2
0 0.715 0.285 -0.8829760078 2
0 0.715 0.295 -0.8956208747 2
0 0.715 0.305 -0.9065943164 2
0 0.715 0.315 -0.9158758541 2
0 0.715 0.325 -0.9234481663 2
0 0.715 0.335 -0.9292971214 2
0 0.715 0.345 -0.9334118041 2
0 0.715 0.355 -0.9357845353 2
0 0.715 0.365 -0.9364108872 2
0 0.715 0.375 -0.9352896907 2
0 0.715 0.385 -0.9324230383 2
0 0.715 0.395 -0.9278162797 2
0 0.715 0.405 -0.9214780123 2
0 0.715 0.415 -0.9134200645 2
0 0.715 0.425 -0.9036574743 2
0 0.715 0.435 -0.8922084609 2
0 0.715 0.445 -0.8790943905 2
0 0.715 0.455 -0.864339737 2
0 0.715 0.465 -0.8479720357 2
0 0.715 0.475 -0.8300218325 2
0 0.715 0.485 -0.8105226262 2
0 0.715 0.495 -0.7895108067 2
0 0.715 0.505 0 2
0 0.715 0.515 0 2
0 0.715 0.525 0 2
0 0.715 0.535 0 2
0 0.715 0.545 0 2
0 0.715 0.555 0 2
0 0.715 0.565 0 2
0 0.725 -0.555 0 2
0 0.725 -0.545 0 2
0 0.725 -0.535 0 2
0 0.725 -0.525 0 2
0 0.725 -0.515 0 2
0 0.725 -0.505 0 2
0 0.725 -0.495 0.7812424847 2
0 0.725 -0.485 0.8020342533 2
0 0.725 -0.475 0.82132925 2
0 0.725 -0.465 0.8390914659 2
0 0.725 -0.455 0.8552877529 2
0 0.725 -0.445 0.8698878851 2
0 0.725 -0.435 0.8828646155 2
0 0.725 -0.425 0.8941937267 2
0 0.725 -0.415 0.9038540761 2
0 0.725 -0.405 0.9118276352 2
0 0.725 -0.395 0.9180995238 2
0 0.725 -0.385 0.9226580371 2
0 0.725 -0.375 0.9254946679 2
0 0.725 -0.365 0.9266041224 2
0 0.725 -0.355 0.9259843302 2
0 0.725 -0.345 0.9236364478 2
0 0.725 -0.335 0.9195648571 2
0 0.725 -0.325 0.9137771564 2
0 0.725 -0.315 0.9062841468 2
0 0.725 -0.305 0.8970998121 2
0 0.725 -0.295 0.8862412921 2
0 0.725 -0.285 0.8737288513 2
0 0.725 -0.275 0.8595858406 2
0 0.725 -0.265 0.8438386539 2
0 0.725 -0.255 0.8265166791 2
0 0.725 -0.245 0.8076522426 2
0 0.725 -0.235 0.7872805497 2
0 0.725 -0.225 0.7654396184 2
0 0.725 -0.215 0.7421702087 2
0 0.725 -0.205 0.7175157464 2
0 0.725 -0.195 0.6915222422 2
0 0.725 -0.185 0.6642382057 2
0 0.725 -0.175 0.6357145548 2
0 0.725 -0.165 0.6060045209 2
0 0.725 -0.155 0.5751635496 2
0 0.725 -0.145 0.5432491967 2
0 0.725 -0.135 0.5103210216 2
0 0.725 -0.125 0.4764404754 2
0 0.725 -0.115 0.4416707866 2
0 0.725 -0.105 0.4060768432 2
0 0.725 -0.095 0.3697250713 2
0 0.725 -0.085 0.3326833111 2
0 0.725 -0.075 0.2950206909 2
0 0.725 -0.065 0.2568074972 2
0 0.725 -0.055 0.2181150444 2
0 0.725 -0.045 0.179015541 2
0 0.725 -0.035 0.1395819553 2
0 0.725 -0.025 0.09988787904 2
0 0.725 -0.015 0.06000739005 2
0 0.725 -0.005 0.02001491409 2
0 0.725 0.005 -0.02001491409 2
0 0.725 0.015 -0.06000739005 2
0 0.725 0.025 -0.09988787904 2
0 0.725 0.035 -0.1395819553 2
0 0.725 0.045 -0.179015541 2
0 0.725 0.055 -0.2181150444 2
0 0.725 0.065 -0.2568074972 2
0 0.725 0.075 -0.2950206909 2
0 0.725 0.085 -0.3326833111 2
0 0.725 0.095 -0.3697250713 2
0 0.725 0.105 -0.4060768432 2
0 0.725 0.115 -0.4416707866 2
0 0.725 0.125 -0.4764404754 2
0 0.725 0.135 -0.5103210216 2
0 0.725 0.145 -0.5432491967 2
0 0.725 0.155 -0.5751635496 2
0 0.725 0.165 -0.6060045209 2
0 0.725 0.175 -0.6357145548 2
0 0.725 0.185 -0.6642382057 2
0 0.725 0.195 -0.6915222422 2
0 0.725 0.205 -0.7175157464 2
0 0.725 0.215 -0.7421702087 2
0 0.725 0.225 -0.7654396184 2
0 0.725 0.235 -0.7872805497 2
0 0.725 0.245 -0.8076522426 2
0 0.725 0.255 -0.8265166791 2
0 0.725 0.265 -0.8438386539 2
0 0.725 0.275 -0.8595858406 2
0 0.725 0.285 -0.8737288513 2
0 0.725 0.295 -0.8862412921 2
0 0.725 0.305 -0.8970998121 2
0 0.725 0.315 -0.9062841468 2
0 0.725 0.325 -0.9137771564 2
0 0.725 0.335 -0.9195648571 2
0 0.725 0.345 -0.9236364478 2
0 0.725 0.355 -0.9259843302 2
0 0.725 0.365 -0.9266041224 2
0 0.725 0.375 -0.9254946679 2
0 0.725 0.385 -0.9226580371 2
0 0.725 0.395 -0.9180995238 2
0 0.725 0.405 -0.9118276352 2
0 0.725 0.415 -0.9038540761 2
0 0.725 0.425 -0.8941937267 2
0 0.725 0.435 -0.8828646155 2
0 0.725 0.445 -0.8698878851 2
0 0.725 0.455 -0.8552877529 2
0 0.725 0.465 -0.8390914659 2
0 0.725 0.475 -0.82132925 2
0 0.725 0.485 -0.8020342533 2
0 0.725 0.495 -0.7812424847 2
0 0.725 0.505 0 2
0 0.725 0.515 0 2
0 0.725 0.525 0 2
0 0.725 0.535 0 2
0 0.725 0.545 0 2
0 0.725 0.555 0 2
0 0.725 0.565 0 2
0 0.735 -0.555 0 2
0 0.735 -0.545 0 2
0 0.735 -0.535 0 2
0 0.735 -0.525 0 2
0 0.735 -0.515 0 2
0 0.735 -0.505 0 2
0 0.735 -0.495 0.7724053884 2
0 0.735 -0.485 0.7929619691 2
0 0.735 -0.475 0.8120387086 2
0 0.735 -0.465 0.8296000056 2
0 0.735 -0.455 0.8456130868 2
0 0.735 -0.445 0.8600480683 2
0 0.735 -0.435 0.8728780112 2
0 0.735 -0.425 0.8840789721 2
0 0.735 -0.415 0.8936300476 2
0 0.735 -0.405 0.9015134131 2
0 0.735 -0.395 0.9077143566 2
0 0.735 -0.385 0.9122213059 2
0 0.735 -0.375 0.9150258498 2
0 0.735 -0.365 0.9161227547 2
0 0.735 -0.355 0.9155099733 2
0 0.735 -0.345 0.9131886492 2
0 0.735 -0.335 0.9091631146 2
0 0.735 -0.325 0.903440882 2
0 0.735 -0.315 0.8960326304 2
0 0.735 -0.305 0.8869521851 2
0 0.735 -0.295 0.8762164922 2
0 0.735 -0.285 0.863845587 2
0 0.735 -0.275 0.8498625563 2
0 0.735 -0.265 0.8342934954 2
0 0.735 -0.255 0.8171674596 2
0 0.735 -0.245 0.79851641 2
0 0.735 -0.235 0.7783751533 2
0 0.735 -0.225 0.7567812777 2
0 0.735 -0.215 0.7337750821 2
0 0.735 -0.205 0.7093995011 2
0 0.735 -0.195 0.6837000248 2
0 0.735 -0.185 0.6567246141 2
0 0.735 -0.175 0.6285236111 2
0 0.735 -0.165 0.599149645 2
0 0.735 -0.155 0.5686575342 2
0 0.735 -0.145 0.5371041835 2
0 0.735 -0.135 0.5045484784 2
0 0.735 -0.125 0.4710511751 2
0 0.735 -0.115 0.4366747869 2
0 0.735 -0.105 0.4014834677 2
0 0.735 -0.095 0.3655428921 2
0 0.735 -0.085 0.3289201332 2
0 0.735 -0.075 0.2916835372 2
0 0.735 -0.065 0.2539025956 2
0 0.735 -0.055 0.215647816 2
0 0.735 -0.045 0.1769905903 2
0 0.735 -0.035 0.1380030612 2
0 0.735 -0.025 0.09875798811 2
0 0.735 -0.015 0.05932861094 2
0 0.735 -0.005 0.01978851355 2
0 0.735 0.005 -0.01978851355 2
0 0.735 0.015 -0.05932861094 2
0 0.735 0.025 -0.09875798811 2
0 0.735 0.035 -0.1380030612 2
0 0.735 0.045 -0.1769905903 2
0 0.735 0.055 -0.215647816 2
0 0.735 0.065 -0.2539025956 2
0 0.735 0.075 -0.2916835372 2
0 0.735 0.085 -0.3289201332 2
0 0.735 0.095 -0.3655428921 2
0 0.735 0.105 -0.4014834677 2
0 0.735 0.115 -0.4366747869 2
0 0.735 0.125 -0.4710511751 2
0 0.735 0.135 -0.5045484784 2
0 0.735 0.145 -0.5371041835 2
0 0.735 0.155 -0.5686575342 2
0 0.735 0.165 -0.599149645 2
0 0.735 0.175 -0.6285236111 2
0 0.735 0.185 -0.6567246141 2
0 0.735 0.195 -0.6837000248 2
0 0.735 0.205 -0.7093995011 2
0 0.735 0.215 -0.7337750821 2
0 0.735 0.225 -0.7567812777 2
0 0.735 0.235 -0.7783751533 2
0 0.735 0.245 -0.79851641 2
0 0.735 0.255 -0.8171674596 2
0 0.735 0.265 -0.8342934954 2
0 0.735 0.275 -0.8498625563 2
0 0.735 0.285 -0.863845587 2
0 0.735 0.295 -0.8762164922 2
0 0.735 0.305 -0.8869521851 2
0 0.735 0.315 -0.8960326304 2
0 0.735 0.325 -0.903440882 2
0 0.735 0.335 -0.9091631146 2
0 0.735 0.345 -0.9131886492 2
0 0.735 0.355 -0.9155099733 2
0 0.735 0.365 -0.9161227547 2
0 0.735 0.375 -0.9150258498 2
0 0.735 0.385 -0.9122213059 2
0 0.735 0.395 -0.9077143566 2
0 0.735 0.405 -0.9015134131 2
0 0.735 0.415 -0.8936300476 2
0 0.735 0.425 -0.8840789721 2
0 0.735 0.435 -0.8728780112 2
0 0.735 0.445 -0.8600480683 2
0 0.735 0.455 -0.8456130868 2
0 0.735 0.465 -0.8296000056 2
0 0.735 0.475 -0.8120387086 2
0 0.735 0.485 -0.7929619691 2
0 0.735 0.495 -0.7724053884 2
0 0.735 0.505 0 2
0 0.735 0.515 0 2
0 0.735 0.525 0 2
0 0.735 0.535 0 2
0 0.735 0.545 0 2
0 0.735 0.555 0 2
0 0.735 0.565 0 2
0 0.745 -0.555 0 2
0 0.745 -0.545 0 2
0 0.745 -0.535 0 2
0 0.745 -0.525 0 2
0 0.745 -0.515 0 2
0 0.745 -0.505 0 2
0 0.745 -0.495 0.7630059518 2
0 0.745 -0.485 0.7833123785 2
0 0.745 -0.475 0.8021569723 2
0 0.745 -0.465 0.819504565 2
0 0.745 -0.455 0.8353227823 2
0 0.745 -0.445 0.8495821038 2
0 0.745 -0.435 0.8622559186 2
0 0.745 -0.425 0.8733205745 2
0 0.745 -0.415 0.8827554225 2
0 0.745 -0.405 0.890542855 2
0 0.745 -0.395 0.8966683389 2
0 0.745 -0.385 0.9011204429 2
0 0.745 -0.375 0.9038908583 2
0 0.745 -0.365 0.9049744148 2
0 0.745 -0.355 0.9043690903 2
0 0.745 -0.345 0.9020760146 2
0 0.745 -0.335 0.8980994669 2
0 0.745 -0.325 0.8924468684 2
0 0.745 -0.315 0.8851287681 2
0 0.745 -0.305 0.8761588232 2
0 0.745 -0.295 0.8655537735 2
0 0.745 -0.285 0.8533334104 2
0 0.745 -0.275 0.8395205398 2
0 0.745 -0.265 0.8241409395 2
0 0.745 -0.255 0.8072233113 2
0 0.745 -0.245 0.7887992271 2
0 0.745 -0.235 0.7689030703 2
0 0.745 -0.225 0.7475719716 2
0 0.745 -0.215 0.7248457394 2
0 0.745 -0.205 0.7007667859 2
0 0.745 -0.195 0.6753800478 2
0 0.745 -0.185 0.6487329021 2
0 0.745 -0.175 0.6208750784 2
0 0.745 -0.165 0.5918585655 2
0 0.745 -0.155 0.5617375145 2
0 0.745 -0.145 0.530568138 2
0 0.745 -0.135 0.4984086048 2
0 0.745 -0.125 0.4653189318 2
0 0.745 -0.115 0.4313608714 2
0 0.745 -0.105 0.3965977969 2
0 0.745 -0.095 0.3610945839 2
0 0.745 -0.085 0.324917489 2
0 0.745 -0.075 0.2881340268 2
0 0.745 -0.065 0.2508128433 2
0 0.745 -0.055 0.2130235878 2
0 0.745 -0.045 0.1748367836 2
0 0.745 -0.035 0.1363236956 2
0 0.745 -0.025 0.09755619762 2
0 0.745 -0.015 0.05860663835 2
0 0.745 -0.005 0.01954770622 2
0 0.745 0.005 -0.01954770622 2
0 0.745 0.015 -0.05860663835 2
0 0.745 0.025 -0.09755619762 2
0 0.745 0.035 -0.1363236956 2
0 0.745 0.045 -0.1748367836 2
0 0.745 0.055 -0.2130235878 2
0 0.745 0.065 -0.2508128433 2
0 0.745 0.075 -0.2881340268 2
0 0.745 0.085 -0.324917489 2
0 0.745 0.095 -0.3610945839 2
0 0.745 0.105 -0.3965977969 2
0 0.745 0.115 -0.4313608714 2
0 0.745 0.125 -0.4653189318 2
0 0.745 0.135 -0.4984086048 2
0 0.745 0.145 -0.530568138 2
0 0.745 0.155 -0.5617375145 2
0 0.745 0.165 -0.5918585655 2
0 0.745 0.175 -0.6208750784 2
0 0.745 0.185 -0.6487329021 2
0 0.745 0.195 -0.6753800478 2
0 0.745 0.205 -0.7007667859 2
0 0.745 0.215 -0.7248457394 2
0 0.745 0.225 -0.7475719716 2
0 0.745 0.235 -0.7689030703 2
0 0.745 0.245 -0.7887992271 2
0 0.745 0.255 -0.8072233113 2
0 0.745 0.265 -0.8241409395 2
0 0.745 0.275 -0.8395205398 2
0 0.745 0.285 -0.8533334104 2
0 0.745 0.295 -0.8655537735 2
0 0.745 0.305 -0.8761588232 2
0 0.745 0.315 -0.8851287681 2
0 0.745 0.325 -0.8924468684 2
0 0.745 0.335 -0.8980994669 2
0 0.745 0.345 -0.9020760146 2
0 0.745 0.355 -0.9043690903 2
0 0.745 0.365 -0.9049744148 2
0 0.745 0.375 -0.9038908583 2
0 0.745 0.385 -0.9011204429 2
0 0.745 0.395 -0.8966683389 2
0 0.745 0.405 -0.890542855 2
0 0.745 0.415 -0.8827554225 2
0 0.745 0.425 -0.8733205745 2
0 0.745 0.435 -0.8622559186 2
0 0.745 0.445 -0.8495821038 2
0 0.745 0.455 -0.8353227823 2
0 0.745 0.465 -0.819504565 2
0 0.745 0.475 -0.8021569723 2
0 0.745 0.485 -0.7833123785 2
0 0.745 0.495 -0.7630059518 2
0 0.745 0.505 0 2
0 0.745 0.515 0 2
0 0.745 0.525 0 2
0 0.745 0.535 0 2
0 0.745 0.545 0 2
0 0.745 0.555 0 2
0 0.745 0.565 0 2
0 0.755 -0.555 0 2
0 0.755 -0.545 0 2
0 0.755 -0.535 0 2
0 0.755 -0.525 0 2
0 0.755 -0.515 0 2
0 0.755 -0.505 0 2
0 0.755 -0.495 0.7530510179 2
0 0.755 -0.485 0.7730925067 2
0 0.755 -0.475 0.7916912352 2
0 0.755 -0.465 0.808812494 2
0 0.755 -0.455 0.8244243311 2
0 0.755 -0.445 0.8384976114 2
0 0.755 -0.435 0.851006071 2
0 0.755 -0.425 0.8619263664 2
0 0.755 -0.415 0.8712381179 2
0 0.755 -0.405 0.8789239478 2
0 0.755 -0.395 0.8849695127 2
0 0.755 -0.385 0.8893635301 2
0 0.755 -0.375 0.8920977998 2
0 0.755 -0.365 0.8931672192 2
0 0.755 -0.355 0.8925697924 2
0 0.755 -0.345 0.8903066344 2
0 0.755 -0.335 0.8863819687 2
0 0.755 -0.325 0.8808031197 2
0 0.755 -0.315 0.8735804986 2
0 0.755 -0.305 0.8647275845 2
0 0.755 -0.295 0.8542608988 2
0 0.755 -0.285 0.8421999747 2
0 0.755 -0.275 0.8285673205 2
0 0.755 -0.265 0.8133883778 2
0 0.755 -0.255 0.7966914737 2
0 0.755 -0.245 0.7785077685 2
0 0.755 -0.235 0.7588711967 2
0 0.755 -0.225 0.7378184047 2
0 0.755 -0.215 0.7153886816 2
0 0.755 -0.205 0.691623886 2
0 0.755 -0.195 0.6665683685 2
0 0.755 -0.185 0.640268888 2
0 0.755 -0.175 0.6127745251 2
0 0.755 -0.165 0.5841365904 2
0 0.755 -0.155 0.5544085286 2
0 0.755 -0.145 0.5236458188 2
0 0.755 -0.135 0.4919058708 2
0 0.755 -0.125 0.4592479185 2
0 0.755 -0.115 0.4257329088 2
0 0.755 -0.105 0.3914233879 2
0 0.755 -0.095 0.3563833851 2
0 0.755 -0.085 0.3206782926 2
0 0.755 -0.075 0.284374744 2
0 0.755 -0.065 0.2475404896 2
0 0.755 -0.055 0.2102442704 2
0 0.755 -0.045 0.1725556892 2
0 0.755 -0.035 0.1345450812 2
0 0.755 -0.025 0.09628338251 2
0 0.755 -0.015 0.0578419979 2
0 0.755 -0.005 0.01929266742 2
0 0.755 0.005 -0.01929266742 2
0 0.755 0.015 -0.0578419979 2
0 0.755 0.025 -0.09628338251 2
0 0.755 0.035 -0.1345450812 2
0 0.755 0.045 -0.1725556892 2
0 0.755 0.055 -0.2102442704 2
0 0.755 0.065 -0.2475404896 2
0 0.755 0.075 -0.284374744 2
0 0.755 0.085 -0.3206782926 2
0 0.755 0.095 -0.3563833851 2
0 0.755 0.105 -0.3914233879 2
0 0.755 0.115 -0.4257329088 2
0 0.755 0.125 -0.4592479185 2
0 0.755 0.135 -0.4919058708 2
0 0.755 0.145 -0.5236458188 2
0 0.755 0.155 -0.5544085286 2
0 0.755 0.165 -0.5841365904 2
0 0.755 0.175 -0.6127745251 2
0 0.755 0.185 -0.640268888 2
0 0.755 0.195 -0.6665683685 2
0 0.755 0.205 -0.691623886 2
0 0.755 0.215 -0.7153886816 2
0 0.755 0.225 -0.7378184047 2
0 0.755 0.235 -0.7588711967 2
0 0.755 0.245 -0.7785077685 2
0 0.755 0.255 -0.7966914737 2
0 0.755 0.265 -0.8133883778 2
0 0.755 0.275 -0.8285673205 2
0 0.755 0.285 -0.8421999747 2
0 0.755 0.295 -0.8542608988 2
0 0.755 0.305 -0.8647275845 2
0 0.755 0.315 -0.8735804986 2
0 0.755 0.325 -0.8808031197 2
0 0.755 0.335 -0.8863819687 2
0 0.755 0.345 -0.8903066344 2
0 0.755 0.355 -0.8925697924 2
0 0.755 0.365 -0.8931672192 2
0 0.755 0.375 -0.8920977998 2
0 0.755 0.385 -0.8893635301 2
0 0.755 0.395 -0.8849695127 2
0 0.755 0.405 -0.8789239478 2
0 0.755 0.415 -0.8712381179 2
0 0.755 0.425 -0.8619263664 2
0 0.755 0.435 -0.851006071 2
0 0.755 0.445 -0.8384976114 2
0 0.755 0.455 -0.8244243311 2
0 0.755 0.465 -0.808812494 2
0 0.755 0.475 -0.7916912352 2
0 0.755 0.485 -0.7730925067 2
0 0.755 0.495 -0.7530510179 2
0 0.755 0.505 0 2
0 0.755 0.515 0 2
0 0.755 0.525 0 2
0 0.755 0.535 0 2
0 0.755 0.545 0 2
0 0.755 0.555 0 2
0 0.755 0.565 0 2
0 0.765 -0.555 0 2
0 0.765 -0.545 0 2
0 0.765 -0.535 0 2
0 0.765 -0.525 0 2
0 0.765 -0.515 0 2
0 0.765 -0.505 0 2
0 0.765 -0.495 0.7425478342 2
0 0.765 -0.485 0.7623097943 2
0 0.765 -0.475 0.7806491169 2
0 0.765 -0.465 0.7975315769 2
0 0.765 -0.455 0.8129256678 2
0 0.765 -0.445 0.8268026609 2
0 0.765 -0.435 0.8391366586 2
0 0.765 -0.425 0.8499046432 2
0 0.765 -0.415 0.859086519 2
0 0.765 -0.405 0.8666651507 2
0 0.765 -0.395 0.872626395 2
0 0.765 -0.385 0.8769591268 2
0 0.765 -0.375 0.8796552603 2
0 0.765 -0.365 0.880709764 2
0 0.765 -0.355 0.8801206698 2
0 0.765 -0.345 0.8778890772 2
0 0.765 -0.335 0.8740191508 2
0 0.765 -0.325 0.8685181128 2
0 0.765 -0.315 0.8613962293 2
0 0.765 -0.305 0.8526667912 2
0 0.765 -0.295 0.8423460897 2
0 0.765 -0.285 0.8304533854 2
0 0.765 -0.275 0.8170108728 2
0 0.765 -0.265 0.8020436384 2
0 0.765 -0.255 0.7855796146 2
0 0.765 -0.245 0.7676495266 2
0 0.765 -0.235 0.7482868361 2
0 0.765 -0.225 0.727527678 2
0 0.765 -0.215 0.7054107936 2
0 0.765 -0.205 0.6819774577 2
0 0.765 -0.195 0.6572714021 2
0 0.765 -0.185 0.6313387338 2
0 0.765 -0.175 0.6042278487 2
0 0.765 -0.165 0.5759893418 2
0 0.765 -0.155 0.5466759123 2
0 0.765 -0.145 0.5163422655 2
0 0.765 -0.135 0.4850450107 2
0 0.765 -0.125 0.4528425554 2
0 0.765 -0.115 0.4197949964 2
0 0.765 -0.105 0.3859640078 2
0 0.765 -0.095 0.3514127256 2
0 0.765 -0.085 0.3162056301 2
0 0.765 -0.075 0.2804084255 2
0 0.765 -0.065 0.2440879172 2
0 0.765 -0.055 0.2073118872 2
0 0.765 -0.045 0.1701489677 2
0 0.765 -0.035 0.1326685128 2
0 0.765 -0.025 0.09494046945 2
0 0.765 -0.015 0.05703524628 2
0 0.765 -0.005 0.01902358282 2
0 0.765 0.005 -0.01902358282 2
0 0.765 0.015 -0.05703524628 2
0 0.765 0.025 -0.09494046945 2
0 0.765 0.035 -0.1326685128 2
0 0.765 0.045 -0.1701489677 2
0 0.765 0.055 -0.2073118872 2
0 0.765 0.065 -0.2440879172 2
0 0.765 0.075 -0.2804084255 2
0 0.765 0.085 -0.3162056301 2
0 0.765 0.095 -0.3514127256 2
0 0.765 0.105 -0.3859640078 2
0 0.765 0.115 -0.4197949964 2
0 0.765 0.125 -0.4528425554 2
0 0.765 0.135 -0.4850450107 2
0 0.765 0.145 -0.5163422655 2
0 0.765 0.155 -0.5466759123 2
0 0.765 0.165 -0.5759893418 2
0 0.765 0.175 -0.6042278487 2
0 0.765 0.185 -0.6313387338 2
0 0.765 0.195 -0.6572714021 2
0 0.765 0.205 -0.6819774577 2
0 0.765 0.215 -0.7054107936 2
0 0.765 0.225 -0.727527678 2
0 0.765 0.235 -0.7482868361 2
0 0.765 0.245 -0.7676495266 2
0 0.765 0.255 -0.7855796146 2
0 0.765 0.265 -0.8020436384 2
0 0.765 0.275 -0.8170108728 2
0 0.765 0.285 -0.8304533854 2
0 0.765 0.295 -0.8423460897 2
0 0.765 0.305 -0.8526667912 2
0 0.765 0.315 -0.8613962293 2
0 0.765 0.325 -0.8685181128 2
0 0.765 0.335 -0.8740191508 2
0 0.765 0.345 -0.8778890772 2
0 0.765 0.355 -0.8801206698 2
0 0.765 0.365 -0.880709764 2
0 0.765 0.375 -0.8796552603 2
0 0.765 0.385 -0.8769591268 2
0 0.765 0.395 -0.872626395 2
0 0.765 0.405 -0.8666651507 2
0 0.765 0.415 -0.859086519 2
0 0.765 0.425 -0.8499046432 2
0 0.765 0.435 -0.8391366586 2
0 0.765 0.445 -0.8268026609 2
0 0.765 0.455 -0.8129256678 2
0 0.765 0.465 -0.7975315769 2
0 0.765 0.475 -0.7806491169 2
0 0.765 0.485 -0.7623097943 2
0 0.765 0.495 -0.7425478342 2
0 0.765 0.505 0 2
0 0.765 0.515 0 2
0 0.765 0.525 0 2
0 0.765 0.535 0 2
0 0.765 0.545 0 2
0 0.765 0.555 0 2
0 0.765 0.565 0 2
0 0.775 -0.555 0 2
0 0.775 -0.545 0 2
0 0.775 -0.535 0 2
0 0.775 -0.525 0 2
0 0.775 -0.515 0 2
0 0.775 -0.505 0 2
0 0.775 -0.495 0.7315040476 2
0 0.775 -0.485 0.7509720914 2
0 0.775 -0.475 0.7690386564 2
0 0.775 -0.465 0.7856700264 2
0 0.775 -0.455 0.8008351637 2
0 0.775 -0.445 0.8145057666 2
0 0.775 -0.435 0.826656323 2
0 0.775 -0.425 0.8372641571 2
0 0.775 -0.415 0.8463094725 2
0 0.775 -0.405 0.8537753885 2
0 0.775 -0.395 0.8596479722 2
0 0.775 -0.385 0.8639162641 2
0 0.775 -0.375 0.8665722985 2
0 0.775 -0.365 0.8676111186 2
0 0.775 -0.355 0.867030786 2
0 0.775 -0.345 0.8648323835 2
0 0.775 -0.335 0.8610200139 2
0 0.775 -0.325 0.8556007918 2
0 0.775 -0.315 0.8485848308 2
0 0.775 -0.305 0.8399852242 2
0 0.775 -0.295 0.8298180207 2
0 0.775 -0.285 0.8181021946 2
0 0.775 -0.275 0.8048596101 2
0 0.775 -0.265 0.7901149809 2
0 0.775 -0.255 0.7738958236 2
0 0.775 -0.245 0.7562324068 2
0 0.775 -0.235 0.7371576943 2
0 0.775 -0.225 0.7167072836 2
0 0.775 -0.215 0.6949193398 2
0 0.775 -0.205 0.6718345239 2
0 0.775 -0.195 0.6474959172 2
0 0.775 -0.185 0.621948941 2
0 0.775 -0.175 0.5952412715 2
0 0.775 -0.165 0.5674227511 2
0 0.775 -0.155 0.5385452952 2
0 0.775 -0.145 0.5086627955 2
0 0.775 -0.135 0.4778310194 2
0 0.775 -0.125 0.4461075057 2
0 0.775 -0.115 0.4135514574 2
0 0.775 -0.105 0.3802236313 2
0 0.775 -0.095 0.3461862244 2
0 0.775 -0.085 0.311502758 2
0 0.775 -0.075 0.276237959 2
0 0.775 -0.065 0.2404576394 2
0 0.775 -0.055 0.204228573 2
0 0.775 -0.045 0.1676183712 2
0 0.775 -0.035 0.1306953568 2
0 0.775 -0.025 0.09352843612 2
0 0.775 -0.015 0.05618697084 2
0 0.775 -0.005 0.01874064833 2
0 0.775 0.005 -0.01874064833 2
0 0.775 0.015 -0.05618697084 2
0 0.775 0.025 -0.09352843612 2
0 0.775 0.035 -0.1306953568 2
0 0.775 0.045 -0.1676183712 2
0 0.775 0.055 -0.204228573 2
0 0.775 0.065 -0.2404576394 2
0 0.775 0.075 -0.276237959 2
0 0.775 0.085 -0.311502758 2
0 0.775 0.095 -0.3461862244 2
0 0.775 0.105 -0.3802236313 2
0 0.775 0.115 -0.4135514574 2
0 0.775 0.125 -0.4461075057 2
0 0.775 0.135 -0.4778310194 2
0 0.775 0.145 -0.5086627955 2
0 0.775 0.155 -0.5385452952 2
0 0.775 0.165 -0.5674227511 2
0 0.775 0.175 -0.5952412715 2
0 0.775 0.185 -0.621948941 2
0 0.775 0.195 -0.6474959172 2
0 0.775 0.205 -0.6718345239 2
0 0.775 0.215 -0.6949193398 2
0 0.775 0.225 -0.7167072836 2
0 0.775 0.235 -0.7371576943 2
0 0.775 0.245 -0.7562324068 2
0 0.775 0.255 -0.7738958236 2
0 0.775 0.265 -0.7901149809 2
0 0.775 0.275 -0.8048596101 2
0 0.775 0.285 -0.8181021946 2
0 0.775 0.295 -0.8298180207 2
0 0.775 0.305 -0.8399852242 2
0 0.775 0.315 -0.8485848308 2
0 0.775 0.325 -0.8556007918 2
0 0.775 0.335 -0.8610200139 2
0 0.775 0.345 -0.8648323835 2
0 0.775 0.355 -0.867030786 2
0 0.775 0.365 -0.8676111186 2
0 0.775 0.375 -0.8665722985 2
0 0.775 0.385 -0.8639162641 2
0 0.775 0.395 -0.8596479722 2
0 0.775 0.405 -0.8537753885 2
0 0.775 0.415 -0.8463094725 2
0 0.775 0.425 -0.8372641571 2
0 0.775 0.435 -0.826656323 2
0 0.775 0.445 -0.8145057666 2
0 0.775 0.455 -0.8008351637 2
0 0.775 0.465 -0.7856700264 2
0 0.775 0.475 -0.7690386564 2
0 0.775 0.485 -0.7509720914 2
0 0.775 0.495 -0.7315040476 2
0 0.775 0.505 0 2
0 0.775 0.515 0 2
0 0.775 0.525 0 2
0 0.775 0.535 0 2
0 0.775 0.545 0 2
0 0.775 0.555 0 2
0 0.775 0.565 0 2
0 0.785 -0.555 0 2
0 0.785 -0.545 0 2
0 0.785 -0.535 0 2
0 0.785 -0.525 0 2
0 0.785 -0.515 0 2
0 0.785 -0.505 0 2
0 0.785 -0.495 0.7199276982 2
0 0.785 -0.485 0.7390876523 2
0 0.785 -0.475 0.7568683066 2
0 0.785 -0.465 0.7732364784 2
0 0.785 -0.455 0.7881616212 2
0 0.785 -0.445 0.8016158813 2
0 0.785 -0.435 0.8135741501 2
0 0.785 -0.425 0.824014111 2
0 0.785 -0.415 0.8329162805 2
0 0.785 -0.405 0.8402640454 2
0 0.785 -0.395 0.8460436931 2
0 0.785 -0.385 0.8502444375 2
0 0.785 -0.375 0.852858439 2
0 0.785 -0.365 0.8538808195 2
0 0.785 -0.355 0.8533096708 2
0 0.785 -0.345 0.8511460589 2
0 0.785 -0.335 0.8473940216 2
0 0.785 -0.325 0.842060561 2
0 0.785 -0.315 0.8351556304 2
0 0.785 -0.305 0.8266921161 2
0 0.785 -0.295 0.8166858127 2
0 0.785 -0.285 0.8051553943 2
0 0.785 -0.275 0.7921223791 2
0 0.785 -0.265 0.7776110897 2
0 0.785 -0.255 0.7616486072 2
0 0.785 -0.245 0.7442647211 2
0 0.785 -0.235 0.7254918737 2
0 0.785 -0.225 0.7053650991 2
0 0.785 -0.215 0.6839219583 2
0 0.785 -0.205 0.661202469 2
0 0.785 -0.195 0.6372490307 2
0 0.785 -0.185 0.6121063458 2
0 0.785 -0.175 0.585821336 2
0 0.785 -0.165 0.558443055 2
0 0.785 -0.155 0.5300225967 2
0 0.785 -0.145 0.5006129997 2
0 0.785 -0.135 0.470269149 2
0 0.785 -0.125 0.4390476728 2
0 0.785 -0.115 0.4070068373 2
0 0.785 -0.105 0.3742064376 2
0 0.785 -0.095 0.3407076865 2
0 0.785 -0.085 0.3065731 2
0 0.785 -0.075 0.2718663809 2
0 0.785 -0.065 0.2366522994 2
0 0.785 -0.055 0.2009965727 2
0 0.785 -0.045 0.1649657423 2
0 0.785 -0.035 0.1286270496 2
0 0.785 -0.025 0.09204831054 2
0 0.785 -0.015 0.05529778915 2
0 0.785 -0.005 0.01844406995 2
0 0.785 0.005 -0.01844406995 2
0 0.785 0.015 -0.05529778915 2
0 0.785 0.025 -0.09204831054 2
0 0.785 0.035 -0.1286270496 2
0 0.785 0.045 -0.1649657423 2
0 0.785 0.055 -0.2009965727 2
0 0.785 0.065 -0.2366522994 2
0 0.785 0.075 -0.2718663809 2
0 0.785 0.085 -0.3065731 2
0 0.785 0.095 -0.3407076865 2
0 0.785 0.105 -0.3742064376 2
0 0.785 0.115 -0.4070068373 2
0 0.785 0.125 -0.4390476728 2
0 0.785 0.135 -0.470269149 2
0 0.785 0.145 -0.5006129997 2
0 0.785 0.155 -0.5300225967 2
0 0.785 0.165 -0.558443055 2
0 0.785 0.175 -0.585821336 2
0 0.785 0.185 -0.6121063458 2
0 0.785 0.195 -0.6372490307 2
0 0.785 0.205 -0.661202469 2
0 0.785 0.215 -0.6839219583 2
0 0.785 0.225 -0.7053650991 2
0 0.785 0.235 -0.7254918737 2
0 0.785 0.245 -0.7442647211 2
0 0.785 0.255 -0.7616486072 2
0 0.785 0.265 -0.7776110897 2
0 0.785 0.275 -0.7921223791 2
0 0.785 0.285 -0.8051553943 2
0 0.785 0.295 -0.8166858127 2
0 0.785 0.305 -0.8266921161 2
0 0.785 0.315 -0.8351556304 2
0 0.785 0.325 -0.842060561 2
0 0.785 0.335 -0.8473940216 2
0 0.785 0.345 -0.8511460589 2
0 0.785 0.355 -0.8533096708 2
0 0.785 0.365 -0.8538808195 2
0 0.785 0.375 -0.852858439 2
0 0.785 0.385 -0.8502444375 2
0 0.785 0.395 -0.8460436931 2
0 0.785 0.405 -0.8402640454 2
0 0.785 0.415 -0.8329162805 2
0 0.785 0.425 -0.824014111 2
0 0.785 0.435 -0.8135741501 2
0 0.785 0.445 -0.8016158813 2
0 0.785 0.455 -0.7881616212 2
0 0.785 0.465 -0.7732364784 2
0 0.785 0.475 -0.7568683066 2
0 0.785 0.485 -0.7390876523 2
0 0.785 0.495 -0.7199276982 2
0 0.785 0.505 0 2
0 0.785 0.515 0 2
0 0.785 0.525 0 2
0 0.785 0.535 0 2
0 0.785 0.545 0 2
0 0.785 0.555 0 2
0 0.785 0.565 0 2
0 0.795 -0.555 0 2
0 0.795 -0.545 0 2
0 0.795 -0.535 0 2
0 0.795 -0.525 0 2
0 0.795 -0.515 0 2
0 0.795 -0.505 0 2
0 0.795 -0.495 0.7078272142 2
0 0.795 -0.485 0.7266651294 2
0 0.795 -0.475 0.744146928 2
0 0.795 -0.465 0.7602399849 2
0 0.795 -0.455 0.7749142671 2
0 0.795 -0.445 0.7881423892 2
0 0.795 -0.435 0.7998996644 2
0 0.795 -0.425 0.8101641513 2
0 0.795 -0.415 0.8189166939 2
0 0.795 -0.405 0.8261409582 2
0 0.795 -0.395 0.8318234621 2
0 0.795 -0.385 0.8359536007 2
0 0.795 -0.375 0.8385236663 2
0 0.795 -0.365 0.8395288627 2
0 0.795 -0.355 0.8389673138 2
0 0.795 -0.345 0.8368400678 2
0 0.795 -0.335 0.8331510944 2
0 0.795 -0.325 0.8279072781 2
0 0.795 -0.315 0.821118405 2
0 0.795 -0.305 0.8127971447 2
0 0.795 -0.295 0.8029590265 2
0 0.795 -0.285 0.7916224104 2
0 0.795 -0.275 0.778808453 2
0 0.795 -0.265 0.7645410681 2
0 0.795 -0.255 0.7488468816 2
0 0.795 -0.245 0.7317551825 2
0 0.795 -0.235 0.7132978674 2
0 0.795 -0.225 0.693509382 2
0 0.795 -0.215 0.6724266557 2
0 0.795 -0.205 0.6500890337 2
0 0.795 -0.195 0.6265382028 2
0 0.795 -0.185 0.601818114 2
0 0.795 -0.175 0.5759749004 2
0 0.795 -0.165 0.5490567913 2
0 0.795 -0.155 0.5211140216 2
0 0.795 -0.145 0.4921987387 2
0 0.795 -0.135 0.4623649048 2
0 0.795 -0.125 0.4316681966 2
0 0.795 -0.115 0.4001659007 2
0 0.795 -0.105 0.3679168073 2
0 0.795 -0.095 0.3349811004 2
0 0.795 -0.085 0.3014202452 2
0 0.795 -0.075 0.2672968737 2
0 0.795 -0.065 0.2326746675 2
0 0.795 -0.055 0.1976182393 2
0 0.795 -0.045 0.162193012 2
0 0.795 -0.035 0.126465097 2
0 0.795 -0.025 0.0905011703 2
0 0.795 -0.015 0.05436834858 2
0 0.795 -0.005 0.01813406357 2
0 0.795 0.005 -0.01813406357 2
0 0.795 0.015 -0.05436834858 2
0 0.795 0.025 -0.0905011703 2
0 0.795 0.035 -0.126465097 2
0 0.795 0.045 -0.162193012 2
0 0.795 0.055 -0.1976182393 2
0 0.795 0.065 -0.2326746675 2
0 0.795 0.075 -0.2672968737 2
0 0.795 0.085 -0.3014202452 2
0 0.795 0.095 -0.3349811004 2
0 0.795 0.105 -0.3679168073 2
0 0.795 0.115 -0.4001659007 2
0 0.795 0.125 -0.4316681966 2
0 0.795 0.135 -0.4623649048 2
0 0.795 0.145 -0.4921987387 2
0 0.795 0.155 -0.5211140216 2
0 0.795 0.165 -0.5490567913 2
0 0.795 0.175 -0.5759749004 2
0 0.795 0.185 -0.601818114 2
0 0.795 0.195 -0.6265382028 2
0 0.795 0.205 -0.6500890337 2
0 0.795 0.215 -0.6724266557 2
0 0.795 0.225 -0.693509382 2
0 0.795 0.235 -0.7132978674 2
0 0.795 0.245 -0.7317551825 2
0 0.795 0.255 -0.7488468816 2
0 0.795 0.265 -0.7645410681 2
0 0.795 0.275 -0.778808453 2
0 0.795 0.285 -0.7916224104 2
0 0.795 0.295 -0.8029590265 2
0 0.795 0.305 -0.8127971447 2
0 0.795 0.315 -0.821118405 2
0 0.795 0.325 -0.8279072781 2
0 0.795 0.335 -0.8331510944 2
0 0.795 0.345 -0.8368400678 2
0 0.795 0.355 -0.8389673138 2
0 0.795 0.365 -0.8395288627 2
0 0.795 0.375 -0.8385236663 2
0 0.795 0.385 -0.8359536007 2
0 0.795 0.395 -0.8318234621 2
0 0.795 0.405 -0.8261409582 2
0 0.795 0.415 -0.8189166939 2
0 0.795 0.425 -0.8101641513 2
0 0.795 0.435 -0.7998996644 2
0 0.795 0.445 -0.7881423892 2
0 0.795 0.455 -0.7749142671 2
0 0.795 0.465 -0.7602399849 2
0 0.795 0.475 -0.744146928 2
0 0.795 0.485 -0.7266651294 2
0 0.795 0.495 -0.7078272142 2
0 0.795 0.505 0 2
0 0.795 0.515 0 2
0 0.795 0.525 0 2
0 0.795 0.535 0 2
0 0.795 0.545 0 2
0 0.795 0.555 0 2
0 0.795 0.565 0 2
0 0.805 -0.555 0 2
0 0.805 -0.545 0 2
0 0.805 -0.535 0 2
0 0.805 -0.525 0 2
0 0.805 -0.515 0 2
0 0.805 -0.505 0 2
0 0.805 -0.495 0.6952114051 2
0 0.805 -0.485 0.7137135667 2
0 0.805 -0.475 0.7308837821 2
0 0.805 -0.465 0.7466900078 2
0 0.805 -0.455 0.7611027461 2
0 0.805 -0.445 0.7740950995 2
0 0.805 -0.435 0.7856428214 2
0 0.805 -0.425 0.7957243614 2
0 0.805 -0.415 0.8043209049 2
0 0.805 -0.405 0.8114164091 2
0 0.805 -0.395 0.816997632 2
0 0.805 -0.385 0.821054158 2
0 0.805 -0.375 0.8235784166 2
0 0.805 -0.365 0.824565697 2
0 0.805 -0.355 0.8240141568 2
0 0.805 -0.345 0.8219248253 2
0 0.805 -0.335 0.8183016015 2
0 0.805 -0.325 0.8131512473 2
0 0.805 -0.315 0.8064833743 2
0 0.805 -0.305 0.7983104262 2
0 0.805 -0.295 0.7886476556 2
0 0.805 -0.285 0.7775130952 2
0 0.805 -0.275 0.7649275248 2
0 0.805 -0.265 0.7509144316 2
0 0.805 -0.255 0.7354999671 2
0 0.805 -0.245 0.7187128983 2
0 0.805 -0.235 0.7005845533 2
0 0.805 -0.225 0.6811487637 2
0 0.805 -0.215 0.660441801 2
0 0.805 -0.205 0.6385023089 2
0 0.805 -0.195 0.6153712312 2
0 0.805 -0.185 0.5910917357 2
0 0.805 -0.175 0.5657091332 2
0 0.805 -0.165 0.5392707933 2
0 0.805 -0.155 0.5118260557 2
0 0.805 -0.145 0.4834261382 2
0 0.805 -0.135 0.4541240414 2
0 0.805 -0.125 0.4239744495 2
0 0.805 -0.115 0.3930336281 2
0 0.805 -0.105 0.3613593197 2
0 0.805 -0.095 0.3290106354 2
0 0.805 -0.085 0.2960479451 2
0 0.805 -0.075 0.2625327642 2
0 0.805 -0.065 0.2285276396 2
0 0.805 -0.055 0.1940960322 2
0 0.805 -0.045 0.1593021991 2
0 0.805 -0.035 0.124211073 2
0 0.805 -0.025 0.08888814178 2
0 0.805 -0.015 0.05339932578 2
0 0.805 -0.005 0.01781085492 2
0 0.805 0.005 -0.01781085492 2
0 0.805 0.015 -0.05339932578 2
0 0.805 0.025 -0.08888814178 2
0 0.805 0.035 -0.124211073 2
0 0.805 0.045 -0.1593021991 2
0 0.805 0.055 -0.1940960322 2
0 0.805 0.065 -0.2285276396 2
0 0.805 0.075 -0.2625327642 2
0 0.805 0.085 -0.2960479451 2
0 0.805 0.095 -0.3290106354 2
0 0.805 0.105 -0.3613593197 2
0 0.805 0.115 -0.3930336281 2
0 0.805 0.125 -0.4239744495 2
0 0.805 0.135 -0.4541240414 2
0 0.805 0.145 -0.4834261382 2
0 0.805 0.155 -0.5118260557 2
0 0.805 0.165 -0.5392707933 2
0 0.805 0.175 -0.5657091332 2
0 0.805 0.185 -0.5910917357 2
0 0.805 0.195 -0.6153712312 2
0 0.805 0.205 -0.6385023089 2
0 0.805 0.215 -0.660441801 2
0 0.805 0.225 -0.6811487637 2
0 0.805 0.235 -0.7005845533 2
0 0.805 0.245 -0.7187128983 2
0 0.805 0.255 -0.7354999671 2
0 0.805 0.265 -0.7509144316 2
0 0.805 0.275 -0.7649275248 2
0 0.805 0.285 -0.7775130952 2
0 0.805 0.295 -0.7886476556 2
0 0.805 0.305 -0.7983104262 2
0 0.805 0.315 -0.8064833743 2
0 0.805 0.325 -0.8131512473 2
0 0.805 0.335 -0.8183016015 2
0 0.805 0.345 -0.8219248253 2
0 0.805 0.355 -0.8240141568 2
0 0.805 0.365 -0.824565697 2
0 0.805 0.375 -0.8235784166 2
0 0.805 0.385 -0.821054158 2
0 0.805 0.395 -0.816997632 2
0 0.805 0.405 -0.8114164091 2
0 0.805 0.415 -0.8043209049 2
0 0.805 0.425 -0.7957243614 2
0 0.805 0.435 -0.7856428214 2
0 0.805 0.445 -0.7740950995 2
0 0.805 0.455 -0.7611027461 2
0 0.805 0.465 -0.7466900078 2
0 0.805 0.475 -0.7308837821 2
0 0.805 0.485 -0.7137135667 2
0 0.805 0.495 -0.6952114051 2
0 0.805 0.505 0 2
0 0.805 0.515 0 2
0 0.805 0.525 0 2
0 0.805 0.535 0 2
0 0.805 0.545 0 2
0 0.805 0.555 0 2
0 0.805 0.565 0 2
0 0.815 -0.555 0 2
0 0.815 -0.545 0 2
0 0.815 -0.535 0 2
0 0.815 -0.525 0 2
0 0.815 -0.515 0 2
0 0.815 -0.505 0 2
0 0.815 -0.495 0.6820894557 2
0 0.815 -0.485 0.7002423934 2
0 0.815 -0.475 0.7170885251 2
0 0.815 -0.465 0.7325964121 2
0 0.815 -0.455 0.7467371134 2
0 0.815 -0.445 0.7594842392 2
0 0.815 -0.435 0.7708140006 2
0 0.815 -0.425 0.7807052539 2
0 0.815 -0.415 0.7891395398 2
0 0.815 -0.405 0.796101118 2
0 0.815 -0.395 0.8015769966 2
0 0.815 -0.385 0.8055569566 2
0 0.815 -0.375 0.8080335705 2
0 0.815 -0.365 0.8090022163 2
0 0.815 -0.355 0.8084610862 2
0 0.815 -0.345 0.8064111903 2
0 0.815 -0.335 0.802856354 2
0 0.815 -0.325 0.7978032115 2
0 0.815 -0.315 0.791261193 2
0 0.815 -0.305 0.7832425074 2
0 0.815 -0.295 0.7737621193 2
0 0.815 -0.285 0.7628377211 2
0 0.815 -0.275 0.7504897003 2
0 0.815 -0.265 0.7367411008 2
0 0.815 -0.255 0.7216175807 2
0 0.815 -0.245 0.7051473638 2
0 0.815 -0.235 0.687361187 2
0 0.815 -0.225 0.6682922434 2
0 0.815 -0.215 0.6479761196 2
0 0.815 -0.205 0.6264507302 2
0 0.815 -0.195 0.6037562461 2
0 0.815 -0.185 0.5799350203 2
0 0.815 -0.175 0.5550315083 2
0 0.815 -0.165 0.5290921858 2
0 0.815 -0.155 0.502165461 2
0 0.815 -0.145 0.4743015852 2
0 0.815 -0.135 0.4455525585 2
0 0.815 -0.125 0.4159720329 2
0 0.815 -0.115 0.3856152122 2
0 0.815 -0.105 0.3545387487 2
0 0.815 -0.095 0.3228006382 2
0 0.815 -0.085 0.2904601107 2
0 0.815 -0.075 0.2575775209 2
0 0.815 -0.065 0.2242142349 2
0 0.815 -0.055 0.1904325159 2
0 0.815 -0.045 0.1562954081 2
0 0.815 -0.035 0.1218666186 2
0 0.815 -0.025 0.08721039931 2
0 0.815 -0.015 0.05239142625 2
0 0.815 -0.005 0.01747467928 2
0 0.815 0.005 -0.01747467928 1
0 0.815 0.015 -0.05239142625 1
0 0.815 0.025 -0.08721039931 1
0 0.815 0.035 -0.1218666186 1
0 0.815 0.045 -0.1562954081 1
0 0.815 0.055 -0.1904325159 1
0 0.815 0.065 -0.2242142349 1
0 0.815 0.075 -0.2575775209 2
0 0.815 0.085 -0.2904601107 2
0 0.815 0.095 -0.3228006382 2
0 0.815 0.105 -0.3545387487 2
0 0.815 0.115 -0.3856152122 2
0 0.815 0.125 -0.4159720329 2
0 0.815 0.135 -0.4455525585 2
0 0.815 0.145 -0.4743015852 2
0 0.815 0.155 -0.502165461 2
0 0.815 0.165 -0.5290921858 2
0 0.815 0.175 -0.5550315083 2
0 0.815 0.185 -0.5799350203 2
0 0.815 0.195 -0.6037562461 2
0 0.815 0.205 -0.6264507302 2
0 0.815 0.215 -0.6479761196 2
0 0.815 0.225 -0.6682922434 2
0 0.815 0.235 -0.687361187 2
0 0.815 0.245 -0.7051473638 2
0 0.815 0.255 -0.7216175807 2
0 0.815 0.265 -0.7367411008 2
0 0.815 0.275 -0.7504897003 2
0 0.815 0.285 -0.7628377211 2
0 0.815 0.295 -0.7737621193 2
0 0.815 0.305 -0.7832425074 2
0 0.815 0.315 -0.791261193 2
0 0.815 0.325 -0.7978032115 2
0 0.815 0.335 -0.802856354 2
0 0.815 0.345 -0.8064111903 2
0 0.815 0.355 -0.8084610862 2
0 0.815 0.365 -0.8090022163 2
0 0.815 0.375 -0.8080335705 2
0 0.815 0.385 -0.8055569566 2
0 0.815 0.395 -0.8015769966 2
0 0.815 0.405 -0.796101118 2
0 0.815 0.415 -0.7891395398 2
0 0.815 0.425 -0.7807052539 2
0 0.815 0.435 -0.7708140006 2
0 0.815 0.445 -0.7594842392 2
0 0.815 0.455 -0.7467371134 2
0 0.815 0.465 -0.7325964121 2
0 0.815 0.475 -0.7170885251 2
0 0.815 0.485 -0.7002423934 2
0 0.815 0.495 -0.6820894557 2
0 0.815 0.505 0 2
0 0.815 0.515 0 2
0 0.815 0.525 0 2
0 0.815 0.535 0 2
0 0.815 0.545 0 2
0 0.815 0.555 0 2
0 0.815 0.565 0 2
0 0.825 -0.555 0 2
0 0.825 -0.545 0 2
0 0.825 -0.535 0 2
0 0.825 -0.525 0 2
0 0.825 -0.515 0 2
0 0.825 -0.505 0 2
0 0.825 -0.495 0.6684709193 2
0 0.825 -0.485 0.6862614171 2
0 0.825 -0.475 0.7027712005 2
0 0.825 -0.465 0.7179694584 2
0 0.825 -0.455 0.7318278277 2
0 0.825 -0.445 0.7443204455 2
0 0.825 -0.435 0.755423998 2
0 0.825 -0.425 0.7651177634 2
0 0.825 -0.415 0.7733836511 2
0 0.825 -0.405 0.780206235 2
0 0.825 -0.395 0.7855727828 2
0 0.825 -0.385 0.7894732793 2
0 0.825 -0.375 0.7919004453 2
0 0.825 -0.365 0.7928497512 2
0 0.825 -0.355 0.7923194253 2
0 0.825 -0.345 0.7903104574 2
0 0.825 -0.335 0.7868265967 2
0 0.825 -0.325 0.7818743448 2
0 0.825 -0.315 0.7754629436 2
0 0.825 -0.305 0.7676043583 2
0 0.825 -0.295 0.7583132548 2
0 0.825 -0.285 0.7476069722 2
0 0.825 -0.275 0.7355054908 2
0 0.825 -0.265 0.7220313946 2
0 0.825 -0.255 0.7072098294 2
0 0.825 -0.245 0.6910684553 2
0 0.825 -0.235 0.6736373957 2
0 0.825 -0.225 0.6549491809 2
0 0.825 -0.215 0.635038687 2
0 0.825 -0.205 0.6139430715 2
0 0.825 -0.195 0.5917017035 2
0 0.825 -0.185 0.5683560901 2
0 0.825 -0.175 0.5439497994 2
0 0.825 -0.165 0.518528379 2
0 0.825 -0.155 0.4921392708 2
0 0.825 -0.145 0.4648317227 2
0 0.825 -0.135 0.4366566964 2
0 0.825 -0.125 0.4076667729 2
0 0.825 -0.115 0.3779160537 2
0 0.825 -0.105 0.3474600602 2
0 0.825 -0.095 0.3163556298 2
0 0.825 -0.085 0.2846608104 2
0 0.825 -0.075 0.2524347515 2
0 0.825 -0.065 0.2197375938 2
0 0.825 -0.055 0.1866303576 2
0 0.825 -0.045 0.1531748281 2
0 0.825 -0.035 0.1194334407 2
0 0.825 -0.025 0.08546916437 2
0 0.825 -0.015 0.05134538377 1
0 0.825 -0.005 0.01712578141 1
0 0.825 0.005 -0.01712578141 1
0 0.825 0.015 -0.05134538377 1
0 0.825 0.025 -0.08546916437 1
0 0.825 0.035 -0.1194334407 1
0 0.825 0.045 -0.1531748281 1
0 0.825 0.055 -0.1866303576 1
0 0.825 0.065 -0.2197375938 1
0 0.825 0.075 -0.2524347515 1
0 0.825 0.085 -0.2846608104 2
0 0.825 0.095 -0.3163556298 2
0 0.825 0.105 -0.3474600602 2
0 0.825 0.115 -0.3779160537 2
0 0.825 0.125 -0.4076667729 2
0 0.825 0.135 -0.4366566964 2
0 0.825 0.145 -0.4648317227 2
0 0.825 0.155 -0.4921392708 2
0 0.825 0.165 -0.518528379 2
0 0.825 0.175 -0.5439497994 2
0 0.825 0.185 -0.5683560901 2
0 0.825 0.195 -0.5917017035 2
0 0.825 0.205 -0.6139430715 2
0 0.825 0.215 -0.635038687 2
0 0.825 0.225 -0.6549491809 2
0 0.825 0.235 -0.6736373957 2
0 0.825 0.245 -0.6910684553 2
0 0.825 0.255 -0.7072098294 2
0 0.825 0.265 -0.7220313946 2
0 0.825 0.275 -0.7355054908 2
0 0.825 0.285 -0.7476069722 2
0 0.825 0.295 -0.7583132548 2
0 0.825 0.305 -0.7676043583 2
0 0.825 0.315 -0.7754629436 2
0 0.825 0.325 -0.7818743448 2
0 0.825 0.335 -0.7868265967 2
0 0.825 0.345 -0.7903104574 2
0 0.825 0.355 -0.7923194253 2
0 0.825 0.365 -0.7928497512 2
0 0.825 0.375 -0.7919004453 2
0 0.825 0.385 -0.7894732793 2
0 0.825 0.395 -0.7855727828 2
0 0.825 0.405 -0.780206235 2
0 0.825 0.415 -0.7733836511 2
0 0.825 0.425 -0.7651177634 2
0 0.825 0.435 -0.755423998 2
0 0.825 0.445 -0.7443204455 2
0 0.825 0.455 -0.7318278277 2
0 0.825 0.465 -0.7179694584 2
0 0.825 0.475 -0.7027712005 2
0 0.825 0.485 -0.6862614171 2
0 0.825 0.495 -0.6684709193 2
0 0.825 0.505 0 2
0 0.825 0.515 0 2
0 0.825 0.525 0 2
0 0.825 0.535 0 2
0 0.825 0.545 0 2
0 0.825 0.555 0 2
0 0.825 0.565 0 2
0 0.835 -0.555 0 2
0 0.835 -0.545 0 2
0 0.835 -0.535 0 2
0 0.835 -0.525 0 2
0 0.835 -0.515 0 2
0 0.835 -0.505 0 2
0 0.835 -0.495 0.6543657108 2
0 0.835 -0.485 0.6717808165 2
0 0.835 -0.475 0.6879422317 2
0 0.835 -0.465 0.7028197957 2
0 0.835 -0.455 0.7163857436 2
0 0.835 -0.445 0.7286147584 2
0 0.835 -0.435 0.739484018 2
0 0.835 -0.425 0.7489732382 2
0 0.835 -0.415 0.7570647098 2
0 0.835 -0.405 0.7637433324 2
0 0.835 -0.395 0.7689966422 2
0 0.835 -0.385 0.7728148355 2
0 0.835 -0.375 0.7751907865 2
0 0.835 -0.365 0.7761200614 2
0 0.835 -0.355 0.7756009258 2
0 0.835 -0.345 0.7736343485 2
0 0.835 -0.335 0.7702239997 2
0 0.835 -0.325 0.7653762438 2
0 0.835 -0.315 0.7591001277 2
0 0.835 -0.305 0.7514073642 2
0 0.835 -0.295 0.7423123094 2
0 0.835 -0.285 0.731831937 2
0 0.835 -0.275 0.7199858054 2
0 0.835 -0.265 0.7067960222 2
0 0.835 -0.255 0.6922872024 2
0 0.835 -0.245 0.6764864227 2
0 0.835 -0.235 0.6594231708 2
0 0.835 -0.225 0.6411292905 2
0 0.835 -0.215 0.6216389221 2
0 0.835 -0.205 0.600988439 2
0 0.835 -0.195 0.5792163796 2
0 0.835 -0.185 0.5563633751 2
0 0.835 -0.175 0.5324720744 2
0 0.835 -0.165 0.507587064 2
0 0.835 -0.155 0.4817547846 2
0 0.835 -0.145 0.455023445 2
0 0.835 -0.135 0.4274429317 2
0 0.835 -0.125 0.3990647161 2
0 0.835 -0.115 0.369941758 2
0 0.835 -0.105 0.3401284074 2
0 0.835 -0.095 0.3096803026 2
0 0.835 -0.085 0.2786542663 2
0 0.835 -0.075 0.2471081999 2
0 0.835 -0.065 0.2151009754 2
0 0.835 -0.055 0.1826923252 2
0 0.835 -0.045 0.149942731 2
0 0.835 -0.035 0.1169133108 2
0 0.835 -0.025 0.08366570463 2
0 0.835 -0.015 0.0502619599 1
0 0.835 -0.005 0.01676441533 1
0 0.835 0.005 -0.01676441533 1
0 0.835 0.015 -0.0502619599 1
0 0.835 0.025 -0.08366570463 1
0 0.835 0.035 -0.1169133108 1
0 0.835 0.045 -0.149942731 1
0 0.835 0.055 -0.1826923252 1
0 0.835 0.065 -0.2151009754 1
0 0.835 0.075 -0.2471081999 1
0 0.835 0.085 -0.2786542663 1
0 0.835 0.095 -0.3096803026 2
0 0.835 0.105 -0.3401284074 2
0 0.835 0.115 -0.369941758 2
0 0.835 0.125 -0.3990647161 2
0 0.835 0.135 -0.4274429317 2
0 0.835 0.145 -0.455023445 2
0 0.835 0.155 -0.4817547846 2
0 0.835 0.165 -0.507587064 2
0 0.835 0.175 -0.5324720744 2
0 0.835 0.185 -0.5563633751 2
0 0.835 0.195 -0.5792163796 2
0 0.835 0.205 -0.600988439 2
0 0.835 0.215 -0.6216389221 2
0 0.835 0.225 -0.6411292905 2
0 0.835 0.235 -0.6594231708 2
0 0.835 0.245 -0.6764864227 2
0 0.835 0.255 -0.6922872024 2
0 0.835 0.265 -0.7067960222 2
0 0.835 0.275 -0.7199858054 2
0 0.835 0.285 -0.731831937 2
0 0.835 0.295 -0.7423123094 2
0 0.835 0.305 -0.7514073642 2
0 0.835 0.315 -0.7591001277 2
0 0.835 0.325 -0.7653762438 2
0 0.835 0.335 -0.7702239997 2
0 0.835 0.345 -0.7736343485 2
0 0.835 0.355 -0.7756009258 2
0 0.835 0.365 -0.7761200614 2
0 0.835 0.375 -0.7751907865 2
0 0.835 0.385 -0.7728148355 2
0 0.835 0.395 -0.7689966422 2
0 0.835 0.405 -0.7637433324 2
0 0.835 0.415 -0.7570647098 2
0 0.835 0.425 -0.7489732382 2
0 0.835 0.435 -0.739484018 2
0 0.835 0.445 -0.7286147584 2
0 0.835 0.455 -0.7163857436 2
0 0.835 0.465 -0.7028197957 2
0 0.835 0.475 -0.6879422317 2
0 0.835 0.485 -0.6717808165 2
0 0.835 0.495 -0.6543657108 2
0 0.835 0.505 0 2
0 0.835 0.515 0 2
0 0.835 0.525 0 2
0 0.835 0.535 0 2
0 0.835 0.545 0 2
0 0.835 0.555 0 2
0 0.835 0.565 0 2
0 0.845 -0.555 0 2
0 0.845 -0.545 0 2
0 0.845 -0.535 0 2
0 0.845 -0.525 0 2
0 0.845 -0.515 0 2
0 0.845 -0.505 0 2
0 0.845 -0.495 0.6397840991 2
0 0.845 -0.485 0.6568111339 2
0 0.845 -0.475 0.6726124149 2
0 0.845 -0.465 0.6871584535 2
0 0.845 -0.455 0.7004221035 2
0 0.845 -0.445 0.712378612 2
0 0.845 -0.435 0.7230056657 2
0 0.845 -0.425 0.732283432 2
0 0.845 -0.415 0.7401945966 2
0 0.845 -0.405 0.7467243956 2
0 0.845 -0.395 0.7518606428 2
0 0.845 -0.385 0.7555937531 2
0 0.845 -0.375 0.7579167595 2
0 0.845 -0.365 0.7588253267 2
0 0.845 -0.355 0.7583177593 2
0 0.845 -0.345 0.7563950045 2
0 0.845 -0.335 0.7530606504 2
0 0.845 -0.325 0.7483209199 2
0 0.845 -0.315 0.7421846582 2
0 0.845 -0.305 0.7346633169 2
0 0.845 -0.295 0.7257709326 2
0 0.845 -0.285 0.7155241003 2
0 0.845 -0.275 0.703941943 2
0 0.845 -0.265 0.6910460754 2
0 0.845 -0.255 0.6768605641 2
0 0.845 -0.245 0.6614118824 2
0 0.845 -0.235 0.6447288609 2
0 0.845 -0.225 0.6268426337 2
0 0.845 -0.215 0.6077865806 2
0 0.845 -0.205 0.5875962642 2
0 0.845 -0.195 0.5663093642 2
0 0.845 -0.185 0.5439656065 2
0 0.845 -0.175 0.5206066896 2
0 0.845 -0.165 0.4962762063 2
0 0.845 -0.155 0.4710195626 2
0 0.845 -0.145 0.4448838929 2
0 0.845 -0.135 0.4179179723 2
0 0.845 -0.125 0.3901721249 2
0 0.845 -0.115 0.3616981307 2
0 0.845 -0.105 0.3325491284 2
0 0.845 -0.095 0.3027795163 2
0 0.845 -0.085 0.2724448512 2
0 0.845 -0.075 0.2416017442 2
0 0.845 -0.065 0.2103077552 2
0 0.845 -0.055 0.1786212859 2
0 0.845 -0.045 0.1466014699 2
0 0.845 -0.035 0.1143080635 2
0 0.845 -0.025 0.08180133308 2
0 0.845 -0.015 0.04914194342 1
0 0.845 -0.005 0.01639084411 1
0 0.845 0.005 -0.01639084411 1
0 0.845 0.015 -0.04914194342 1
0 0.845 0.025 -0.08180133308 1
0 0.845 0.035 -0.1143080635 1
0 0.845 0.045 -0.1466014699 1
0 0.845 0.055 -0.1786212859 1
0 0.845 0.065 -0.2103077552 1
0 0.845 0.075 -0.2416017442 1
0 0.845 0.085 -0.2724448512 1
0 0.845 0.095 -0.3027795163 2
0 0.845 0.105 -0.3325491284 2
0 0.845 0.115 -0.3616981307 2
0 0.845 0.125 -0.3901721249 2
0 0.845 0.135 -0.4179179723 2
0 0.845 0.145 -0.4448838929 2
0 0.845 0.155 -0.4710195626 2
0 0.845 0.165 -0.4962762063 2
0 0.845 0.175 -0.5206066896 2
0 0.845 0.185 -0.5439656065 2
0 0.845 0.195 -0.5663093642 2
0 0.845 0.205 -0.5875962642 2
0 0.845 0.215 -0.6077865806 2
0 0.845 0.225 -0.6268426337 2
0 0.845 0.235 -0.6447288609 2
0 0.845 0.245 -0.6614118824 2
0 0.845 0.255 -0.6768605641 2
0 0.845 0.265 -0.6910460754 2
0 0.845 0.275 -0.703941943 2
0 0.845 0.285 -0.7155241003 2
0 0.845 0.295 -0.7257709326 2
0 0.845 0.305 -0.7346633169 2
0 0.845 0.315 -0.7421846582 2
0 0.845 0.325 -0.7483209199 2
0 0.845 0.335 -0.7530606504 2
0 0.845 0.345 -0.7563950045 2
0 0.845 0.355 -0.7583177593 2
0 0.845 0.365 -0.7588253267 2
0 0.845 0.375 -0.7579167595 2
0 0.845 0.385 -0.7555937531 2
0 0.845 0.395 -0.7518606428 2
0 0.845 0.405 -0.7467243956 2
0 0.845 0.415 -0.7401945966 2
0 0.845 0.425 -0.732283432 2
0 0.845 0.435 -0.7230056657 2
0 0.845 0.445 -0.712378612 2
0 0.845 0.455 -0.7004221035 2
0 0.845 0.465 -0.6871584535 2
0 0.845 0.475 -0.6726124149 2
0 0.845 0.485 -0.6568111339 2
0 0.845 0.495 -0.6397840991 2
0 0.845 0.505 0 2
0 0.845 0.515 0 2
0 0.845 0.525 0 2
0 0.845 0.535 0 2
0 0.845 0.545 0 2
0 0.845 0.555 0 2
0 0.845 0.565 0 2
0 0.855 -0.555 0 1
0 0.855 -0.545 0 1
0 0.855 -0.535 0 2
0 0.855 -0.525 0 2
0 0.855 -0.515 0 2
0 0.855 -0.505 0 2
0 0.855 -0.495 0.6247367003 2
0 0.855 -0.485 0.6413632679 2
0 0.855 -0.475 0.6567929108 2
0 0.855 -0.465 0.6709968339 2
0 0.855 -0.455 0.6839485295 2
0 0.855 -0.445 0.695623827 2
0 0.855 -0.435 0.7060009377 2
0 0.855 -0.425 0.7150604956 2
0 0.855 -0.415 0.7227855937 2
0 0.855 -0.405 0.7291618151 2
0 0.855 -0.395 0.7341772604 2
0 0.855 -0.385 0.7378225698 2
0 0.855 -0.375 0.7400909402 2
0 0.855 -0.365 0.7409781385 2
0 0.855 -0.355 0.7404825088 2
0 0.855 -0.345 0.7386049761 2
0 0.855 -0.335 0.7353490444 2
0 0.855 -0.325 0.7307207899 2
0 0.855 -0.315 0.72472885 2
0 0.855 -0.305 0.7173844069 2
0 0.855 -0.295 0.708701167 2
0 0.855 -0.285 0.698695335 2
0 0.855 -0.275 0.6873855842 2
0 0.855 -0.265 0.6747930209 2
0 0.855 -0.255 0.6609411457 2
0 0.855 -0.245 0.6458558091 2
0 0.855 -0.235 0.6295651638 2
0 0.855 -0.225 0.6120996117 2
0 0.855 -0.215 0.5934917473 2
0 0.855 -0.205 0.5737762969 2
0 0.855 -0.195 0.552990054 2
0 0.855 -0.185 0.5311718103 2
0 0.855 -0.175 0.5083622833 2
0 0.855 -0.165 0.4846040406 2
0 0.855 -0.155 0.4599414204 2
0 0.855 -0.145 0.4344204486 2
0 0.855 -0.135 0.4080887527 2
0 0.855 -0.125 0.3809954737 2
0 0.855 -0.115 0.3531911734 2
0 0.855 -0.105 0.3247277409 2
0 0.855 -0.095 0.2956582951 2
0 0.855 -0.085 0.266037086 2
0 0.855 -0.075 0.2359193932 2
0 0.855 -0.065 0.2053614231 2
0 0.855 -0.055 0.1744202035 2
0 0.855 -0.045 0.1431534774 2
0 0.855 -0.035 0.1116195956 2
0 0.855 -0.025 0.07987740705 2
0 0.855 -0.015 0.04798614974 1
0 0.855 -0.005 0.01600533974 1
0 0.855 0.005 -0.01600533974 1
0 0.855 0.015 -0.04798614974 1
0 0.855 0.025 -0.07987740705 1
0 0.855 0.035 -0.1116195956 1
0 0.855 0.045 -0.1431534774 1
0 0.855 0.055 -0.1744202035 1
0 0.855 0.065 -0.2053614231 1
0 0.855 0.075 -0.2359193932 1
0 0.855 0.085 -0.266037086 1
0 0.855 0.095 -0.2956582951 2
0 0.855 0.105 -0.3247277409 2
0 0.855 0.115 -0.3531911734 2
0 0.855 0.125 -0.3809954737 2
0 0.855 0.135 -0.4080887527 2
0 0.855 0.145 -0.4344204486 2
0 0.855 0.155 -0.4599414204 2
0 0.855 0.165 -0.4846040406 2
0 0.855 0.175 -0.5083622833 2
0 0.855 0.185 -0.5311718103 2
0 0.855 0.195 -0.552990054 2
0 0.855 0.205 -0.5737762969 2
0 0.855 0.215 -0.5934917473 2
0 0.855 0.225 -0.6120996117 2
0 0.855 0.235 -0.6295651638 2
0 0.855 0.245 -0.6458558091 2
0 0.855 0.255 -0.6609411457 2
0 0.855 0.265 -0.6747930209 2
0 0.855 0.275 -0.6873855842 2
0 0.855 0.285 -0.698695335 2
0 0.855 0.295 -0.708701167 2
0 0.855 0.305 -0.7173844069 2
0 0.855 0.315 -0.72472885 2
0 0.855 0.325 -0.7307207899 2
0 0.855 0.335 -0.7353490444 2
0 0.855 0.345 -0.7386049761 2
0 0.855 0.355 -0.7404825088 2
0 0.855 0.365 -0.7409781385 2
0 0.855 0.375 -0.7400909402 2
0 0.855 0.385 -0.7378225698 2
0 0.855 0.395 -0.7341772604 2
0 0.855 0.405 -0.7291618151 2
0 0.855 0.415 -0.7227855937 2
0 0.855 0.425 -0.7150604956 2
0 0.855 0.435 -0.7060009377 2
0 0.855 0.445 -0.695623827 2
0 0.855 0.455 -0.6839485295 2
0 0.855 0.465 -0.6709968339 2
0 0.855 0.475 -0.6567929108 2
0 0.855 0.485 -0.6413632679 2
0 0.855 0.495 -0.6247367003 2
0 0.855 0.505 0 2
0 0.855 0.515 0 2
0 0.855 0.525 0 2
0 0.855 0.535 0 2
0 0.855 0.545 0 2
0 0.855 0.555 0 2
0 0.855 0.565 0 2
0 0.865 -0.555 0 1
0 0.865 -0.545 0 1
0 0.865 -0.535 0 2
0 0.865 -0.525 0 2
0 0.865 -0.515 0 2
0 0.865 -0.505 0 2
0 0.865 -0.495 0.6092344696 2
0 0.865 -0.485 0.6254484651 2
0 0.865 -0.475 0.6404952365 2
0 0.865 -0.465 0.6543467031 2
0 0.865 -0.455 0.666977015 2
0 0.865 -0.445 0.6783626015 2
0 0.865 -0.435 0.6884822143 2
0 0.865 -0.425 0.6973169681 2
0 0.865 -0.415 0.7048503754 2
0 0.865 -0.405 0.7110683771 2
0 0.865 -0.395 0.7159593691 2
0 0.865 -0.385 0.7195142237 2
0 0.865 -0.375 0.7217263067 2
0 0.865 -0.365 0.72259149 2
0 0.865 -0.355 0.7221081589 2
0 0.865 -0.345 0.7202772154 2
0 0.865 -0.335 0.7171020764 2
0 0.865 -0.325 0.7125886675 2
0 0.865 -0.315 0.7067454117 2
0 0.865 -0.305 0.6995832138 2
0 0.865 -0.295 0.69111544 2
0 0.865 -0.285 0.681357893 2
0 0.865 -0.275 0.6703287826 2
0 0.865 -0.265 0.6580486914 2
0 0.865 -0.255 0.644540537 2
0 0.865 -0.245 0.6298295283 2
0 0.865 -0.235 0.6139431194 2
0 0.865 -0.225 0.5969109579 2
0 0.865 -0.215 0.5787648295 2
0 0.865 -0.205 0.5595385988 2
0 0.865 -0.195 0.5392681462 2
0 0.865 -0.185 0.5179913008 2
0 0.865 -0.175 0.49574777 2
0 0.865 -0.165 0.4725790649 2
0 0.865 -0.155 0.4485284235 2
0 0.865 -0.145 0.4236407296 2
0 0.865 -0.135 0.3979624291 2
0 0.865 -0.125 0.3715414433 2
0 0.865 -0.115 0.3444270796 2
0 0.865 -0.105 0.3166699393 2
0 0.865 -0.095 0.2883218234 2
0 0.865 -0.085 0.2594356356 2
0 0.865 -0.075 0.230065284 2
0 0.865 -0.065 0.2002655801 2
0 0.865 -0.055 0.1700921366 2
0 0.865 -0.045 0.1396012638 2
0 0.865 -0.035 0.1088498644 2
0 0.865 -0.025 0.07789532725 2
0 0.865 -0.015 0.04679542033 2
0 0.865 -0.005 0.01560818287 1
0 0.865 0.005 -0.01560818287 1
0 0.865 0.015 -0.04679542033 1
0 0.865 0.025 -0.07789532725 1
0 0.865 0.035 -0.1088498644 1
0 0.865 0.045 -0.1396012638 1
0 0.865 0.055 -0.1700921366 1
0 0.865 0.065 -0.2002655801 1
0 0.865 0.075 -0.230065284 1
0 0.865 0.085 -0.2594356356 1
0 0.865 0.095 -0.2883218234 2
0 0.865 0.105 -0.3166699393 2
0 0.865 0.115 -0.3444270796 2
0 0.865 0.125 -0.3715414433 2
0 0.865 0.135 -0.3979624291 2
0 0.865 0.145 -0.4236407296 2
0 0.865 0.155 -0.4485284235 2
0 0.865 0.165 -0.4725790649 2
0 0.865 0.175 -0.49574777 2
0 0.865 0.185 -0.5179913008 2
0 0.865 0.195 -0.5392681462 2
0 0.865 0.205 -0.5595385988 2
0 0.865 0.215 -0.5787648295 2
0 0.865 0.225 -0.5969109579 2
0 0.865 0.235 -0.6139431194 2
0 0.865 0.245 -0.6298295283 2
0 0.865 0.255 -0.644540537 2
0 0.865 0.265 -0.6580486914 2
0 0.865 0.275 -0.6703287826 2
0 0.865 0.285 -0.681357893 2
0 0.865 0.295 -0.69111544 2
0 0.865 0.305 -0.6995832138 2
0 0.865 0.315 -0.7067454117 2
0 0.865 0.325 -0.7125886675 2
0 0.865 0.335 -0.7171020764 2
0 0.865 0.345 -0.7202772154 2
0 0.865 0.355 -0.7221081589 2
0 0.865 0.365 -0.72259149 2
0 0.865 0.375 -0.7217263067 2
0 0.865 0.385 -0.7195142237 2
0 0.865 0.395 -0.7159593691 2
0 0.865 0.405 -0.7110683771 2
0 0.865 0.415 -0.7048503754 2
0 0.865 0.425 -0.6973169681 2
0 0.865 0.435 -0.6884822143 2
0 0.865 0.445 -0.6783626015 2
0 0.865 0.455 -0.666977015 2
0 0.865 0.465 -0.6543467031 2
0 0.865 0.475 -0.6404952365 2
0 0.865 0.485 -0.6254484651 2
0 0.865 0.495 -0.6092344696 2
0 0.865 0.505 0 2
0 0.865 0.515 0 2
0 0.865 0.525 0 2
0 0.865 0.535 0 2
0 0.865 0.545 0 2
0 0.865 0.555 0 2
0 0.865 0.565 0 2
0 0.875 -0.555 0 1
0 0.875 -0.545 0 1
0 0.875 -0.535 0 2
0 0.875 -0.525 0 2
0 0.875 -0.515 0 2
0 0.875 -0.505 0 2
0 0.875 -0.495 0.593288693 2
0 0.875 -0.485 0.6090783121 2
0 0.875 -0.475 0.6237312573 2
0 0.875 -0.465 0.6372201831 2
0 0.875 -0.455 0.649519916 2
0 0.875 -0.445 0.6606075022 2
0 0.875 -0.435 0.6704622497 2
0 0.875 -0.425 0.6790657674 2
0 0.875 -0.415 0.6864019993 2
0 0.875 -0.405 0.6924572544 2
0 0.875 -0.395 0.6972202322 2
0 0.875 -0.385 0.7006820439 2
0 0.875 -0.375 0.702836229 2
0 0.875 -0.365 0.7036787675 2
0 0.875 -0.355 0.7032080868 2
0 0.875 -0.345 0.7014250654 2
0 0.875 -0.335 0.6983330309 1
0 0.875 -0.325 0.6939377536 1
0 0.875 -0.315 0.688247436 2
0 0.875 -0.305 0.6812726976 2
0 0.875 -0.295 0.6730265548 2
0 0.875 -0.285 0.6635243966 2
0 0.875 -0.275 0.6527839562 2
0 0.875 -0.265 0.6408252776 2
0 0.875 -0.255 0.6276706783 2
0 0.875 -0.245 0.6133447077 2
0 0.875 -0.235 0.5978741012 2
0 0.875 -0.225 0.5812877303 2
0 0.875 -0.215 0.5636165489 2
0 0.875 -0.205 0.5448935353 2
0 0.875 -0.195 0.5251536307 2
0 0.875 -0.185 0.5044336741 2
0 0.875 -0.175 0.4827723334 2
0 0.875 -0.165 0.4602100336 2
0 0.875 -0.155 0.4367888809 2
0 0.875 -0.145 0.4125525841 2
0 0.875 -0.135 0.3875463737 2
0 0.875 -0.125 0.3618169166 2
0 0.875 -0.115 0.3354122297 2
0 0.875 -0.105 0.30838159 2
0 0.875 -0.095 0.2807754424 2
0 0.875 -0.085 0.2526453063 2
0 0.875 -0.075 0.2240436785 2
0 0.875 -0.065 0.1950239361 2
0 0.875 -0.055 0.1656402361 2
0 0.875 -0.045 0.1359474151 2
0 0.875 -0.035 0.1060008864 2
0 0.875 -0.025 0.07585653669 2
0 0.875 -0.015 0.04557062207 2
0 0.875 -0.005 0.01519966266 2
0 0.875 0.005 -0.01519966266 1
0 0.875 0.015 -0.04557062207 1
0 0.875 0.025 -0.07585653669 1
0 0.875 0.035 -0.1060008864 1
0 0.875 0.045 -0.1359474151 1
0 0.875 0.055 -0.1656402361 1
0 0.875 0.065 -0.1950239361 1
0 0.875 0.075 -0.2240436785 2
0 0.875 0.085 -0.2526453063 2
0 0.875 0.095 -0.2807754424 2
0 0.875 0.105 -0.30838159 2
0 0.875 0.115 -0.3354122297 2
0 0.875 0.125 -0.3618169166 2
0 0.875 0.135 -0.3875463737 2
0 0.875 0.145 -0.4125525841 2
0 0.875 0.155 -0.4367888809 2
0 0.875 0.165 -0.4602100336 2
0 0.875 0.175 -0.4827723334 2
0 0.875 0.185 -0.5044336741 2
0 0.875 0.195 -0.5251536307 2
0 0.875 0.205 -0.5448935353 2
0 0.875 0.215 -0.5636165489 2
0 0.875 0.225 -0.5812877303 2
0 0.875 0.235 -0.5978741012 2
0 0.875 0.245 -0.6133447077 2
0 0.875 0.255 -0.6276706783 2
0 0.875 0.265 -0.6408252776 2
0 0.875 0.275 -0.6527839562 2
0 0.875 0.285 -0.6635243966 2
0 0.875 0.295 -0.6730265548 2
0 0.875 0.305 -0.6812726976 2
0 0.875 0.315 -0.688247436 2
0 0.875 0.325 -0.6939377536 2
0 0.875 0.335 -0.6983330309 2
0 0.875 0.345 -0.7014250654 2
0 0.875 0.355 -0.7032080868 2
0 0.875 0.365 -0.7036787675 2
0 0.875 0.375 -0.702836229 2
0 0.875 0.385 -0.7006820439 2
0 0.875 0.395 -0.6972202322 2
0 0.875 0.405 -0.6924572544 2
0 0.875 0.415 -0.6864019993 2
0 0.875 0.425 -0.6790657674 2
0 0.875 0.435 -0.6704622497 2
0 0.875 0.445 -0.6606075022 2
0 0.875 0.455 -0.649519916 2
0 0.875 0.465 -0.6372201831 2
0 0.875 0.475 -0.6237312573 2
0 0.875 0.485 -0.6090783121 2
0 0.875 0.495 -0.593288693 2
0 0.875 0.505 0 2
0 0.875 0.515 0 2
0 0.875 0.525 0 2
0 0.875 0.535 0 2
0 0.875 0.545 0 2
0 0.875 0.555 0 2
0 0.875 0.565 0 2
0 0.885 -0.555 0 1
0 0.885 -0.545 0 1
0 0.885 -0.535 0 2
0 0.885 -0.525 0 2
0 0.885 -0.515 0 2
0 0.885 -0.505 0 2
0 0.885 -0.495 0.5769109797 2
0 0.885 -0.485 0.592264727 2
0 0.885 -0.475 0.6065131781 2
0 0.885 -0.465 0.6196297426 2
0 0.885 -0.455 0.6315899418 2
0 0.885 -0.445 0.6423714556 2
0 0.885 -0.435 0.6519541631 2
0 0.885 -0.425 0.6603201811 2
0 0.885 -0.415 0.6674538966 2
0 0.885 -0.405 0.6733419965 2
0 0.885 -0.395 0.6779734925 2
0 0.885 -0.385 0.681339741 2
0 0.885 -0.375 0.6834344599 2
0 0.885 -0.365 0.6842537401 2
0 0.885 -0.355 0.6837960526 1
0 0.885 -0.345 0.6820622515 1
0 0.885 -0.335 0.6790555724 1
0 0.885 -0.325 0.6747816266 1
0 0.885 -0.315 0.66924839 1
0 0.885 -0.305 0.662466189 1
0 0.885 -0.295 0.6544476807 1
0 0.885 -0.285 0.6452078292 2
0 0.885 -0.275 0.6347638783 2
0 0.885 -0.265 0.6231353186 2
0 0.885 -0.255 0.6103438515 2
0 0.885 -0.245 0.5964133488 2
0 0.885 -0.235 0.5813698079 2
0 0.885 -0.225 0.5652413032 2
0 0.885 -0.215 0.5480579341 2
0 0.885 -0.205 0.5298517686 2
0 0.885 -0.195 0.5106567834 2
0 0.885 -0.185 0.4905088004 2
0 0.885 -0.175 0.4694454204 2
0 0.885 -0.165 0.447505952 2
0 0.885 -0.155 0.4247313394 2
0 0.885 -0.145 0.4011640847 2
0 0.885 -0.135 0.3768481698 2
0 0.885 -0.125 0.3518289735 2
0 0.885 -0.115 0.3261531871 2
0 0.885 -0.105 0.2998687272 2
0 0.885 -0.095 0.2730246463 2
0 0.885 -0.085 0.2456710416 2
0 0.885 -0.075 0.2178589608 2
0 0.885 -0.065 0.1896403072 2
0 0.885 -0.055 0.1610677433 2
0 0.885 -0.045 0.1321945915 2
0 0.885 -0.035 0.1030747357 2
0 0.885 -0.025 0.07376251969 2
0 0.885 -0.015 0.04431264667 2
0 0.885 -0.005 0.01478007651 1
0 0.885 0.005 -0.01478007651 1
0 0.885 0.015 -0.04431264667 1
0 0.885 0.025 -0.07376251969 2
0 0.885 0.035 -0.1030747357 2
0 0.885 0.045 -0.1321945915 2
0 0.885 0.055 -0.1610677433 2
0 0.885 0.065 -0.1896403072 2
0 0.885 0.075 -0.2178589608 2
0 0.885 0.085 -0.2456710416 2
0 0.885 0.095 -0.2730246463 2
0 0.885 0.105 -0.2998687272 2
0 0.885 0.115 -0.3261531871 2
0 0.885 0.125 -0.3518289735 2
0 0.885 0.135 -0.3768481698 2
0 0.885 0.145 -0.4011640847 2
0 0.885 0.155 -0.4247313394 2
0 0.885 0.165 -0.447505952 2
0 0.885 0.175 -0.4694454204 2
0 0.885 0.185 -0.4905088004 2
0 0.885 0.195 -0.5106567834 2
0 0.885 0.205 -0.5298517686 2
0 0.885 0.215 -0.5480579341 2
0 0.885 0.225 -0.5652413032 2
0 0.885 0.235 -0.5813698079 2
0 0.885 0.245 -0.5964133488 2
0 0.885 0.255 -0.6103438515 2
0 0.885 0.265 -0.6231353186 2
0 0.885 0.275 -0.6347638783 1
0 0.885 0.285 -0.6452078292 1
0 0.885 0.295 -0.6544476807 1
0 0.885 0.305 -0.662466189 1
0 0.885 0.315 -0.66924839 1
0 0.885 0.325 -0.6747816266 2
0 0.885 0.335 -0.6790555724 2
0 0.885 0.345 -0.6820622515 2
0 0.885 0.355 -0.6837960526 2
0 0.885 0.365 -0.6842537401 2
0 0.885 0.375 -0.6834344599 2
0 0.885 0.385 -0.681339741 2
0 0.885 0.395 -0.6779734925 2
0 0.885 0.405 -0.6733419965 2
0 0.885 0.415 -0.6674538966 2
0 0.885 0.425 -0.6603201811 2
0 0.885 0.435 -0.6519541631 2
0 0.885 0.445 -0.6423714556 2
0 0.885 0.455 -0.6315899418 1
0 0.885 0.465 -0.6196297426 1
0 0.885 0.475 -0.6065131781 1
0 0.885 0.485 -0.592264727 1
0 0.885 0.495 -0.5769109797 1
0 0.885 0.505 0 2
0 0.885 0.515 0 2
0 0.885 0.525 0 2
0 0.885 0.535 0 2
0 0.885 0.545 0 2
0 0.885 0.555 0 2
0 0.885 0.565 0 2
0 0.895 -0.555 0 1
0 0.895 -0.545 0 1
0 0.895 -0.535 0 2
0 0.895 -0.525 0 2
0 0.895 -0.515 0 2
0 0.895 -0.505 0 2
0 0.895 -0.495 0.5601132534 2
0 0.895 -0.485 0.5750199506 2
0 0.895 -0.475 0.5888535344 2
0 0.895 -0.465 0.6015881881 2
0 0.895 -0.455 0.6132001462 2
0 0.895 -0.445 0.6236677382 2
0 0.895 -0.435 0.6329714292 2
0 0.895 -0.425 0.6410938566 2
0 0.895 -0.415 0.648019862 2
0 0.895 -0.405 0.6537365201 2
0 0.895 -0.395 0.6582331623 2
0 0.895 -0.385 0.6615013969 2
0 0.895 -0.375 0.6635351246 2
0 0.895 -0.365 0.6643305501 1
0 0.895 -0.355 0.6638861889 1
0 0.895 -0.345 0.6622028703 1
0 0.895 -0.335 0.6592837357 1
0 0.895 -0.325 0.6551342329 1
0 0.895 -0.315 0.6497621058 1
0 0.895 -0.305 0.6431773799 1
0 0.895 -0.295 0.6353923438 1
0 0.895 -0.285 0.6264215261 1
0 0.895 -0.275 0.6162816682 1
0 0.895 -0.265 0.6049916934 2
0 0.895 -0.255 0.5925726713 2
0 0.895 -0.245 0.5790477785 2
0 0.895 -0.235 0.5644422553 2
0 0.895 -0.225 0.548783359 2
0 0.895 -0.215 0.5321003124 2
0 0.895 -0.205 0.5144242498 2
0 0.895 -0.195 0.4957881586 2
0 0.895 -0.185 0.4762268178 2
0 0.895 -0.175 0.4557767332 2
0 0.895 -0.165 0.4344760691 2
0 0.895 -0.155 0.4123645773 2
0 0.895 -0.145 0.3894835226 2
0 0.895 -0.135 0.3658756062 2
0 0.895 -0.125 0.3415848856 2
0 0.895 -0.115 0.3166566925 2
0 0.895 -0.105 0.2911375485 2
0 0.895 -0.095 0.2650750779 2
0 0.895 -0.085 0.2385179191 2
0 0.895 -0.075 0.2115156334 2
0 0.895 -0.065 0.1841186131 2
0 0.895 -0.055 0.156377987 2
0 0.895 -0.045 0.1283455253 2
0 0.895 -0.035 0.1000735426 2
0 0.895 -0.025 0.07161480078 1
0 0.895 -0.015 0.04302240998 1
0 0.895 -0.005 0.01434972991 1
0 0.895 0.005 -0.01434972991 1
0 0.895 0.015 -0.04302240998 1
0 0.895 0.025 -0.07161480078 1
0 0.895 0.035 -0.1000735426 1
0 0.895 0.045 -0.1283455253 1
0 0.895 0.055 -0.156377987 1
0 0.895 0.065 -0.1841186131 2
0 0.895 0.075 -0.2115156334 2
0 0.895 0.085 -0.2385179191 2
0 0.895 0.095 -0.2650750779 2
0 0.895 0.105 -0.2911375485 2
0 0.895 0.115 -0.3166566925 2
0 0.895 0.125 -0.3415848856 2
0 0.895 0.135 -0.3658756062 2
0 0.895 0.145 -0.3894835226 2
0 0.895 0.155 -0.4123645773 1
0 0.895 0.165 -0.4344760691 1
0 0.895 0.175 -0.4557767332 1
0 0.895 0.185 -0.4762268178 2
0 0.895 0.195 -0.4957881586 2
0 0.895 0.205 -0.5144242498 2
0 0.895 0.215 -0.5321003124 2
0 0.895 0.225 -0.548783359 2
0 0.895 0.235 -0.5644422553 2
0 0.895 0.245 -0.5790477785 2
0 0.895 0.255 -0.5925726713 2
0 0.895 0.265 -0.6049916934 1
0 0.895 0.275 -0.6162816682 1
0 0.895 0.285 -0.6264215261 1
0 0.895 0.295 -0.6353923438 1
0 0.895 0.305 -0.6431773799 1
0 0.895 0.315 -0.6497621058 1
0 0.895 0.325 -0.6551342329 1
0 0.895 0.335 -0.6592837357 1
0 0.895 0.345 -0.6622028703 2
0 0.895 0.355 -0.6638861889 2
0 0.895 0.365 -0.6643305501 2
0 0.895 0.375 -0.6635351246 2
0 0.895 0.385 -0.6615013969 2
0 0.895 0.395 -0.6582331623 2
0 0.895 0.405 -0.6537365201 2
0 0.895 0.415 -0.648019862 2
0 0.895 0.425 -0.6410938566 2
0 0.895 0.435 -0.6329714292 2
0 0.895 0.445 -0.6236677382 1
0 0.895 0.455 -0.6132001462 1
0 0.895 0.465 -0.6015881881 1
0 0.895 0.475 -0.5888535344 1
0 0.895 0.485 -0.5750199506 1
0 0.895 0.495 -0.5601132534 1
0 0.895 0.505 0 1
0 0.895 0.515 0 1
0 0.895 0.525 0 2
0 0.895 0.535 0 2
0 0.895 0.545 0 2
0 0.895 0.555 0 2
0 0.895 0.565 0 2
0 0.905 -0.555 0 2
0 0.905 -0.545 0 2
0 0.905 -0.535 0 2
0 0.905 -0.525 0 2
0 0.905 -0.515 0 2
0 0.905 -0.505 0 2
0 0.905 -0.495 0.5429077433 2
0 0.905 -0.485 0.5573565379 2
0 0.905 -0.475 0.5707651829 2
0 0.905 -0.465 0.5831086546 2
0 0.905 -0.455 0.5943639176 2
0 0.905 -0.445 0.604509967 2
0 0.905 -0.435 0.6135278681 2
0 0.905 -0.425 0.6214007914 2
0 0.905 -0.415 0.6281140444 2
0 0.905 -0.405 0.6336550987 2
0 0.905 -0.395 0.6380136135 2
0 0.905 -0.385 0.6411814547 2
0 0.905 -0.375 0.6431527105 2
0 0.905 -0.365 0.6439237022 1
0 0.905 -0.355 0.6434929909 1
0 0.905 -0.345 0.6418613803 1
0 0.905 -0.335 0.6390319154 1
0 0.905 -0.325 0.6350098767 1
0 0.905 -0.315 0.6298027701 1
0 0.905 -0.305 0.6234203133 1
0 0.905 -0.295 0.6158744172 1
0 0.905 -0.285 0.6071791643 1
0 0.905 -0.275 0.5973507817 1
0 0.905 -0.265 0.5864076114 1
0 0.905 -0.255 0.5743700757 2
0 0.905 -0.245 0.5612606393 2
0 0.905 -0.235 0.5471037674 2
0 0.905 -0.225 0.5319258796 2
0 0.905 -0.215 0.5157553014 2
0 0.905 -0.205 0.4986222106 2
0 0.905 -0.195 0.4805585812 2
0 0.905 -0.185 0.4615981239 2
0 0.905 -0.175 0.4417762233 2
0 0.905 -0.165 0.4211298711 2
0 0.905 -0.155 0.3996975982 2
0 0.905 -0.145 0.3775194018 2
0 0.905 -0.135 0.3546366713 2
0 0.905 -0.125 0.3310921108 2
0 0.905 -0.115 0.3069296598 2
0 0.905 -0.105 0.2821944107 2
0 0.905 -0.095 0.2569325248 2
0 0.905 -0.085 0.2311911464 2
0 0.905 -0.075 0.2050183146 2
0 0.905 -0.065 0.1784628736 2
0 0.905 -0.055 0.1515743817 2
0 0.905 -0.045 0.1244030186 2
0 0.905 -0.035 0.09699949229 1
0 0.905 -0.025 0.06941494358 1
0 0.905 -0.015 0.04170085134 1
0 0.905 -0.005 0.01390893616 1
0 0.905 0.005 -0.01390893616 1
0 0.905 0.015 -0.04170085134 1
0 0.905 0.025 -0.06941494358 1
0 0.905 0.035 -0.09699949229 1
0 0.905 0.045 -0.1244030186 1
0 0.905 0.055 -0.1515743817 1
0 0.905 0.065 -0.1784628736 1
0 0.905 0.075 -0.2050183146 2
0 0.905 0.085 -0.2311911464 2
0 0.905 0.095 -0.2569325248 2
0 0.905 0.105 -0.2821944107 2
0 0.905 0.115 -0.3069296598 2
0 0.905 0.125 -0.3310921108 2
0 0.905 0.135 -0.3546366713 1
0 0.905 0.145 -0.3775194018 1
0 0.905 0.155 -0.3996975982 1
0 0.905 0.165 -0.4211298711 1
0 0.905 0.175 -0.4417762233 1
0 0.905 0.185 -0.4615981239 1
0 0.905 0.195 -0.4805585812 1
0 0.905 0.205 -0.4986222106 1
0 0.905 0.215 -0.5157553014 2
0 0.905 0.225 -0.5319258796 2
0 0.905 0.235 -0.5471037674 2
0 0.905 0.245 -0.5612606393 2
0 0.905 0.255 -0.5743700757 2
0 0.905 0.265 -0.5864076114 1
0 0.905 0.275 -0.5973507817 1
0 0.905 0.285 -0.6071791643 1
0 0.905 0.295 -0.6158744172 1
0 0.905 0.305 -0.6234203133 1
0 0.905 0.315 -0.6298027701 1
0 0.905 0.325 -0.6350098767 1
0 0.905 0.335 -0.6390319154 1
0 0.905 0.345 -0.6418613803 1
0 0.905 0.355 -0.6434929909 2
0 0.905 0.365 -0.6439237022 2
0 0.905 0.375 -0.6431527105 2
0 0.905 0.385 -0.6411814547 2
0 0.905 0.395 -0.6380136135 2
0 0.905 0.405 -0.6336550987 2
0 0.905 0.415 -0.6281140444 2
0 0.905 0.425 -0.6214007914 2
0 0.905 0.435 -0.6135278681 2
0 0.905 0.445 -0.604509967 1
0 0.905 0.455 -0.5943639176 1
0 0.905 0.465 -0.5831086546 1
0 0.905 0.475 -0.5707651829 1
0 0.905 0.485 -0.5573565379 1
0 0.905 0.495 -0.5429077433 1
0 0.905 0.505 0 1
0 0.905 0.515 0 1
0 0.905 0.525 0 1
0 0.905 0.535 0 1
0 0.905 0.545 0 1
0 0.905 0.555 0 2
0 0.905 0.565 0 2
0 0.915 -0.555 0 2
0 0.915 -0.545 0 2
0 0.915 -0.535 0 2
0 0.915 -0.525 0 2
0 0.915 -0.515 0 2
0 0.915 -0.505 0 2
0 0.915 -0.495 0.5253069758 2
0 0.915 -0.485 0.5392873486 2
0 0.915 -0.475 0.5522612927 2
0 0.915 -0.465 0.5642045959 2
0 0.915 -0.455 0.5750949695 2
0 0.915 -0.445 0.5849120897 2
0 0.915 -0.435 0.5936376354 2
0 0.915 -0.425 0.6012553229 2
0 0.915 -0.415 0.607750936 2
0 0.915 -0.405 0.6131123524 2
0 0.915 -0.395 0.6173295665 2
0 0.915 -0.385 0.6203947081 2
0 0.915 -0.375 0.6223020569 2
0 0.915 -0.365 0.6230480534 1
0 0.915 -0.355 0.6226313055 1
0 0.915 -0.345 0.6210525908 1
0 0.915 -0.335 0.6183148557 1
0 0.915 -0.325 0.6144232092 1
0 0.915 -0.315 0.6093849141 1
0 0.915 -0.305 0.603209373 1
0 0.915 -0.295 0.5959081107 1
0 0.915 -0.285 0.587494753 1
0 0.915 -0.275 0.5779850011 1
0 0.915 -0.265 0.5673966023 1
0 0.915 -0.255 0.5557493169 2
0 0.915 -0.245 0.5430648811 2
0 0.915 -0.235 0.5293669671 2
0 0.915 -0.225 0.5146811381 2
0 0.915 -0.215 0.499034801 2
0 0.915 -0.205 0.4824571554 2
0 0.915 -0.195 0.4649791389 2
0 0.915 -0.185 0.4466333691 2
0 0.915 -0.175 0.4274540835 2
0 0.915 -0.165 0.4074770746 2
0 0.915 -0.155 0.3867396241 2
0 0.915 -0.145 0.3652804325 2
0 0.915 -0.135 0.3431395474 2
0 0.915 -0.125 0.3203582885 2
0 0.915 -0.115 0.2969791707 2
0 0.915 -0.105 0.2730458246 2
0 0.915 -0.095 0.2486029151 2
0 0.915 -0.085 0.2236960579 2
0 0.915 -0.075 0.1983717347 2
0 0.915 -0.065 0.1726772064 2
0 0.915 -0.055 0.1466604244 2
0 0.915 -0.045 0.1203699419 1
0 0.915 -0.035 0.09385482263 1
0 0.915 -0.025 0.06716454966 1
0 0.915 -0.015 0.0403489329 1
0 0.915 -0.005 0.01345801617 1
0 0.915 0.005 -0.01345801617 1
0 0.915 0.015 -0.0403489329 1
0 0.915 0.025 -0.06716454966 1
0 0.915 0.035 -0.09385482263 1
0 0.915 0.045 -0.1203699419 1
0 0.915 0.055 -0.1466604244 1
0 0.915 0.065 -0.1726772064 1
0 0.915 0.075 -0.1983717347 2
0 0.915 0.085 -0.2236960579 2
0 0.915 0.095 -0.2486029151 2
0 0.915 0.105 -0.2730458246 2
0 0.915 0.115 -0.2969791707 2
0 0.915 0.125 -0.3203582885 2
0 0.915 0.135 -0.3431395474 1
0 0.915 0.145 -0.3652804325 1
0 0.915 0.155 -0.3867396241 1
0 0.915 0.165 -0.4074770746 1
0 0.915 0.175 -0.4274540835 1
0 0.915 0.185 -0.4466333691 1
0 0.915 0.195 -0.4649791389 1
0 0.915 0.205 -0.4824571554 1
0 0.915 0.215 -0.499034801 1
0 0.915 0.225 -0.5146811381 2
0 0.915 0.235 -0.5293669671 2
0 0.915 0.245 -0.5430648811 2
0 0.915 0.255 -0.5557493169 2
0 0.915 0.265 -0.5673966023 2
0 0.915 0.275 -0.5779850011 1
0 0.915 0.285 -0.587494753 1
0 0.915 0.295 -0.5959081107 1
0 0.915 0.305 -0.603209373 1
0 0.915 0.315 -0.6093849141 1
0 0.915 0.325 -0.6144232092 1
0 0.915 0.335 -0.6183148557 1
0 0.915 0.345 -0.6210525908 1
0 0.915 0.355 -0.6226313055 1
0 0.915 0.365 -0.6230480534 2
0 0.915 0.375 -0.6223020569 2
0 0.915 0.385 -0.6203947081 2
0 0.915 0.395 -0.6173295665 2
0 0.915 0.405 -0.6131123524 2
0 0.915 0.415 -0.607750936 2
0 0.915 0.425 -0.6012553229 2
0 0.915 0.435 -0.5936376354 2
0 0.915 0.445 -0.5849120897 1
0 0.915 0.455 -0.5750949695 1
0 0.915 0.465 -0.5642045959 1
0 0.915 0.475 -0.5522612927 1
0 0.915 0.485 -0.5392873486 1
0 0.915 0.495 -0.5253069758 1
0 0.915 0.505 0 1
0 0.915 0.515 0 1
0 0.915 0.525 0 1
0 0.915 0.535 0 1
0 0.915 0.545 0 1
0 0.915 0.555 0 1
0 0.915 0.565 0 2
0 0.925 -0.555 0 2
0 0.925 -0.545 0 2
0 0.925 -0.535 0 2
0 0.925 -0.525 0 2
0 0.925 -0.515 0 2
0 0.925 -0.505 0 2
0 0.925 -0.495 0.5073237649 2
0 0.925 -0.485 0.5208255375 2
0 0.925 -0.475 0.5333553353 2
0 0.925 -0.465 0.5448897749 2
0 0.925 -0.455 0.5554073305 2
0 0.925 -0.445 0.5648883741 2
0 0.925 -0.435 0.5733152119 2
0 0.925 -0.425 0.5806721177 2
0 0.925 -0.415 0.5869453618 2
0 0.925 -0.405 0.592123237 2
0 0.925 -0.395 0.5961960802 2
0 0.925 -0.385 0.5991562906 2
0 0.925 -0.375 0.6009983437 2
0 0.925 -0.365 0.6017188021 1
0 0.925 -0.355 0.601316321 1
0 0.925 -0.345 0.5997916516 1
0 0.925 -0.335 0.5971476392 1
0 0.925 -0.325 0.5933892183 1
0 0.925 -0.315 0.5885234028 1
0 0.925 -0.305 0.5825592734 1
0 0.925 -0.295 0.5755079604 1
0 0.925 -0.285 0.5673826233 1
0 0.925 -0.275 0.5581984256 1
0 0.925 -0.265 0.547972507 1
0 0.925 -0.255 0.5367239514 2
0 0.925 -0.245 0.5244737511 2
0 0.925 -0.235 0.5112447676 2
0 0.925 -0.225 0.4970616891 2
0 0.925 -0.215 0.4819509843 2
0 0.925 -0.205 0.4659408532 2
0 0.925 -0.195 0.4490611741 2
0 0.925 -0.185 0.4313434483 2
0 0.925 -0.175 0.4128207409 2
0 0.925 -0.165 0.3935276193 2
0 0.925 -0.155 0.3735000888 2
0 0.925 -0.145 0.3527755251 2
0 0.925 -0.135 0.3313926048 2
0 0.925 -0.125 0.3093912332 2
0 0.925 -0.115 0.2868124696 2
0 0.925 -0.105 0.2636984509 2
0 0.925 -0.095 0.240092313 2
0 0.925 -0.085 0.2160381101 2
0 0.925 -0.075 0.1915807327 2
0 0.925 -0.065 0.1667658236 2
0 0.925 -0.055 0.1416396928 2
0 0.925 -0.045 0.1162492312 1
0 0.925 -0.035 0.09064182309 1
0 0.925 -0.025 0.06486525741 1
0 0.925 -0.015 0.03896763891 1
0 0.925 -0.005 0.01299729824 1
0 0.925 0.005 -0.01299729824 1
0 0.925 0.015 -0.03896763891 1
0 0.925 0.025 -0.06486525741 1
0 0.925 0.035 -0.09064182309 1
0 0.925 0.045 -0.1162492312 1
0 0.925 0.055 -0.1416396928 1
0 0.925 0.065 -0.1667658236 1
0 0.925 0.075 -0.1915807327 2
0 0.925 0.085 -0.2160381101 2
0 0.925 0.095 -0.240092313 2
0 0.925 0.105 -0.2636984509 2
0 0.925 0.115 -0.2868124696 2
0 0.925 0.125 -0.3093912332 2
0 0.925 0.135 -0.3313926048 1
0 0.925 0.145 -0.3527755251 1
0 0.925 0.155 -0.3735000888 1
0 0.925 0.165 -0.3935276193 1
0 0.925 0.175 -0.4128207409 1
0 0.925 0.185 -0.4313434483 1
0 0.925 0.195 -0.4490611741 1
0 0.925 0.205 -0.4659408532 1
0 0.925 0.215 -0.4819509843 1
0 0.925 0.225 -0.4970616891 1
0 0.925 0.235 -0.5112447676 2
0 0.925 0.245 -0.5244737511 2
0 0.925 0.255 -0.5367239514 2
0 0.925 0.265 -0.547972507 2
0 0.925 0.275 -0.5581984256 1
0 0.925 0.285 -0.5673826233 1
0 0.925 0.295 -0.5755079604 1
0 0.925 0.305 -0.5825592734 1
0 0.925 0.315 -0.5885234028 1
0 0.925 0.325 -0.5933892183 1
0 0.925 0.335 -0.5971476392 1
0 0.925 0.345 -0.5997916516 1
0 0.925 0.355 -0.601316321 1
0 0.925 0.365 -0.6017188021 2
0 0.925 0.375 -0.6009983437 2
0 0.925 0.385 -0.5991562906 2
0 0.925 0.395 -0.5961960802 2
0 0.925 0.405 -0.592123237 2
0 0.925 0.415 -0.5869453618 2
0 0.925 0.425 -0.5806721177 2
0 0.925 0.435 -0.5733152119 2
0 0.925 0.445 -0.5648883741 2
0 0.925 0.455 -0.5554073305 1
0 0.925 0.465 -0.5448897749 1
0 0.925 0.475 -0.5333553353 1
0 0.925 0.485 -0.5208255375 1
0 0.925 0.495 -0.5073237649 1
0 0.925 0.505 0 1
0 0.925 0.515 0 1
0 0.925 0.525 0 1
0 0.925 0.535 0 1
0 0.925 0.545 0 1
0 0.925 0.555 0 1
0 0.925 0.565 0 1
0 0.935 -0.555 0 2
0 0.935 -0.545 0 2
0 0.935 -0.535 0 2
0 0.935 -0.525 0 2
0 0.935 -0.515 0 2
0 0.935 -0.505 0 2
0 0.935 -0.495 0.4889712031 2
0 0.935 -0.485 0.5019845457 2
0 0.935 -0.475 0.514061075 2
0 0.935 -0.465 0.5251782534 2
0 0.935 -0.455 0.5353153339 2
0 0.935 -0.445 0.5444533984 2
0 0.935 -0.435 0.5525753933 2
0 0.935 -0.425 0.5596661612 2
0 0.935 -0.415 0.5657124691 2
0 0.935 -0.405 0.5707030334 2
0 0.935 -0.395 0.5746285405 2
0 0.935 -0.385 0.5774816645 2
0 0.935 -0.375 0.579257081 2
0 0.935 -0.365 0.5799514765 2
0 0.935 -0.355 0.5795635553 1
0 0.935 -0.345 0.5780940412 1
0 0.935 -0.335 0.5755456767 1
0 0.935 -0.325 0.5719232175 1
0 0.935 -0.315 0.5672334241 1
0 0.935 -0.305 0.5614850485 1
0 0.935 -0.295 0.5546888186 1
0 0.935 -0.285 0.5468574175 1
0 0.935 -0.275 0.5380054604 1
0 0.935 -0.265 0.5281494669 1
0 0.935 -0.255 0.5173078306 2
0 0.935 -0.245 0.5055007843 2
0 0.935 -0.235 0.4927503625 2
0 0.935 -0.225 0.4790803604 2
0 0.935 -0.215 0.4645162891 2
0 0.935 -0.205 0.4490853284 2
0 0.935 -0.195 0.4328162758 2
0 0.935 -0.185 0.4157394931 2
0 0.935 -0.175 0.3978868492 2
0 0.935 -0.165 0.379291661 2
0 0.935 -0.155 0.3599886313 2
0 0.935 -0.145 0.3400137838 2
0 0.935 -0.135 0.3194043959 2
0 0.935 -0.125 0.2981989293 2
0 0.935 -0.115 0.276436958 2
0 0.935 -0.105 0.2541590946 2
0 0.935 -0.095 0.2314069146 2
0 0.935 -0.085 0.2082228784 2
0 0.935 -0.075 0.1846502526 2
0 0.935 -0.065 0.1607330289 2
0 0.935 -0.055 0.1365158421 1
0 0.935 -0.045 0.1120438867 1
0 0.935 -0.035 0.08736283287 1
0 0.935 -0.025 0.06251874078 1
0 0.935 -0.015 0.037557975 1
0 0.935 -0.005 0.01252711778 1
0 0.935 0.005 -0.01252711778 1
0 0.935 0.015 -0.037557975 1
0 0.935 0.025 -0.06251874078 1
0 0.935 0.035 -0.08736283287 1
0 0.935 0.045 -0.1120438867 1
0 0.935 0.055 -0.1365158421 1
0 0.935 0.065 -0.1607330289 1
0 0.935 0.075 -0.1846502526 2
0 0.935 0.085 -0.2082228784 2
0 0.935 0.095 -0.2314069146 2
0 0.935 0.105 -0.2541590946 2
0 0.935 0.115 -0.276436958 2
0 0.935 0.125 -0.2981989293 2
0 0.935 0.135 -0.3194043959 1
0 0.935 0.145 -0.3400137838 1
0 0.935 0.155 -0.3599886313 1
0 0.935 0.165 -0.379291661 1
0 0.935 0.175 -0.3978868492 1
0 0.935 0.185 -0.4157394931 1
0 0.935 0.195 -0.4328162758 1
0 0.935 0.205 -0.4490853284 1
0 0.935 0.215 -0.4645162891 1
0 0.935 0.225 -0.4790803604 1
0 0.935 0.235 -0.4927503625 1
0 0.935 0.245 -0.5055007843 2
0 0.935 0.255 -0.5173078306 2
0 0.935 0.265 -0.5281494669 2
0 0.935 0.275 -0.5380054604 1
0 0.935 0.285 -0.5468574175 1
0 0.935 0.295 -0.5546888186 1
0 0.935 0.305 -0.5614850485 1
0 0.935 0.315 -0.5672334241 1
0 0.935 0.325 -0.5719232175 1
0 0.935 0.335 -0.5755456767 1
0 0.935 0.345 -0.5780940412 1
0 0.935 0.355 -0.5795635553 1
0 0.935 0.365 -0.5799514765 2
0 0.935 0.375 -0.579257081 2
0 0.935 0.385 -0.5774816645 2
0 0.935 0.395 -0.5746285405 2
0 0.935 0.405 -0.5707030334 2
0 0.935 0.415 -0.5657124691 2
0 0.935 0.425 -0.5596661612 2
0 0.935 0.435 -0.5525753933 2
0 0.935 0.445 -0.5444533984 2
0 0.935 0.455 -0.5353153339 1
0 0.935 0.465 -0.5251782534 1
0 0.935 0.475 -0.514061075 1
0 0.935 0.485 -0.5019845457 1
0 0.935 0.495 -0.4889712031 1
0 0.935 0.505 0 1
0 0.935 0.515 0 1
0 0.935 0.525 0 1
0 0.935 0.535 0 1
0 0.935 0.545 0 1
0 0.935 0.555 0 1
0 0.935 0.565 0 1
0 0.945 -0.555 0 2
0 0.945 -0.545 0 2
0 0.945 -0.535 0 2
0 0.945 -0.525 0 2
0 0.945 -0.515 0 2
0 0.945 -0.505 0 2
0 0.945 -0.495 0.4702626516 2
0 0.945 -0.485 0.4827780901 2
0 0.945 -0.475 0.4943925587 2
0 0.945 -0.465 0.5050843822 2
0 0.945 -0.455 0.5148336073 2
0 0.945 -0.445 0.5236220399 2
0 0.945 -0.435 0.5314332788 2
0 0.945 -0.425 0.5382527464 2
0 0.945 -0.415 0.5440677163 2
0 0.945 -0.405 0.5488673363 2
0 0.945 -0.395 0.5526426494 2
0 0.945 -0.385 0.5553866099 2
0 0.945 -0.375 0.5570940971 2
0 0.945 -0.365 0.5577619243 2
0 0.945 -0.355 0.5573888454 2
0 0.945 -0.345 0.5559755564 2
0 0.945 -0.335 0.553524695 1
0 0.945 -0.325 0.550040835 1
0 0.945 -0.315 0.5455304779 1
0 0.945 -0.305 0.5400020412 1
0 0.945 -0.295 0.5334658422 1
0 0.945 -0.285 0.5259340787 1
0 0.945 -0.275 0.5174208068 1
0 0.945 -0.265 0.507941914 2
0 0.945 -0.255 0.4975150901 2
0 0.945 -0.245 0.4861597937 2
0 0.945 -0.235 0.4738972165 2
0 0.945 -0.225 0.4607502429 2
0 0.945 -0.215 0.4467434083 2
0 0.945 -0.205 0.4319028523 2
0 0.945 -0.195 0.4162562708 2
0 0.945 -0.185 0.3998328637 2
0 0.945 -0.175 0.3826632807 2
0 0.945 -0.165 0.364779564 2
0 0.945 -0.155 0.3462150885 2
0 0.945 -0.145 0.3270044996 2
0 0.945 -0.135 0.3071836485 2
0 0.945 -0.125 0.2867895253 2
0 0.945 -0.115 0.2658601898 2
0 0.945 -0.105 0.2444347009 2
0 0.945 -0.095 0.2225530431 2
0 0.945 -0.085 0.2002560525 2
0 0.945 -0.075 0.1775853401 2
0 0.945 -0.065 0.1545832145 2
0 0.945 -0.055 0.1312926027 1
0 0.945 -0.045 0.10775697 1
0 0.945 -0.035 0.08402023919 1
0 0.945 -0.025 0.06012670814 1
0 0.945 -0.015 0.03612096745 1
0 0.945 -0.005 0.01204781711 1
0 0.945 0.005 -0.01204781711 1
0 0.945 0.015 -0.03612096745 1
0 0.945 0.025 -0.06012670814 1
0 0.945 0.035 -0.08402023919 1
0 0.945 0.045 -0.10775697 1
0 0.945 0.055 -0.1312926027 1
0 0.945 0.065 -0.1545832145 1
0 0.945 0.075 -0.1775853401 2
0 0.945 0.085 -0.2002560525 2
0 0.945 0.095 -0.2225530431 2
0 0.945 0.105 -0.2444347009 2
0 0.945 0.115 -0.2658601898 2
0 0.945 0.125 -0.2867895253 2
0 0.945 0.135 -0.3071836485 2
0 0.945 0.145 -0.3270044996 1
0 0.945 0.155 -0.3462150885 1
0 0.945 0.165 -0.364779564 1
0 0.945 0.175 -0.3826632807 1
0 0.945 0.185 -0.3998328637 1
0 0.945 0.195 -0.4162562708 1
0 0.945 0.205 -0.4319028523 1
0 0.945 0.215 -0.4467434083 1
0 0.945 0.225 -0.4607502429 1
0 0.945 0.235 -0.4738972165 1
0 0.945 0.245 -0.4861597937 2
0 0.945 0.255 -0.4975150901 2
0 0.945 0.265 -0.507941914 2
0 0.945 0.275 -0.5174208068 2
0 0.945 0.285 -0.5259340787 1
0 0.945 0.295 -0.5334658422 1
0 0.945 0.305 -0.5400020412 1
0 0.945 0.315 -0.5455304779 1
0 0.945 0.325 -0.550040835 1
0 0.945 0.335 -0.553524695 1
0 0.945 0.345 -0.5559755564 1
0 0.945 0.355 -0.5573888454 1
0 0.945 0.365 -0.5577619243 1
0 0.945 0.375 -0.5570940971 2
0 0.945 0.385 -0.5553866099 2
0 0.945 0.395 -0.5526426494 2
0 0.945 0.405 -0.5488673363 2
0 0.945 0.415 -0.5440677163 2
0 0.945 0.425 -0.5382527464 2
0 0.945 0.435 -0.5314332788 2
0 0.945 0.445 -0.5236220399 2
0 0.945 0.455 -0.5148336073 2
0 0.945 0.465 -0.5050843822 1
0 0.945 0.475 -0.4943925587 1
0 0.945 0.485 -0.4827780901 1
0 0.945 0.495 -0.4702626516 1
0 0.945 0.505 0 1
0 0.945 0.515 0 1
0 0.945 0.525 0 1
0 0.945 0.535 0 1
0 0.945 0.545 0 1
0 0.945 0.555 0 1
0 0.945 0.565 0 1
0 0.955 -0.555 0 2
0 0.955 -0.545 0 2
0 0.955 -0.535 0 2
0 0.955 -0.525 0 2
0 0.955 -0.515 0 2
0 0.955 -0.505 0 2
0 0.955 -0.495 0.4512117311 2
0 0.955 -0.485 0.4632201538 2
0 0.955 -0.475 0.4743641059 2
0 0.955 -0.465 0.4846227904 2
0 0.955 -0.455 0.4939770624 2
0 0.955 -0.445 0.5024094647 2
0 0.955 -0.435 0.5099042607 2
0 0.955 -0.425 0.5164474633 2
0 0.955 -0.415 0.5220268615 2
0 0.955 -0.405 0.526632043 2
0 0.955 -0.395 0.5302544135 2
0 0.955 -0.385 0.5328872128 2
0 0.955 -0.375 0.5345255276 2
0 0.955 -0.365 0.5351663003 2
0 0.955 -0.355 0.5348083352 2
0 0.955 -0.345 0.5334523004 2
0 0.955 -0.335 0.5311007264 2
0 0.955 -0.325 0.5277580018 2
0 0.955 -0.315 0.5234303649 2
0 0.955 -0.305 0.518125892 1
0 0.955 -0.295 0.5118544824 1
0 0.955 -0.285 0.50462784 2
0 0.955 -0.275 0.4964594512 2
0 0.955 -0.265 0.4873645601 2
0 0.955 -0.255 0.4773601396 2
0 0.955 -0.245 0.4664648604 2
0 0.955 -0.235 0.4546990553 2
0 0.955 -0.225 0.4420846819 2
0 0.955 -0.215 0.4286452814 2
0 0.955 -0.205 0.4144059347 2
0 0.955 -0.195 0.3993932155 2
0 0.955 -0.185 0.3836351409 2
0 0.955 -0.175 0.3671611189 2
0 0.955 -0.165 0.3500018936 2
0 0.955 -0.155 0.3321894879 2
0 0.955 -0.145 0.3137571437 2
0 0.955 -0.135 0.2947392597 2
0 0.955 -0.125 0.2751713276 2
0 0.955 -0.115 0.2550898654 2
0 0.955 -0.105 0.2345323494 2
0 0.955 -0.095 0.2135371446 2
0 0.955 -0.085 0.1921434326 2
0 0.955 -0.075 0.1703911388 2
0 0.955 -0.065 0.1483208577 2
0 0.955 -0.055 0.1259737773 1
0 0.955 -0.045 0.1033916022 1
0 0.955 -0.035 0.08061647559 1
0 0.955 -0.025 0.05769090098 1
0 0.955 -0.015 0.03465766248 1
0 0.955 -0.005 0.01155974517 1
0 0.955 0.005 -0.01155974517 1
0 0.955 0.015 -0.03465766248 1
0 0.955 0.025 -0.05769090098 1
0 0.955 0.035 -0.08061647559 1
0 0.955 0.045 -0.1033916022 1
0 0.955 0.055 -0.1259737773 1
0 0.955 0.065 -0.1483208577 1
0 0.955 0.075 -0.1703911388 2
0 0.955 0.085 -0.1921434326 2
0 0.955 0.095 -0.2135371446 2
0 0.955 0.105 -0.2345323494 2
0 0.955 0.115 -0.2550898654 2
0 0.955 0.125 -0.2751713276 2
0 0.955 0.135 -0.2947392597 2
0 0.955 0.145 -0.3137571437 2
0 0.955 0.155 -0.3321894879 1
0 0.955 0.165 -0.3500018936 1
0 0.955 0.175 -0.3671611189 1
0 0.955 0.185 -0.3836351409 1
0 0.955 0.195 -0.3993932155 1
0 0.955 0.205 -0.4144059347 1
0 0.955 0.215 -0.4286452814 1
0 0.955 0.225 -0.4420846819 1
0 0.955 0.235 -0.4546990553 1
0 0.955 0.245 -0.4664648604 2
0 0.955 0.255 -0.4773601396 2
0 0.955 0.265 -0.4873645601 2
0 0.955 0.275 -0.4964594512 2
0 0.955 0.285 -0.50462784 2
0 0.955 0.295 -0.5118544824 1
0 0.955 0.305 -0.518125892 1
0 0.955 0.315 -0.5234303649 1
0 0.955 0.325 -0.5277580018 1
0 0.955 0.335 -0.5311007264 1
0 0.955 0.345 -0.5334523004 1
0 0.955 0.355 -0.5348083352 1
0 0.955 0.365 -0.5351663003 1
0 0.955 0.375 -0.5345255276 2
0 0.955 0.385 -0.5328872128 2
0 0.955 0.395 -0.5302544135 2
0 0.955 0.405 -0.526632043 2
0 0.955 0.415 -0.5220268615 2
0 0.955 0.425 -0.5164474633 2
0 0.955 0.435 -0.5099042607 2
0 0.955 0.445 -0.5024094647 2
0 0.955 0.455 -0.4939770624 2
0 0.955 0.465 -0.4846227904 2
0 0.955 0.475 -0.4743641059 1
0 0.955 0.485 -0.4632201538 1
0 0.955 0.495 -0.4512117311 1
0 0.955 0.505 0 1
0 0.955 0.515 0 1
0 0.955 0.525 0 1
0 0.955 0.535 0 1
0 0.955 0.545 0 1
0 0.955 0.555 0 1
0 0.955 0.565 0 1
0 0.965 -0.555 0 2
0 0.965 -0.545 0 2
0 0.965 -0.535 0 2
0 0.965 -0.525 0 2
0 0.965 -0.515 0 2
0 0.965 -0.505 0 2
0 0.965 -0.495 0.4318323114 2
0 0.965 -0.485 0.4433249756 2
0 0.965 -0.475 0.453990298 2
0 0.965 -0.465 0.4638083748 2
0 0.965 -0.455 0.4727608834 2
0 0.965 -0.445 0.4808311164 2
0 0.965 -0.435 0.4880040129 2
0 0.965 -0.425 0.4942661868 2
0 0.965 -0.415 0.4996059514 2
0 0.965 -0.405 0.5040133416 2
0 0.965 -0.395 0.5074801323 2
0 0.965 -0.385 0.5099998536 2
0 0.965 -0.375 0.5115678032 2
0 0.965 -0.365 0.5121810549 2
0 0.965 -0.355 0.5118384643 2
0 0.965 -0.345 0.5105406708 2
0 0.965 -0.335 0.5082900962 2
0 0.965 -0.325 0.5050909407 2
0 0.965 -0.315 0.5009491747 2
0 0.965 -0.305 0.4958725274 2
0 0.965 -0.295 0.4898704732 2
0 0.965 -0.285 0.482954213 2
0 0.965 -0.275 0.4751366543 2
0 0.965 -0.265 0.4664323863 2
0 0.965 -0.255 0.4568576529 2
0 0.965 -0.245 0.4464303229 2
0 0.965 -0.235 0.4351698559 2
0 0.965 -0.225 0.4230972664 2
0 0.965 -0.215 0.4102350844 2
0 0.965 -0.205 0.3966073138 2
0 0.965 -0.195 0.3822393867 2
0 0.965 -0.185 0.3671581171 2
0 0.965 -0.175 0.3513916498 2
0 0.965 -0.165 0.3349694085 2
0 0.965 -0.155 0.3179220407 2
0 0.965 -0.145 0.3002813606 2
0 0.965 -0.135 0.2820802896 2
0 0.965 -0.125 0.2633527948 2
0 0.965 -0.115 0.2441338258 2
0 0.965 -0.105 0.2244592495 2
0 0.965 -0.095 0.204365783 2
0 0.965 -0.085 0.1838909251 2
0 0.965 -0.075 0.1630728863 2
0 0.965 -0.065 0.1419505176 2
0 0.965 -0.055 0.1205632382 1
0 0.965 -0.045 0.09895096128 1
0 0.965 -0.035 0.07715402013 1
0 0.965 -0.025 0.05521309265 1
0 0.965 -0.015 0.0331691254 1
0 0.965 -0.005 0.01106325729 1
0 0.965 0.005 -0.01106325729 1
0 0.965 0.015 -0.0331691254 1
0 0.965 0.025 -0.05521309265 1
0 0.965 0.035 -0.07715402013 1
0 0.965 0.045 -0.09895096128 1
0 0.965 0.055 -0.1205632382 1
0 0.965 0.065 -0.1419505176 1
0 0.965 0.075 -0.1630728863 2
0 0.965 0.085 -0.1838909251 2
0 0.965 0.095 -0.204365783 2
0 0.965 0.105 -0.2244592495 2
0 0.965 0.115 -0.2441338258 2
0 0.965 0.125 -0.2633527948 2
0 0.965 0.135 -0.2820802896 2
0 0.965 0.145 -0.3002813606 2
0 0.965 0.155 -0.3179220407 2
0 0.965 0.165 -0.3349694085 1
0 0.965 0.175 -0.3513916498 1
0 0.965 0.185 -0.3671581171 1
0 0.965 0.195 -0.3822393867 1
0 0.965 0.205 -0.3966073138 1
0 0.965 0.215 -0.4102350844 1
0 0.965 0.225 -0.4230972664 1
0 0.965 0.235 -0.4351698559 1
0 0.965 0.245 -0.4464303229 2
0 0.965 0.255 -0.4568576529 2
0 0.965 0.265 -0.4664323863 2
0 0.965 0.275 -0.4751366543 2
0 0.965 0.285 -0.482954213 2
0 0.965 0.295 -0.4898704732 2
0 0.965 0.305 -0.4958725274 2
0 0.965 0.315 -0.5009491747 1
0 0.965 0.325 -0.5050909407 1
0 0.965 0.335 -0.5082900962 1
0 0.965 0.345 -0.5105406708 1
0 0.965 0.355 -0.5118384643 1
0 0.965 0.365 -0.5121810549 2
0 0.965 0.375 -0.5115678032 2
0 0.965 0.385 -0.5099998536 2
0 0.965 0.395 -0.5074801323 2
0 0.965 0.405 -0.5040133416 2
0 0.965 0.415 -0.4996059514 2
0 0.965 0.425 -0.4942661868 2
0 0.965 0.435 -0.4880040129 2
0 0.965 0.445 -0.4808311164 2
0 0.965 0.455 -0.4727608834 2
0 0.965 0.465 -0.4638083748 2
0 0.965 0.475 -0.453990298 2
0 0.965 0.485 -0.4433249756 2
0 0.965 0.495 -0.4318323114 1
0 0.965 0.505 0 1
0 0.965 0.515 0 1
0 0.965 0.525 0 1
0 0.965 0.535 0 1
0 0.965 0.545 0 1
0 0.965 0.555 0 1
0 0.965 0.565 0 1
0 0.975 -0.555 0 2
0 0.975 -0.545 0 2
0 0.975 -0.535 0 1
0 0.975 -0.525 0 1
0 0.975 -0.515 0 1
0 0.975 -0.505 0 1
0 0.975 -0.495 0.4121385013 1
0 0.975 -0.485 0.42310704 2
0 0.975 -0.475 0.433285968 2
0 0.975 -0.465 0.4426562892 2
0 0.975 -0.455 0.4512005166 2
0 0.975 -0.445 0.4589027048 2
0 0.975 -0.435 0.4657484797 2
0 0.975 -0.425 0.4717250657 2
0 0.975 -0.415 0.4768213092 2
0 0.975 -0.405 0.4810276994 2
0 0.975 -0.395 0.4843363863 2
0 0.975 -0.385 0.4867411951 2
0 0.975 -0.375 0.488237638 2
0 0.975 -0.365 0.4888229222 2
0 0.975 -0.355 0.4884959556 2
0 0.975 -0.345 0.4872573482 2
0 0.975 -0.335 0.4851094116 2
0 0.975 -0.325 0.4820561543 2
0 0.975 -0.315 0.4781032744 2
0 0.975 -0.305 0.4732581489 2
0 0.975 -0.295 0.4675298196 2
0 0.975 -0.285 0.4609289771 2
0 0.975 -0.275 0.4534679399 2
0 0.975 -0.265 0.445160632 2
0 0.975 -0.255 0.4360225565 2
0 0.975 -0.245 0.4260707672 2
0 0.975 -0.235 0.4153238364 2
0 0.975 -0.225 0.40380182 2
0 0.975 -0.215 0.3915262208 2
0 0.975 -0.205 0.3785199477 2
0 0.975 -0.195 0.3648072732 2
0 0.975 -0.185 0.3504137883 2
0 0.975 -0.175 0.3353663542 2
0 0.975 -0.165 0.319693053 2
0 0.975 -0.155 0.3034231343 2
0 0.975 -0.145 0.2865869614 2
0 0.975 -0.135 0.2692159543 2
0 0.975 -0.125 0.2513425311 2
0 0.975 -0.115 0.2330000476 2
0 0.975 -0.105 0.2142227348 2
0 0.975 -0.095 0.1950456353 2
0 0.975 -0.085 0.1755045379 2
0 0.975 -0.075 0.1556359105 2
0 0.975 -0.065 0.1354768322 2
0 0.975 -0.055 0.1150649245 1
0 0.975 -0.045 0.09443828035 1
0 0.975 -0.035 0.07363539362 1
0 0.975 -0.025 0.05269508709 1
0 0.975 -0.015 0.03165643995 1
0 0.975 -0.005 0.01055871494 1
0 0.975 0.005 -0.01055871494 1
0 0.975 0.015 -0.03165643995 1
0 0.975 0.025 -0.05269508709 1
0 0.975 0.035 -0.07363539362 1
0 0.975 0.045 -0.09443828035 1
0 0.975 0.055 -0.1150649245 1
0 0.975 0.065 -0.1354768322 2
0 0.975 0.075 -0.1556359105 2
0 0.975 0.085 -0.1755045379 2
0 0.975 0.095 -0.1950456353 2
0 0.975 0.105 -0.2142227348 2
0 0.975 0.115 -0.2330000476 2
0 0.975 0.125 -0.2513425311 2
0 0.975 0.135 -0.2692159543 2
0 0.975 0.145 -0.2865869614 2
0 0.975 0.155 -0.3034231343 2
0 0.975 0.165 -0.319693053 2
0 0.975 0.175 -0.3353663542 2
0 0.975 0.185 -0.3504137883 2
0 0.975 0.195 -0.3648072732 1
0 0.975 0.205 -0.3785199477 1
0 0.975 0.215 -0.3915262208 1
0 0.975 0.225 -0.40380182 2
0 0.975 0.235 -0.4153238364 2
0 0.975 0.245 -0.4260707672 2
0 0.975 0.255 -0.4360225565 2
0 0.975 0.265 -0.445160632 2
0 0.975 0.275 -0.4534679399 2
0 0.975 0.285 -0.4609289771 2
0 0.975 0.295 -0.4675298196 2
0 0.975 0.305 -0.4732581489 2
0 0.975 0.315 -0.4781032744 2
0 0.975 0.325 -0.4820561543 2
0 0.975 0.335 -0.4851094116 2
0 0.975 0.345 -0.4872573482 2
0 0.975 0.355 -0.4884959556 2
0 0.975 0.365 -0.4888229222 2
0 0.975 0.375 -0.488237638 1
0 0.975 0.385 -0.4867411951 1
0 0.975 0.395 -0.4843363863 1
0 0.975 0.405 -0.4810276994 2
0 0.975 0.415 -0.4768213092 2
0 0.975 0.425 -0.4717250657 2
0 0.975 0.435 -0.4657484797 2
0 0.975 0.445 -0.4589027048 2
0 0.975 0.455 -0.4512005166 2
0 0.975 0.465 -0.4426562892 2
0 0.975 0.475 -0.433285968 2
0 0.975 0.485 -0.42310704 2
0 0.975 0.495 -0.4121385013 2
0 0.975 0.505 0 2
0 0.975 0.515 0 1
0 0.975 0.525 0 1
0 0.975 0.535 0 1
0 0.975 0.545 0 1
0 0.975 0.555 0 1
0 0.975 0.565 0 1
0 0.985 -0.555 0 2
0 0.985 -0.545 0 1
0 0.985 -0.535 0 1
0 0.985 -0.525 0 1
0 0.985 -0.515 0 1
0 0.985 -0.505 0 1
0 0.985 -0.495 0.3921446388 1
0 0.985 -0.485 0.4025810664 1
0 0.985 -0.475 0.4122661893 1
0 0.985 -0.465 0.421181933 2
0 0.985 -0.455 0.4293116587 2
0 0.985 -0.445 0.4366401945 2
0 0.985 -0.435 0.4431538639 2
0 0.985 -0.425 0.4488405109 2
0 0.985 -0.415 0.453689523 2
0 0.985 -0.405 0.4576918507 2
0 0.985 -0.395 0.460840025 2
0 0.985 -0.385 0.4631281706 2
0 0.985 -0.375 0.4645520173 2
0 0.985 -0.365 0.4651089079 2
0 0.985 -0.355 0.4647978032 2
0 0.985 -0.345 0.4636192838 2
0 0.985 -0.335 0.4615755489 2
0 0.985 -0.325 0.4586704128 2
0 0.985 -0.315 0.4549092969 2
0 0.985 -0.305 0.4502992204 2
0 0.985 -0.295 0.4448487866 2
0 0.985 -0.285 0.4385681674 2
0 0.985 -0.275 0.4314690836 2
0 0.985 -0.265 0.4235647838 2
0 0.985 -0.255 0.4148700191 2
0 0.985 -0.245 0.4054010159 2
0 0.985 -0.235 0.3951754453 2
0 0.985 -0.225 0.3842123906 2
0 0.985 -0.215 0.3725323112 2
0 0.985 -0.205 0.3601570047 2
0 0.985 -0.195 0.3471095661 2
0 0.985 -0.185 0.3334143449 2
0 0.985 -0.175 0.3190968993 2
0 0.985 -0.165 0.3041839488 2
0 0.985 -0.155 0.2887033243 2
0 0.985 -0.145 0.2726839159 2
0 0.985 -0.135 0.2561556196 2
0 0.985 -0.125 0.2391492805 2
0 0.985 -0.115 0.2216966364 2
0 0.985 -0.105 0.2038302577 2
0 0.985 -0.095 0.185583487 2
0 0.985 -0.085 0.1669903768 2
0 0.985 -0.075 0.1480856258 2
0 0.985 -0.065 0.1289045146 2
0 0.985 -0.055 0.1094828392 2
0 0.985 -0.045 0.08985684476 1
0 0.985 -0.035 0.07006315775 1
0 0.985 -0.025 0.05013871751 1
0 0.985 -0.015 0.03012070741 2
0 0.985 -0.005 0.01004648545 2
0 0.985 0.005 -0.01004648545 1
0 0.985 0.015 -0.03012070741 1
0 0.985 0.025 -0.05013871751 1
0 0.985 0.035 -0.07006315775 1
0 0.985 0.045 -0.08985684476 1
0 0.985 0.055 -0.1094828392 1
0 0.985 0.065 -0.1289045146 2
0 0.985 0.075 -0.1480856258 2
0 0.985 0.085 -0.1669903768 2
0 0.985 0.095 -0.185583487 2
0 0.985 0.105 -0.2038302577 2
0 0.985 0.115 -0.2216966364 2
0 0.985 0.125 -0.2391492805 2
0 0.985 0.135 -0.2561556196 2
0 0.985 0.145 -0.2726839159 2
0 0.985 0.155 -0.2887033243 2
0 0.985 0.165 -0.3041839488 2
0 0.985 0.175 -0.3190968993 2
0 0.985 0.185 -0.3334143449 2
0 0.985 0.195 -0.3471095661 2
0 0.985 0.205 -0.3601570047 2
0 0.985 0.215 -0.3725323112 2
0 0.985 0.225 -0.3842123906 2
0 0.985 0.235 -0.3951754453 2
0 0.985 0.245 -0.4054010159 2
0 0.985 0.255 -0.4148700191 2
0 0.985 0.265 -0.4235647838 2
0 0.985 0.275 -0.4314690836 2
0 0.985 0.285 -0.4385681674 2
0 0.985 0.295 -0.4448487866 2
0 0.985 0.305 -0.4502992204 2
0 0.985 0.315 -0.4549092969 2
0 0.985 0.325 -0.4586704128 2
0 0.985 0.335 -0.4615755489 2
0 0.985 0.345 -0.4636192838 2
0 0.985 0.355 -0.4647978032 2
0 0.985 0.365 -0.4651089079 1
0 0.985 0.375 -0.4645520173 1
0 0.985 0.385 -0.4631281706 1
0 0.985 0.395 -0.460840025 1
0 0.985 0.405 -0.4576918507 1
0 0.985 0.415 -0.453689523 2
0 0.985 0.425 -0.4488405109 2
0 0.985 0.435 -0.4431538639 2
0 0.985 0.445 -0.4366401945 2
0 0.985 0.455 -0.4293116587 2
0 0.985 0.465 -0.421181933 2
0 0.985 0.475 -0.4122661893 2
0 0.985 0.485 -0.4025810664 2
0 0.985 0.495 -0.3921446388 2
0 0.985 0.505 0 2
0 0.985 0.515 0 2
0 0.985 0.525 0 1
0 0.985 0.535 0 1
0 0.985 0.545 0 1
0 0.985 0.555 0 1
0 0.985 0.565 0 1
0 0.995 -0.555 0 2
0 0.995 -0.545 0 1
0 0.995 -0.535 0 1
0 0.995 -0.525 0 1
0 0.995 -0.515 0 1
0 0.995 -0.505 0 1
0 0.995 -0.495 0.3718652801 1
0 0.995 -0.485 0.3817619985 1
0 0.995 -0.475 0.3909462652 1
0 0.995 -0.465 0.3994009403 1
0 0.995 -0.455 0.4071102455 2
0 0.995 -0.445 0.4140597937 2
0 0.995 -0.435 0.4202366153 2
0 0.995 -0.425 0.4256291832 2
0 0.995 -0.415 0.4302274335 2
0 0.995 -0.405 0.434022785 2
0 0.995 -0.395 0.4370081547 2
0 0.995 -0.385 0.4391779711 2
0 0.995 -0.375 0.4405281851 2
0 0.995 -0.365 0.4410562767 2
0 0.995 -0.355 0.4407612605 2
0 0.995 -0.345 0.439643687 2
0 0.995 -0.335 0.4377056418 2
0 0.995 -0.325 0.4349507417 2
0 0.995 -0.315 0.4313841281 2
0 0.995 -0.305 0.427012457 2
0 0.995 -0.295 0.4218438869 2
0 0.995 -0.285 0.4158880634 2
0 0.995 -0.275 0.4091561015 2
0 0.995 -0.265 0.4016605645 2
0 0.995 -0.255 0.3934154406 2
0 0.995 -0.245 0.3844361172 2
0 0.995 -0.235 0.3747393515 2
0 0.995 -0.225 0.36434324 2
0 0.995 -0.215 0.3532671839 2
0 0.995 -0.205 0.3415318537 2
0 0.995 -0.195 0.3291591501 2
0 0.995 -0.185 0.3161721632 2
0 0.995 -0.175 0.3025951297 2
0 0.995 -0.165 0.2884533872 2
0 0.995 -0.155 0.2737733273 2
0 0.995 -0.145 0.2585823463 2
0 0.995 -0.135 0.2429087938 2
0 0.995 -0.125 0.2267819202 2
0 0.995 -0.115 0.2102318218 2
0 0.995 -0.105 0.1932893845 2
0 0.995 -0.095 0.1759862269 2
0 0.995 -0.085 0.1583546403 2
0 0.995 -0.075 0.1404275292 2
0 0.995 -0.065 0.1222383495 2
0 0.995 -0.055 0.1038210462 2
0 0.995 -0.045 0.08520998999 2
0 0.995 -0.035 0.06643991325 2
0 0.995 -0.025 0.04754584504 2
0 0.995 -0.015 0.02856304585 2
0 0.995 -0.005 0.009526941737 2
0 0.995 0.005 -0.009526941737 2
0 0.995 0.015 -0.02856304585 1
0 0.995 0.025 -0.04754584504 1
0 0.995 0.035 -0.06643991325 1
0 0.995 0.045 -0.08520998999 1
0 0.995 0.055 -0.1038210462 2
0 0.995 0.065 -0.1222383495 2
0 0.995 0.075 -0.1404275292 2
0 0.995 0.085 -0.1583546403 2
0 0.995 0.095 -0.1759862269 2
0 0.995 0.105 -0.1932893845 2
0 0.995 0.115 -0.2102318218 2
0 0.995 0.125 -0.2267819202 2
0 0.995 0.135 -0.2429087938 2
0 0.995 0.145 -0.2585823463 2
0 0.995 0.155 -0.2737733273 2
0 0.995 0.165 -0.2884533872 2
0 0.995 0.175 -0.3025951297 2
0 0.995 0.185 -0.3161721632 2
0 0.995 0.195 -0.3291591501 2
0 0.995 0.205 -0.3415318537 2
0 0.995 0.215 -0.3532671839 2
0 0.995 0.225 -0.36434324 2
0 0.995 0.235 -0.3747393515 2
0 0.995 0.245 -0.3844361172 2
0 0.995 0.255 -0.3934154406 2
0 0.995 0.265 -0.4016605645 2
0 0.995 0.275 -0.4091561015 2
0 0.995 0.285 -0.4158880634 2
0 0.995 0.295 -0.4218438869 2
0 0.995 0.305 -0.427012457 2
0 0.995 0.315 -0.4313841281 2
0 0.995 0.325 -0.4349507417 2
0 0.995 0.335 -0.4377056418 2
0 0.995 0.345 -0.439643687 2
0 0.995 0.355 -0.4407612605 2
0 0.995 0.365 -0.4410562767 1
0 0.995 0.375 -0.4405281851 1
0 0.995 0.385 -0.4391779711 1
0 0.995 0.395 -0.4370081547 1
0 0.995 0.405 -0.434022785 1
0 0.995 0.415 -0.4302274335 1
0 0.995 0.425 -0.4256291832 2
0 0.995 0.435 -0.4202366153 2
0 0.995 0.445 -0.4140597937 2
0 0.995 0.455 -0.4071102455 2
0 0.995 0.465 -0.3994009403 2
0 0.995 0.475 -0.3909462652 2
0 0.995 0.485 -0.3817619985 2
0 0.995 0.495 -0.3718652801 2
0 0.995 0.505 0 2
0 0.995 0.515 0 2
0 0.995 0.525 0 2
0 0.995 0.535 0 2
0 0.995 0.545 0 2
0 0.995 0.555 0 1
0 0.995 0.565 0 1
0 1.005 -0.555 0 2
0 1.005 -0.545 0 1
0 1.005 -0.535 0 1
0 1.005 -0.525 0 1
0 1.005 -0.515 0 1
0 1.005 -0.505 0 1
0 1.005 -0.495 0 1
0 1.005 -0.485 0 1
0 1.005 -0.475 0 1
0 1.005 -0.465 0 1
0 1.005 -0.455 0 1
0 1.005 -0.445 0 2
0 1.005 -0.435 0 2
0 1.005 -0.425 0 2
0 1.005 -0.415 0 2
0 1.005 -0.405 0 2
0 1.005 -0.395 0 2
0 1.005 -0.385 0 2
0 1.005 -0.375 0 2
0 1.005 -0.365 0 2
0 1.005 -0.355 0 2
0 1.005 -0.345 0 2
0 1.005 -0.335 0 2
0 1.005 -0.325 0 2
0 1.005 -0.315 0 2
0 1.005 -0.305 0 2
0 1.005 -0.295 0 2
0 1.005 -0.285 0 2
0 1.005 -0.275 0 2
0 1.005 -0.265 0 2
0 1.005 -0.255 0 2
0 1.005 -0.245 0 2
0 1.005 -0.235 0 2
0 1.005 -0.225 0 2
0 1.005 -0.215 0 2
0 1.005 -0.205 0 2
0 1.005 -0.195 0 2
0 1.005 -0.185 0 2
0 1.005 -0.175 0 2
0 1.005 -0.165 0 2
0 1.005 -0.155 0 2
0 1.005 -0.145 0 2
0 1.005 -0.135 0 2
0 1.005 -0.125 0 2
0 1.005 -0.115 0 2
0 1.005 -0.105 0 2
0 1.005 -0.095 0 2
0 1.005 -0.085 0 2
0 1.005 -0.075 0 2
0 1.005 -0.065 0 2
0 1.005 -0.055 0 2
0 1.005 -0.045 0 2
0 1.005 -0.035 0 2
0 1.005 -0.025 0 2
0 1.005 -0.015 0 2
0 1.005 -0.005 0 2
0 1.005 0.005 0 2
0 1.005 0.015 0 2
0 1.005 0.025 0 2
0 1.005 0.035 0 2
0 1.005 0.045 0 2
0 1.005 0.055 0 2
0 1.005 0.065 0 2
0 1.005 0.075 0 2
0 1.005 0.085 0 2
0 1.005 0.095 0 2
0 1.005 0.105 0 2
0 1.005 0.115 0 2
0 1.005 0.125 0 2
0 1.005 0.135 0 2
0 1.005 0.145 0 2
0 1.005 0.155 0 2
0 1.005 0.165 0 2
0 1.005 0.175 0 2
0 1.005 0.185 0 1
0 1.005 0.195 0 1
0 1.005 0.205 0 1
0 1.005 0.215 0 1
0 1.005 0.225 0 1
0 1.005 0.235 0 2
0 1.005 0.245 0 2
0 1.005 0.255 0 2
0 1.005 0.265 0 2
0 1.005 0.275 0 2
0 1.005 0.285 0 2
0 1.005 0.295 0 2
0 1.005 0.305 0 2
0 1.005 0.315 0 2
0 1.005 0.325 0 2
0 1.005 0.335 0 2
0 1.005 0.345 0 2
0 1.005 0.355 0 1
0 1.005 0.365 0 1
0 1.005 0.375 0 1
0 1.005 0.385 0 1
0 1.005 0.395 0 1
0 1.005 0.405 0 1
0 1.005 0.415 0 1
0 1.005 0.425 0 1
0 1.005 0.435 0 2
0 1.005 0.445 0 2
0 1.005 0.455 0 2
0 1.005 0.465 0 2
0 1.005 0.475 0 2
0 1.005 0.485 0 2
0 1.005 0.495 0 2
0 1.005 0.505 0 2
0 1.005 0.515 0 2
0 1.005 0.525 0 2
0 1.005 0.535 0 2
0 1.005 0.545 0 2
0 1.005 0.555 0 2
0 1.005 0.565 0 2
0 1.015 -0.555 0 2
0 1.015 -0.545 0 2
0 1.015 -0.535 0 1
0 1.015 -0.525 0 1
0 1.015 -0.515 0 1
0 1.015 -0.505 0 1
0 1.015 -0.495 0 1
0 1.015 -0.485 0 1
0 1.015 -0.475 0 1
0 1.015 -0.465 0 1
0 1.015 -0.455 0 1
0 1.015 -0.445 0 2
0 1.015 -0.435 0 2
0 1.015 -0.425 0 2
0 1.015 -0.415 0 2
0 1.015 -0.405 0 2
0 1.015 -0.395 0 2
0 1.015 -0.385 0 2
0 1.015 -0.375 0 2
0 1.015 -0.365 0 2
0 1.015 -0.355 0 2
0 1.015 -0.345 0 2
0 1.015 -0.335 0 2
0 1.015 -0.325 0 2
0 1.015 -0.315 0 2
0 1.015 -0.305 0 2
0 1.015 -0.295 0 2
0 1.015 -0.285 0 2
0 1.015 -0.275 0 2
0 1.015 -0.265 0 2
0 1.015 -0.255 0 2
0 1.015 -0.245 0 2
0 1.015 -0.235 0 2
0 1.015 -0.225 0 2
0 1.015 -0.215 0 2
0 1.015 -0.205 0 2
0 1.015 -0.195 0 2
0 1.015 -0.185 0 2
0 1.015 -0.175 0 2
0 1.015 -0.165 0 2
0 1.015 -0.155 0 2
0 1.015 -0.145 0 2
0 1.015 -0.135 0 2
0 1.015 -0.125 0 2
0 1.015 -0.115 0 2
0 1.015 -0.105 0 2
0 1.015 -0.095 0 2
0 1.015 -0.085 0 2
0 1.015 -0.075 0 2
0 1.015 -0.065 0 2
0 1.015 -0.055 0 2
0 1.015 -0.045 0 2
0 1.015 -0.035 0 2
0 1.015 -0.025 0 2
0 1.015 -0.015 0 2
0 1.015 -0.005 0 2
0 1.015 0.005 0 2
0 1.015 0.015 0 2
0 1.015 0.025 0 2
0 1.015 0.035 0 2
0 1.015 0.045 0 2
0 1.015 0.055 0 2
0 1.015 0.065 0 2
0 1.015 0.075 0 2
0 1.015 0.085 0 2
0 1.015 0.095 0 2
0 1.015 0.105 0 2
0 1.015 0.115 0 2
0 1.015 0.125 0 2
0 1.015 0.135 0 2
0 1.015 0.145 0 2
0 1.015 0.155 0 2
0 1.015 0.165 0 2
0 1.015 0.175 0 2
0 1.015 0.185 0 1
0 1.015 0.195 0 1
0 1.015 0.205 0 1
0 1.015 0.215 0 1
0 1.015 0.225 0 1
0 1.015 0.235 0 1
0 1.015 0.245 0 1
0 1.015 0.255 0 2
0 1.015 0.265 0 2
0 1.015 0.275 0 2
0 1.015 0.285 0 2
0 1.015 0.295 0 2
0 1.015 0.305 0 2
0 1.015 0.315 0 2
0 1.015 0.325 0 2
0 1.015 0.335 0 2
0 1.015 0.345 0 2
0 1.015 0.355 0 1
0 1.015 0.365 0 1
0 1.015 0.375 0 1
0 1.015 0.385 0 1
0 1.015 0.395 0 1
0 1.015 0.405 0 1
0 1.015 0.415 0 1
0 1.015 0.425 0 1
0 1.015 0.435 0 2
0 1.015 0.445 0 2
0 1.015 0.455 0 2
0 1.015 0.465 0 2
0 1.015 0.475 0 2
0 1.015 0.485 0 2
0 1.015 0.495 0 2
0 1.015 0.505 0 2
0 1.015 0.515 0 2
0 1.015 0.525 0 2
0 1.015 0.535 0 2
0 1.015 0.545 0 2
0 1.015 0.555 0 2
0 1.015 0.565 0 2
0 1.025 -0.555 0 2
0 1.025 -0.545 0 2
0 1.025 -0.535 0 1
0 1.025 -0.525 0 1
0 1.025 -0.515 0 1
0 1.025 -0.505 0 1
0 1.025 -0.495 0 1
0 1.025 -0.485 0 1
0 1.025 -0.475 0 1
0 1.025 -0.465 0 1
0 1.025 -0.455 0 1
0 1.025 -0.445 0 1
0 1.025 -0.435 0 2
0 1.025 -0.425 0 2
0 1.025 -0.415 0 2
0 1.025 -0.405 0 2
0 1.025 -0.395 0 2
0 1.025 -0.385 0 2
0 1.025 -0.375 0 2
0 1.025 -0.365 0 2
0 1.025 -0.355 0 2
0 1.025 -0.345 0 2
0 1.025 -0.335 0 2
0 1.025 -0.325 0 2
0 1.025 -0.315 0 2
0 1.025 -0.305 0 2
0 1.025 -0.295 0 2
0 1.025 -0.285 0 2
0 1.025 -0.275 0 2
0 1.025 -0.265 0 2
0 1.025 -0.255 0 1
0 1.025 -0.245 0 1
0 1.025 -0.235 0 1
0 1.025 -0.225 0 2
0 1.025 -0.215 0 2
0 1.025 -0.205 0 2
0 1.025 -0.195 0 2
0 1.025 -0.185 0 2
0 1.025 -0.175 0 2
0 1.025 -0.165 0 2
0 1.025 -0.155 0 2
0 1.025 -0.145 0 2
0 1.025 -0.135 0 2
0 1.025 -0.125 0 2
0 1.025 -0.115 0 2
0 1.025 -0.105 0 2
0 1.025 -0.095 0 2
0 1.025 -0.085 0 2
0 1.025 -0.075 0 2
0 1.025 -0.065 0 2
0 1.025 -0.055 0 2
0 1.025 -0.045 0 2
0 1.025 -0.035 0 2
0 1.025 -0.025 0 2
0 1.025 -0.015 0 2
0 1.025 -0.005 0 2
0 1.025 0.005 0 2
0 1.025 0.015 0 2
0 1.025 0.025 0 2
0 1.025 0.035 0 2
0 1.025 0.045 0 2
0 1.025 0.055 0 2
0 1.025 0.065 0 2
0 1.025 0.075 0 2
0 1.025 0.085 0 2
0 1.025 0.095 0 2
0 1.025 0.105 0 2
0 1.025 0.115 0 2
0 1.025 0.125 0 2
0 1.025 0.135 0 2
0 1.025 0.145 0 2
0 1.025 0.155 0 2
0 1.025 0.165 0 2
0 1.025 0.175 0 1
0 1.025 0.185 0 1
0 1.025 0.195 0 1
0 1.025 0.205 0 1
0 1.025 0.215 0 1
0 1.025 0.225 0 1
0 1.025 0.235 0 1
0 1.025 0.245 0 1
0 1.025 0.255 0 1
0 1.025 0.265 0 2
0 1.025 0.275 0 2
0 1.025 0.285 0 2
0 1.025 0.295 0 2
0 1.025 0.305 0 2
0 1.025 0.315 0 2
0 1.025 0.325 0 2
0 1.025 0.335 0 2
0 1.025 0.345 0 2
0 1.025 0.355 0 2
0 1.025 0.365 0 1
0 1.025 0.375 0 1
0 1.025 0.385 0 1
0 1.025 0.395 0 1
0 1.025 0.405 0 1
0 1.025 0.415 0 1
0 1.025 0.425 0 1
0 1.025 0.435 0 2
0 1.025 0.445 0 2
0 1.025 0.455 0 2
0 1.025 0.465 0 2
0 1.025 0.475 0 2
0 1.025 0.485 0 2
0 1.025 0.495 0 2
0 1.025 0.505 0 2
0 1.025 0.515 0 2
0 1.025 0.525 0 2
0 1.025 0.535 0 2
0 1.025 0.545 0 2
0 1.025 0.555 0 2
0 1.025 0.565 0 2
0 1.035 -0.555 0 2
0 1.035 -0.545 0 2
0 1.035 -0.535 0 2
0 1.035 -0.525 0 1
0 1.035 -0.515 0 1
0 1.035 -0.505 0 1
0 1.035 -0.495 0 1
0 1.035 -0.485 0 1
0 1.035 -0.475 0 1
0 1.035 -0.465 0 1
0 1.035 -0.455 0 1
0 1.035 -0.445 0 1
0 1.035 -0.435 0 2
0 1.035 -0.425 0 2
0 1.035 -0.415 0 2
0 1.035 -0.405 0 2
0 1.035 -0.395 0 2
0 1.035 -0.385 0 2
0 1.035 -0.375 0 2
0 1.035 -0.365 0 2
0 1.035 -0.355 0 2
0 1.035 -0.345 0 2
0 1.035 -0.335 0 2
0 1.035 -0.325 0 2
0 1.035 -0.315 0 2
0 1.035 -0.305 0 2
0 1.035 -0.295 0 2
0 1.035 -0.285 0 2
0 1.035 -0.275 0 2
0 1.035 -0.265 0 1
0 1.035 -0.255 0 1
0 1.035 -0.245 0 1
0 1.035 -0.235 0 1
0 1.035 -0.225 0 1
0 1.035 -0.215 0 1
0 1.035 -0.205 0 2
0 1.035 -0.195 0 2
0 1.035 -0.185 0 2
0 1.035 -0.175 0 2
0 1.035 -0.165 0 2
0 1.035 -0.155 0 2
0 1.035 -0.145 0 2
0 1.035 -0.135 0 2
0 1.035 -0.125 0 2
0 1.035 -0.115 0 2
0 1.035 -0.105 0 2
0 1.035 -0.095 0 2
0 1.035 -0.085 0 2
0 1.035 -0.075 0 2
0 1.035 -0.065 0 2
0 1.035 -0.055 0 2
0 1.035 -0.045 0 2
0 1.035 -0.035 0 2
0 1.035 -0.025 0 2
0 1.035 -0.015 0 2
0 1.035 -0.005 0 2
0 1.035 0.005 0 2
0 1.035 0.015 0 2
0 1.035 0.025 0 2
0 1.035 0.035 0 2
0 1.035 0.045 0 2
0 1.035 0.055 0 2
0 1.035 0.065 0 2
0 1.035 0.075 0 2
0 1.035 0.085 0 2
0 1.035 0.095 0 2
0 1.035 0.105 0 2
0 1.035 0.115 0 2
0 1.035 0.125 0 2
0 1.035 0.135 0 2
0 1.035 0.145 0 2
0 1.035 0.155 0 2
0 1.035 0.165 0 2
0 1.035 0.175 0 2
0 1.035 0.185 0 1
0 1.035 0.195 0 1
0 1.035 0.205 0 1
0 1.035 0.215 0 1
0 1.035 0.225 0 1
0 1.035 0.235 0 1
0 1.035 0.245 0 1
0 1.035 0.255 0 1
0 1.035 0.265 0 1
0 1.035 0.275 0 2
0 1.035 0.285 0 2
0 1.035 0.295 0 2
0 1.035 0.305 0 2
0 1.035 0.315 0 2
0 1.035 0.325 0 2
0 1.035 0.335 0 2
0 1.035 0.345 0 2
0 1.035 0.355 0 2
0 1.035 0.365 0 1
0 1.035 0.375 0 1
0 1.035 0.385 0 1
0 1.035 0.395 0 1
0 1.035 0.405 0 1
0 1.035 0.415 0 1
0 1.035 0.425 0 1
0 1.035 0.435 0 1
0 1.035 0.445 0 2
0 1.035 0.455 0 2
0 1.035 0.465 0 2
0 1.035 0.475 0 2
0 1.035 0.485 0 2
0 1.035 0.495 0 2
0 1.035 0.505 0 2
0 1.035 0.515 0 2
0 1.035 0.525 0 2
0 1.035 0.535 0 2
0 1.035 0.545 0 2
0 1.035 0.555 0 2
0 1.035 0.565 0 2
0 1.045 -0.555 0 2
0 1.045 -0.545 0 2
0 1.045 -0.535 0 2
0 1.045 -0.525 0 2
0 1.045 -0.515 0 1
0 1.045 -0.505 0 1
0 1.045 -0.495 0 1
0 1.045 -0.485 0 1
0 1.045 -0.475 0 1
0 1.045 -0.465 0 1
0 1.045 -0.455 0 1
0 1.045 -0.445 0 1
0 1.045 -0.435 0 2
0 1.045 -0.425 0 2
0 1.045 -0.415 0 2
0 1.045 -0.405 0 2
0 1.045 -0.395 0 2
0 1.045 -0.385 0 2
0 1.045 -0.375 0 2
0 1.045 -0.365 0 2
0 1.045 -0.355 0 2
0 1.045 -0.345 0 2
0 1.045 -0.335 0 2
0 1.045 -0.325 0 2
0 1.045 -0.315 0 2
0 1.045 -0.305 0 2
0 1.045 -0.295 0 2
0 1.045 -0.285 0 2
0 1.045 -0.275 0 2
0 1.045 -0.265 0 1
0 1.045 -0.255 0 1
0 1.045 -0.245 0 1
0 1.045 -0.235 0 1
0 1.045 -0.225 0 1
0 1.045 -0.215 0 1
0 1.045 -0.205 0 1
0 1.045 -0.195 0 2
0 1.045 -0.185 0 2
0 1.045 -0.175 0 2
0 1.045 -0.165 0 2
0 1.045 -0.155 0 2
0 1.045 -0.145 0 2
0 1.045 -0.135 0 2
0 1.045 -0.125 0 2
0 1.045 -0.115 0 2
0 1.045 -0.105 0 2
0 1.045 -0.095 0 2
0 1.045 -0.085 0 2
0 1.045 -0.075 0 2
0 1.045 -0.065 0 2
0 1.045 -0.055 0 2
0 1.045 -0.045 0 2
0 1.045 -0.035 0 2
0 1.045 -0.025 0 2
0 1.045 -0.015 0 2
0 1.045 -0.005 0 2
0 1.045 0.005 0 2
0 1.045 0.015 0 2
0 1.045 0.025 0 2
0 1.045 0.035 0 2
0 1.045 0.045 0 2
0 1.045 0.055 0 2
0 1.045 0.065 0 2
0 1.045 0.075 0 2
0 1.045 0.085 0 2
0 1.045 0.095 0 2
0 1.045 0.105 0 2
0 1.045 0.115 0 2
0 1.045 0.125 0 2
0 1.045 0.135 0 2
0 1.045 0.145 0 2
0 1.045 0.155 0 2
0 1.045 0.165 0 2
0 1.045 0.175 0 2
0 1.045 0.185 0 1
0 1.045 0.195 0 1
0 1.045 0.205 0 1
0 1.045 0.215 0 1
0 1.045 0.225 0 1
0 1.045 0.235 0 1
0 1.045 0.245 0 1
0 1.045 0.255 0 1
0 1.045 0.265 0 1
0 1.045 0.275 0 2
0 1.045 0.285 0 2
0 1.045 0.295 0 2
0 1.045 0.305 0 2
0 1.045 0.315 0 2
0 1.045 0.325 0 2
0 1.045 0.335 0 2
0 1.045 0.345 0 2
0 1.045 0.355 0 2
0 1.045 0.365 0 1
0 1.045 0.375 0 1
0 1.045 0.385 0 1
0 1.045 0.395 0 1
0 1.045 0.405 0 1
0 1.045 0.415 0 1
0 1.045 0.425 0 1
0 1.045 0.435 0 1
0 1.045 0.445 0 2
0 1.045 0.455 0 2
0 1.045 0.465 0 2
0 1.045 0.475 0 2
0 1.045 0.485 0 2
0 1.045 0.495 0 2
0 1.045 0.505 0 2
0 1.045 0.515 0 2
0 1.045 0.525 0 2
0 1.045 0.535 0 2
0 1.045 0.545 0 2
0 1.045 0.555 0 2
0 1.045 0.565 0 2
0 1.055 -0.555 0 2
0 1.055 -0.545 0 2
0 1.055 -0.535 0 2
0 1.055 -0.525 0 2
0 1.055 -0.515 0 2
0 1.055 -0.505 0 2
0 1.055 -0.495 0 1
0 1.055 -0.485 0 1
0 1.055 -0.475 0 1
0 1.055 -0.465 0 1
0 1.055 -0.455 0 1
0 1.055 -0.445 0 2
0 1.055 -0.435 0 2
0 1.055 -0.425 0 2
0 1.055 -0.415 0 2
0 1.055 -0.405 0 2
0 1.055 -0.395 0 2
0 1.055 -0.385 0 2
0 1.055 -0.375 0 2
0 1.055 -0.365 0 2
0 1.055 -0.355 0 2
0 1.055 -0.345 0 2
0 1.055 -0.335 0 2
0 1.055 -0.325 0 2
0 1.055 -0.315 0 2
0 1.055 -0.305 0 2
0 1.055 -0.295 0 2
0 1.055 -0.285 0 2
0 1.055 -0.275 0 2
0 1.055 -0.265 0 1
0 1.055 -0.255 0 1
0 1.055 -0.245 0 1
0 1.055 -0.235 0 1
0 1.055 -0.225 0 1
0 1.055 -0.215 0 1
0 1.055 -0.205 0 1
0 1.055 -0.195 0 1
0 1.055 -0.185 0 2
0 1.055 -0.175 0 2
0 1.055 -0.165 0 2
0 1.055 -0.155 0 2
0 1.055 -0.145 0 2
0 1.055 -0.135 0 2
0 1.055 -0.125 0 2
0 1.055 -0.115 0 2
0 1.055 -0.105 0 2
0 1.055 -0.095 0 2
0 1.055 -0.085 0 2
0 1.055 -0.075 0 2
0 1.055 -0.065 0 2
0 1.055 -0.055 0 2
0 1.055 -0.045 0 2
0 1.055 -0.035 0 2
0 1.055 -0.025 0 2
0 1.055 -0.015 0 2
0 1.055 -0.005 0 2
0 1.055 0.005 0 2
0 1.055 0.015 0 2
0 1.055 0.025 0 2
0 1.055 0.035 0 2
0 1.055 0.045 0 2
0 1.055 0.055 0 2
0 1.055 0.065 0 2
0 1.055 0.075 0 2
0 1.055 0.085 0 2
0 1.055 0.095 0 2
0 1.055 0.105 0 2
0 1.055 0.115 0 2
0 1.055 0.125 0 2
0 1.055 0.135 0 2
0 1.055 0.145 0 2
0 1.055 0.155 0 2
0 1.055 0.165 0 2
0 1.055 0.175 0 2
0 1.055 0.185 0 1
0 1.055 0.195 0 1
0 1.055 0.205 0 1
0 1.055 0.215 0 1
0 1.055 0.225 0 1
0 1.055 0.235 0 1
0 1.055 0.245 0 1
0 1.055 0.255 0 1
0 1.055 0.265 0 1
0 1.055 0.275 0 2
0 1.055 0.285 0 2
0 1.055 0.295 0 2
0 1.055 0.305 0 2
0 1.055 0.315 0 2
0 1.055 0.325 0 2
0 1.055 0.335 0 2
0 1.055 0.345 0 2
0 1.055 0.355 0 2
0 1.055 0.365 0 2
0 1.055 0.375 0 1
0 1.055 0.385 0 1
0 1.055 0.395 0 1
0 1.055 0.405 0 1
0 1.055 0.415 0 1
0 1.055 0.425 0 1
0 1.055 0.435 0 2
0 1.055 0.445 0 2
0 1.055 0.455 0 2
0 1.055 0.465 0 2
0 1.055 0.475 0 2
0 1.055 0.485 0 2
0 1.055 0.495 0 2
0 1.055 0.505 0 2
0 1.055 0.515 0 2
0 1.055 0.525 0 2
0 1.055 0.535 0 2
0 1.055 0.545 0 2
0 1.055 0.555 0 2
0 1.055 0.565 0 2
0 1.065 -0.555 0 2
0 1.065 -0.545 0 2
0 1.065 -0.535 0 2
0 1.065 -0.525 0 2
0 1.065 -0.515 0 2
0 1.065 -0.505 0 2
0 1.065 -0.495 0 2
0 1.065 -0.485 0 2
0 1.065 -0.475 0 2
0 1.065 -0.465 0 2
0 1.065 -0.455 0 2
0 1.065 -0.445 0 2
0 1.065 -0.435 0 2
0 1.065 -0.425 0 2
0 1.065 -0.415 0 2
0 1.065 -0.405 0 2
0 1.065 -0.395 0 2
0 1.065 -0.385 0 2
0 1.065 -0.375 0 2
0 1.065 -0.365 0 2
0 1.065 -0.355 0 2
0 1.065 -0.345 0 2
0 1.065 -0.335 0 2
0 1.065 -0.325 0 2
0 1.065 -0.315 0 2
0 1.065 -0.305 0 2
0 1.065 -0.295 0 2
0 1.065 -0.285 0 2
0 1.065 -0.275 0 2
0 1.065 -0.265 0 1
0 1.065 -0.255 0 1
0 1.065 -0.245 0 1
0 1.065 -0.235 0 1
0 1.065 -0.225 0 1
0 1.065 -0.215 0 1
0 1.065 -0.205 0 1
0 1.065 -0.195 0 1
0 1.065 -0.185 0 2
0 1.065 -0.175 0 2
0 1.065 -0.165 0 2
0 1.065 -0.155 0 2
0 1.065 -0.145 0 2
0 1.065 -0.135 0 2
0 1.065 -0.125 0 2
0 1.065 -0.115 0 2
0 1.065 -0.105 0 2
0 1.065 -0.095 0 2
0 1.065 -0.085 0 2
0 1.065 -0.075 0 2
0 1.065 -0.065 0 2
0 1.065 -0.055 0 2
0 1.065 -0.045 0 2
0 1.065 -0.035 0 2
0 1.065 -0.025 0 2
0 1.065 -0.015 0 2
0 1.065 -0.005 0 2
0 1.065 0.005 0 2
0 1.065 0.015 0 2
0 1.065 0.025 0 2
0 1.065 0.035 0 2
0 1.065 0.045 0 2
0 1.065 0.055 0 2
0 1.065 0.065 0 2
0 1.065 0.075 0 2
0 1.065 0.085 0 2
0 1.065 0.095 0 2
0 1.065 0.105 0 2
0 1.065 0.115 0 2
0 1.065 0.125 0 2
0 1.065 0.135 0 2
0 1.065 0.145 0 2
0 1.065 0.155 0 2
0 1.065 0.165 0 2
0 1.065 0.175 0 2
0 1.065 0.185 0 2
0 1.065 0.195 0 1
0 1.065 0.205 0 1
0 1.065 0.215 0 1
0 1.065 0.225 0 1
0 1.065 0.235 0 1
0 1.065 0.245 0 1
0 1.065 0.255 0 1
0 1.065 0.265 0 1
0 1.065 0.275 0 1
0 1.065 0.285 0 2
0 1.065 0.295 0 2
0 1.065 0.305 0 2
0 1.065 0.315 0 2
0 1.065 0.325 0 2
0 1.065 0.335 0 2
0 1.065 0.345 0 2
0 1.065 0.355 0 2
0 1.065 0.365 0 2
0 1.065 0.375 0 2
0 1.065 0.385 0 1
0 1.065 0.395 0 1
0 1.065 0.405 0 1
0 1.065 0.415 0 1
0 1.065 0.425 0 1
0 1.065 0.435 0 2
0 1.065 0.445 0 2
0 1.065 0.455 0 2
0 1.065 0.465 0 2
0 1.065 0.475 0 2
0 1.065 0.485 0 2
0 1.065 0.495 0 2
0 1.065 0.505 0 2
0 1.065 0.515 0 2
0 1.065 0.525 0 2
0 1.065 0.535 0 2
0 1.065 0.545 0 2
0 1.065 0.555 0 2
0 1.065 0.565 0 2
