t x y content type
0 -0.055 -0.555 0 2
0 -0.055 -0.545 0 2
0 -0.055 -0.535 0 2
0 -0.055 -0.525 0 2
0 -0.055 -0.515 0 2
0 -0.055 -0.505 0 2
0 -0.055 -0.495 0 2
0 -0.055 -0.485 0 2
0 -0.055 -0.475 0 2
0 -0.055 -0.465 0 2
0 -0.055 -0.455 0 2
0 -0.055 -0.445 0 2
0 -0.055 -0.435 0 2
0 -0.055 -0.425 0 2
0 -0.055 -0.415 0 2
0 -0.055 -0.405 0 2
0 -0.055 -0.395 0 2
0 -0.055 -0.385 0 2
0 -0.055 -0.375 0 2
0 -0.055 -0.365 0 1
0 -0.055 -0.355 0 1
0 -0.055 -0.345 0 1
0 -0.055 -0.335 0 1
0 -0.055 -0.325 0 1
0 -0.055 -0.315 0 1
0 -0.055 -0.305 0 1
0 -0.055 -0.295 0 2
0 -0.055 -0.285 0 2
0 -0.055 -0.275 0 2
0 -0.055 -0.265 0 2
0 -0.055 -0.255 0 2
0 -0.055 -0.245 0 2
0 -0.055 -0.235 0 2
0 -0.055 -0.225 0 2
0 -0.055 -0.215 0 2
0 -0.055 -0.205 0 2
0 -0.055 -0.195 0 2
0 -0.055 -0.185 0 2
0 -0.055 -0.175 0 2
0 -0.055 -0.165 0 2
0 -0.055 -0.155 0 2
0 -0.055 -0.145 0 2
0 -0.055 -0.135 0 2
0 -0.055 -0.125 0 2
0 -0.055 -0.115 0 2
0 -0.055 -0.105 0 2
0 -0.055 -0.095 0 1
0 -0.055 -0.085 0 1
0 -0.055 -0.075 0 1
0 -0.055 -0.065 0 1
0 -0.055 -0.055 0 1
0 -0.055 -0.045 0 1
0 -0.055 -0.035 0 1
0 -0.055 -0.025 0 1
0 -0.055 -0.015 0 1
0 -0.055 -0.005 0 1
0 -0.055 0.005 0 1
0 -0.055 0.015 0 2
0 -0.055 0.025 0 2
0 -0.055 0.035 0 2
0 -0.055 0.045 0 2
0 -0.055 0.055 0 2
0 -0.055 0.065 0 2
0 -0.055 0.075 0 2
0 -0.055 0.085 0 2
0 -0.055 0.095 0 2
0 -0.055 0.105 0 2
0 -0.055 0.115 0 2
0 -0.055 0.125 0 2
0 -0.055 0.135 0 2
0 -0.055 0.145 0 2
0 -0.055 0.155 0 2
0 -0.055 0.165 0 2
0 -0.055 0.175 0 2
0 -0.055 0.185 0 2
0 -0.055 0.195 0 2
0 -0.055 0.205 0 2
0 -0.055 0.215 0 2
0 -0.055 0.225 0 2
0 -0.055 0.235 0 2
0 -0.055 0.245 0 2
0 -0.055 0.255 0 2
0 -0.055 0.265 0 2
0 -0.055 0.275 0 2
0 -0.055 0.285 0 2
0 -0.055 0.295 0 2
0 -0.055 0.305 0 2
0 -0.055 0.315 0 2
0 -0.055 0.325 0 2
0 -0.055 0.335 0 2
0 -0.055 0.345 0 2
0 -0.055 0.355 0 2
0 -0.055 0.365 0 2
0 -0.055 0.375 0 2
0 -0.055 0.385 0 2
0 -0.055 0.395 0 2
0 -0.055 0.405 0 2
0 -0.055 0.415 0 2
0 -0.055 0.425 0 2
0 -0.055 0.435 0 2
0 -0.055 0.445 0 1
0 -0.055 0.455 0 1
0 -0.055 0.465 0 1
0 -0.055 0.475 0 1
0 -0.055 0.485 0 1
0 -0.055 0.495 0 1
0 -0.055 0.505 0 1
0 -0.055 0.515 0 2
0 -0.055 0.525 0 2
0 -0.055 0.535 0 2
0 -0.055 0.545 0 2
0 -0.055 0.555 0 2
0 -0.055 0.565 0 2
0 -0.045 -0.555 0 2
0 -0.045 -0.545 0 2
0 -0.045 -0.535 0 2
0 -0.045 -0.525 0 2
0 -0.045 -0.515 0 2
0 -0.045 -0.505 0 2
0 -0.045 -0.495 0 2
0 -0.045 -0.485 0 2
0 -0.045 -0.475 0 2
0 -0.045 -0.465 0 2
0 -0.045 -0.455 0 2
0 -0.045 -0.445 0 2
0 -0.045 -0.435 0 2
0 -0.045 -0.425 0 2
0 -0.045 -0.415 0 2
0 -0.045 -0.405 0 2
0 -0.045 -0.395 0 2
0 -0.045 -0.385 0 2
0 -0.045 -0.375 0 1
0 -0.045 -0.365 0 1
0 -0.045 -0.355 0 1
0 -0.045 -0.345 0 1
0 -0.045 -0.335 0 1
0 -0.045 -0.325 0 1
0 -0.045 -0.315 0 1
0 -0.045 -0.305 0 1
0 -0.045 -0.295 0 2
0 -0.045 -0.285 0 2
0 -0.045 -0.275 0 2
0 -0.045 -0.265 0 2
0 -0.045 -0.255 0 2
0 -0.045 -0.245 0 2
0 -0.045 -0.235 0 2
0 -0.045 -0.225 0 2
0 -0.045 -0.215 0 2
0 -0.045 -0.205 0 2
0 -0.045 -0.195 0 2
0 -0.045 -0.185 0 2
0 -0.045 -0.175 0 2
0 -0.045 -0.165 0 2
0 -0.045 -0.155 0 2
0 -0.045 -0.145 0 2
0 -0.045 -0.135 0 2
0 -0.045 -0.125 0 2
0 -0.045 -0.115 0 2
0 -0.045 -0.105 0 2
0 -0.045 -0.095 0 1
0 -0.045 -0.085 0 1
0 -0.045 -0.075 0 1
0 -0.045 -0.065 0 1
0 -0.045 -0.055 0 1
0 -0.045 -0.045 0 1
0 -0.045 -0.035 0 1
0 -0.045 -0.025 0 1
0 -0.045 -0.015 0 1
0 -0.045 -0.005 0 1
0 -0.045 0.005 0 1
0 -0.045 0.015 0 2
0 -0.045 0.025 0 2
0 -0.045 0.035 0 2
0 -0.045 0.045 0 2
0 -0.045 0.055 0 2
0 -0.045 0.065 0 2
0 -0.045 0.075 0 2
0 -0.045 0.085 0 2
0 -0.045 0.095 0 2
0 -0.045 0.105 0 2
0 -0.045 0.115 0 2
0 -0.045 0.125 0 2
0 -0.045 0.135 0 2
0 -0.045 0.145 0 2
0 -0.045 0.155 0 2
0 -0.045 0.165 0 2
0 -0.045 0.175 0 2
0 -0.045 0.185 0 2
0 -0.045 0.195 0 2
0 -0.045 0.205 0 2
0 -0.045 0.215 0 2
0 -0.045 0.225 0 2
0 -0.045 0.235 0 2
0 -0.045 0.245 0 2
0 -0.045 0.255 0 2
0 -0.045 0.265 0 2
0 -0.045 0.275 0 2
0 -0.045 0.285 0 2
0 -0.045 0.295 0 2
0 -0.045 0.305 0 2
0 -0.045 0.315 0 2
0 -0.045 0.325 0 2
0 -0.045 0.335 0 2
0 -0.045 0.345 0 2
0 -0.045 0.355 0 2
0 -0.045 0.365 0 2
0 -0.045 0.375 0 2
0 -0.045 0.385 0 2
0 -0.045 0.395 0 2
0 -0.045 0.405 0 2
0 -0.045 0.415 0 2
0 -0.045 0.425 0 2
0 -0.045 0.435 0 2
0 -0.045 0.445 0 1
0 -0.045 0.455 0 1
0 -0.045 0.465 0 1
0 -0.045 0.475 0 1
0 -0.045 0.485 0 1
0 -0.045 0.495 0 1
0 -0.045 0.505 0 1
0 -0.045 0.515 0 2
0 -0.045 0.525 0 2
0 -0.045 0.535 0 2
0 -0.045 0.545 0 2
0 -0.045 0.555 0 2
0 -0.045 0.565 0 2
0 -0.035 -0.555 0 2
0 -0.035 -0.545 0 2
0 -0.035 -0.535 0 2
0 -0.035 -0.525 0 2
0 -0.035 -0.515 0 2
0 -0.035 -0.505 0 2
0 -0.035 -0.495 0 2
0 -0.035 -0.485 0 2
0 -0.035 -0.475 0 2
0 -0.035 -0.465 0 2
0 -0.035 -0.455 0 2
0 -0.035 -0.445 0 2
0 -0.035 -0.435 0 2
0 -0.035 -0.425 0 2
0 -0.035 -0.415 0 2
0 -0.035 -0.405 0 2
0 -0.035 -0.395 0 2
0 -0.035 -0.385 0 2
0 -0.035 -0.375 0 1
0 -0.035 -0.365 0 1
0 -0.035 -0.355 0 1
0 -0.035 -0.345 0 1
0 -0.035 -0.335 0 1
0 -0.035 -0.325 0 1
0 -0.035 -0.315 0 1
0 -0.035 -0.305 0 1
0 -0.035 -0.295 0 2
0 -0.035 -0.285 0 2
0 -0.035 -0.275 0 2
0 -0.035 -0.265 0 2
0 -0.035 -0.255 0 2
0 -0.035 -0.245 0 2
0 -0.035 -0.235 0 2
0 -0.035 -0.225 0 2
0 -0.035 -0.215 0 2
0 -0.035 -0.205 0 2
0 -0.035 -0.195 0 2
0 -0.035 -0.185 0 2
0 -0.035 -0.175 0 2
0 -0.035 -0.165 0 2
0 -0.035 -0.155 0 2
0 -0.035 -0.145 0 2
0 -0.035 -0.135 0 2
0 -0.035 -0.125 0 2
0 -0.035 -0.115 0 2
0 -0.035 -0.105 0 2
0 -0.035 -0.095 0 2
0 -0.035 -0.085 0 1
0 -0.035 -0.075 0 1
0 -0.035 -0.065 0 1
0 -0.035 -0.055 0 1
0 -0.035 -0.045 0 1
0 -0.035 -0.035 0 1
0 -0.035 -0.025 0 1
0 -0.035 -0.015 0 1
0 -0.035 -0.005 0 1
0 -0.035 0.005 0 1
0 -0.035 0.015 0 2
0 -0.035 0.025 0 2
0 -0.035 0.035 0 2
0 -0.035 0.045 0 2
0 -0.035 0.055 0 2
0 -0.035 0.065 0 2
0 -0.035 0.075 0 2
0 -0.035 0.085 0 2
0 -0.035 0.095 0 2
0 -0.035 0.105 0 2
0 -0.035 0.115 0 2
0 -0.035 0.125 0 2
0 -0.035 0.135 0 2
0 -0.035 0.145 0 2
0 -0.035 0.155 0 2
0 -0.035 0.165 0 2
0 -0.035 0.175 0 2
0 -0.035 0.185 0 2
0 -0.035 0.195 0 2
0 -0.035 0.205 0 2
0 -0.035 0.215 0 2
0 -0.035 0.225 0 2
0 -0.035 0.235 0 2
0 -0.035 0.245 0 2
0 -0.035 0.255 0 2
0 -0.035 0.265 0 2
0 -0.035 0.275 0 2
0 -0.035 0.285 0 2
0 -0.035 0.295 0 2
0 -0.035 0.305 0 2
0 -0.035 0.315 0 2
0 -0.035 0.325 0 2
0 -0.035 0.335 0 2
0 -0.035 0.345 0 2
0 -0.035 0.355 0 2
0 -0.035 0.365 0 2
0 -0.035 0.375 0 2
0 -0.035 0.385 0 2
0 -0.035 0.395 0 2
0 -0.035 0.405 0 2
0 -0.035 0.415 0 2
0 -0.035 0.425 0 2
0 -0.035 0.435 0 2
0 -0.035 0.445 0 1
0 -0.035 0.455 0 1
0 -0.035 0.465 0 1
0 -0.035 0.475 0 1
0 -0.035 0.485 0 1
0 -0.035 0.495 0 1
0 -0.035 0.505 0 2
0 -0.035 0.515 0 2
0 -0.035 0.525 0 2
0 -0.035 0.535 0 2
0 -0.035 0.545 0 2
0 -0.035 0.555 0 2
0 -0.035 0.565 0 2
0 -0.025 -0.555 0 2
0 -0.025 -0.545 0 2
0 -0.025 -0.535 0 2
0 -0.025 -0.525 0 2
0 -0.025 -0.515 0 2
0 -0.025 -0.505 0 2
0 -0.025 -0.495 0 2
0 -0.025 -0.485 0 2
0 -0.025 -0.475 0 2
0 -0.025 -0.465 0 2
0 -0.025 -0.455 0 2
0 -0.025 -0.445 0 2
0 -0.025 -0.435 0 2
0 -0.025 -0.425 0 2
0 -0.025 -0.415 0 2
0 -0.025 -0.405 0 2
0 -0.025 -0.395 0 2
0 -0.025 -0.385 0 1
0 -0.025 -0.375 0 1
0 -0.025 -0.365 0 1
0 -0.025 -0.355 0 1
0 -0.025 -0.345 0 1
0 -0.025 -0.335 0 1
0 -0.025 -0.325 0 1
0 -0.025 -0.315 0 1
0 -0.025 -0.305 0 1
0 -0.025 -0.295 0 2
0 -0.025 -0.285 0 2
0 -0.025 -0.275 0 2
0 -0.025 -0.265 0 2
0 -0.025 -0.255 0 2
0 -0.025 -0.245 0 2
0 -0.025 -0.235 0 2
0 -0.025 -0.225 0 2
0 -0.025 -0.215 0 2
0 -0.025 -0.205 0 2
0 -0.025 -0.195 0 2
0 -0.025 -0.185 0 2
0 -0.025 -0.175 0 2
0 -0.025 -0.165 0 2
0 -0.025 -0.155 0 2
0 -0.025 -0.145 0 2
0 -0.025 -0.135 0 2
0 -0.025 -0.125 0 2
0 -0.025 -0.115 0 2
0 -0.025 -0.105 0 2
0 -0.025 -0.095 0 2
0 -0.025 -0.085 0 2
0 -0.025 -0.075 0 1
0 -0.025 -0.065 0 1
0 -0.025 -0.055 0 1
0 -0.025 -0.045 0 1
0 -0.025 -0.035 0 1
0 -0.025 -0.025 0 1
0 -0.025 -0.015 0 1
0 -0.025 -0.005 0 2
0 -0.025 0.005 0 2
0 -0.025 0.015 0 2
0 -0.025 0.025 0 2
0 -0.025 0.035 0 2
0 -0.025 0.045 0 2
0 -0.025 0.055 0 2
0 -0.025 0.065 0 2
0 -0.025 0.075 0 2
0 -0.025 0.085 0 2
0 -0.025 0.095 0 2
0 -0.025 0.105 0 2
0 -0.025 0.115 0 2
0 -0.025 0.125 0 2
0 -0.025 0.135 0 2
0 -0.025 0.145 0 2
0 -0.025 0.155 0 2
0 -0.025 0.165 0 2
0 -0.025 0.175 0 2
0 -0.025 0.185 0 2
0 -0.025 0.195 0 2
0 -0.025 0.205 0 2
0 -0.025 0.215 0 2
0 -0.025 0.225 0 2
0 -0.025 0.235 0 2
0 -0.025 0.245 0 2
0 -0.025 0.255 0 2
0 -0.025 0.265 0 2
0 -0.025 0.275 0 2
0 -0.025 0.285 0 2
0 -0.025 0.295 0 2
0 -0.025 0.305 0 2
0 -0.025 0.315 0 2
0 -0.025 0.325 0 2
0 -0.025 0.335 0 2
0 -0.025 0.345 0 2
0 -0.025 0.355 0 2
0 -0.025 0.365 0 2
0 -0.025 0.375 0 2
0 -0.025 0.385 0 2
0 -0.025 0.395 0 2
0 -0.025 0.405 0 2
0 -0.025 0.415 0 2
0 -0.025 0.425 0 2
0 -0.025 0.435 0 2
0 -0.025 0.445 0 1
0 -0.025 0.455 0 1
0 -0.025 0.465 0 1
0 -0.025 0.475 0 1
0 -0.025 0.485 0 1
0 -0.025 0.495 0 1
0 -0.025 0.505 0 2
0 -0.025 0.515 0 2
0 -0.025 0.525 0 2
0 -0.025 0.535 0 2
0 -0.025 0.545 0 2
0 -0.025 0.555 0 2
0 -0.025 0.565 0 2
0 -0.015 -0.555 0 2
0 -0.015 -0.545 0 2
0 -0.015 -0.535 0 2
0 -0.015 -0.525 0 2
0 -0.015 -0.515 0.00147245248 2
0 -0.015 -0.505 0.003815038673 2
0 -0.015 -0.495 0.007140683602 2
0 -0.015 -0.485 0.009651781518 2
0 -0.015 -0.475 0.01146431271 2
0 -0.015 -0.465 0.01267622401 2
0 -0.015 -0.455 0.01353554704 2
0 -0.015 -0.445 0.01412742957 2
0 -0.015 -0.435 0.0144856548 2
0 -0.015 -0.425 0.0146248286 2
0 -0.015 -0.415 0.01454479339 2
0 -0.015 -0.405 0.01407927851 2
0 -0.015 -0.395 0.01328682945 2
0 -0.015 -0.385 0.01211928661 1
0 -0.015 -0.375 0.01101103063 1
0 -0.015 -0.365 0.009896896676 1
0 -0.015 -0.355 0.00891643791 1
0 -0.015 -0.345 0.007904180734 1
0 -0.015 -0.335 0.007013060128 1
0 -0.015 -0.325 0.006309950553 1
0 -0.015 -0.315 0.005812146655 1
0 -0.015 -0.305 0.005375941807 1
0 -0.015 -0.295 0.004851863487 2
0 -0.015 -0.285 0.004121859355 2
0 -0.015 -0.275 0.003194615206 2
0 -0.015 -0.265 0.002149130292 2
0 -0.015 -0.255 0.001044686711 2
0 -0.015 -0.245 -9.176323289e-05 2
0 -0.015 -0.235 -0.001247387898 2
0 -0.015 -0.225 -0.002413716422 2
0 -0.015 -0.215 -0.003583170456 2
0 -0.015 -0.205 -0.00474863688 2
0 -0.015 -0.195 -0.005903373553 2
0 -0.015 -0.185 -0.007040972961 2
0 -0.015 -0.175 -0.008155359492 2
0 -0.015 -0.165 -0.009240792642 2
0 -0.015 -0.155 -0.01029187025 2
0 -0.015 -0.145 -0.01130353061 2
0 -0.015 -0.135 -0.01227105395 2
0 -0.015 -0.125 -0.01319006412 2
0 -0.015 -0.115 -0.01405653098 2
0 -0.015 -0.105 -0.01486677368 2
0 -0.015 -0.095 -0.01561746482 2
0 -0.015 -0.085 -0.01630563514 2
0 -0.015 -0.075 -0.01692867672 2
0 -0.015 -0.065 -0.01748434322 2
0 -0.015 -0.055 -0.01797073992 2
0 -0.015 -0.045 -0.0183862912 2
0 -0.015 -0.035 -0.01872967259 2
0 -0.015 -0.025 -0.0189996727 2
0 -0.015 -0.015 -0.0191949702 2
0 -0.015 -0.005 -0.0193137742 2
0 -0.015 0.005 -0.01935349156 2
0 -0.015 0.015 -0.01931039496 2
0 -0.015 0.025 -0.01917985847 2
0 -0.015 0.035 -0.01895677265 2
0 -0.015 0.045 -0.0186370685 2
0 -0.015 0.055 -0.01821869449 2
0 -0.015 0.065 -0.01770333763 2
0 -0.015 0.075 -0.01709638292 2
0 -0.015 0.085 -0.01640730942 2
0 -0.015 0.095 -0.01564799842 2
0 -0.015 0.105 -0.01483222824 2
0 -0.015 0.115 -0.01397431595 2
0 -0.015 0.125 -0.01308658072 2
0 -0.015 0.135 -0.01219086951 2
0 -0.015 0.145 -0.01129611554 2
0 -0.015 0.155 -0.01039267186 2
0 -0.015 0.165 -0.009433347574 2
0 -0.015 0.175 -0.008378768866 2
0 -0.015 0.185 -0.007187150648 2
0 -0.015 0.195 -0.005836285046 2
0 -0.015 0.205 -0.004379705323 2
0 -0.015 0.215 -0.002897098026 2
0 -0.015 0.225 -0.00151481009 2
0 -0.015 0.235 -0.0002230665592 2
0 -0.015 0.245 0.00102737554 2
0 -0.015 0.255 0.002242164462 2
0 -0.015 0.265 0.003424943453 2
0 -0.015 0.275 0.004496800961 2
0 -0.015 0.285 0.005525570591 2
0 -0.015 0.295 0.006524819483 2
0 -0.015 0.305 0.007566451793 2
0 -0.015 0.315 0.008637006734 2
0 -0.015 0.325 0.009725916257 2
0 -0.015 0.335 0.01079832405 2
0 -0.015 0.345 0.01183157209 2
0 -0.015 0.355 0.01280050645 2
0 -0.015 0.365 0.01367678792 2
0 -0.015 0.375 0.01443294246 2
0 -0.015 0.385 0.01504328774 2
0 -0.015 0.395 0.01548944279 2
0 -0.015 0.405 0.01575877686 2
0 -0.015 0.415 0.01584014739 2
0 -0.015 0.425 0.01570200157 2
0 -0.015 0.435 0.01528255315 2
0 -0.015 0.445 0.0145876557 2
0 -0.015 0.455 0.01365375353 1
0 -0.015 0.465 0.01258461153 1
0 -0.015 0.475 0.01134231494 1
0 -0.015 0.485 0.009628522211 1
0 -0.015 0.495 0.007216501884 2
0 -0.015 0.505 0.003898075212 2
0 -0.015 0.515 0.001518395328 2
0 -0.015 0.525 0 2
0 -0.015 0.535 0 2
0 -0.015 0.545 0 2
0 -0.015 0.555 0 2
0 -0.015 0.565 0 2
0 -0.005 -0.555 0 2
0 -0.005 -0.545 0 2
0 -0.005 -0.535 0 2
0 -0.005 -0.525 0 2
0 -0.005 -0.515 0.003611528441 2
0 -0.005 -0.505 0.008987236489 2
0 -0.005 -0.495 0.01759652743 2
0 -0.005 -0.485 0.0236721224 2
0 -0.005 -0.475 0.02795962474 2
0 -0.005 -0.465 0.03101086977 2
0 -0.005 -0.455 0.03316113019 2
0 -0.005 -0.445 0.03465371075 2
0 -0.005 -0.435 0.03556995723 2
0 -0.005 -0.425 0.0359812298 2
0 -0.005 -0.415 0.03587972095 2
0 -0.005 -0.405 0.0349366691 2
0 -0.005 -0.395 0.03313689376 2
0 -0.005 -0.385 0.03029253205 1
0 -0.005 -0.375 0.02756421062 1
0 -0.005 -0.365 0.02472565312 1
0 -0.005 -0.355 0.02215266487 1
0 -0.005 -0.345 0.01974846628 1
0 -0.005 -0.335 0.01765751496 1
0 -0.005 -0.325 0.01608868312 1
0 -0.005 -0.315 0.01492413248 1
0 -0.005 -0.305 0.01378622597 2
0 -0.005 -0.295 0.01230912784 2
0 -0.005 -0.285 0.01035953151 2
0 -0.005 -0.275 0.008000369216 2
0 -0.005 -0.265 0.005405481074 2
0 -0.005 -0.255 0.002687757832 2
0 -0.005 -0.245 -0.0001045607597 2
0 -0.005 -0.235 -0.002944935521 2
0 -0.005 -0.225 -0.005812605822 2
0 -0.005 -0.215 -0.008688811473 2
0 -0.005 -0.205 -0.01155590512 2
0 -0.005 -0.195 -0.01439713863 2
0 -0.005 -0.185 -0.01719660676 2
0 -0.005 -0.175 -0.01993924688 2
0 -0.005 -0.165 -0.02261084533 2
0 -0.005 -0.155 -0.02519804153 2
0 -0.005 -0.145 -0.02768832905 2
0 -0.005 -0.135 -0.03007005605 2
0 -0.005 -0.125 -0.03233242704 2
0 -0.005 -0.115 -0.03446550725 2
0 -0.005 -0.105 -0.03646023047 2
0 -0.005 -0.095 -0.03830840985 2
0 -0.005 -0.085 -0.04000275178 2
0 -0.005 -0.075 -0.04153686787 2
0 -0.005 -0.065 -0.04290528523 2
0 -0.005 -0.055 -0.04410343315 2
0 -0.005 -0.045 -0.04512758938 2
0 -0.005 -0.035 -0.04597474705 2
0 -0.005 -0.025 -0.04664228195 2
0 -0.005 -0.015 -0.04712733985 2
0 -0.005 -0.005 -0.04742582522 2
0 -0.005 0.005 -0.04753148961 2
0 -0.005 0.015 -0.04743472278 2
0 -0.005 0.025 -0.0471231798 2
0 -0.005 0.035 -0.04658227275 2
0 -0.005 0.045 -0.04580010766 2
0 -0.005 0.055 -0.04476935193 2
0 -0.005 0.065 -0.04349382849 2
0 -0.005 0.075 -0.04198691214 2
0 -0.005 0.085 -0.04027393206 2
0 -0.005 0.095 -0.03838574459 2
0 -0.005 0.105 -0.03635923291 2
0 -0.005 0.115 -0.03422986129 2
0 -0.005 0.125 -0.03202741525 2
0 -0.005 0.135 -0.0298065207 2
0 -0.005 0.145 -0.02757010678 2
0 -0.005 0.155 -0.0252937792 2
0 -0.005 0.165 -0.02285166312 2
0 -0.005 0.175 -0.02015601064 2
0 -0.005 0.185 -0.01709495795 2
0 -0.005 0.195 -0.01369271246 2
0 -0.005 0.205 -0.010149505 2
0 -0.005 0.215 -0.006646872595 1
0 -0.005 0.225 -0.003432013298 1
0 -0.005 0.235 -0.0004087987596 1
0 -0.005 0.245 0.002522830678 1
0 -0.005 0.255 0.005418202378 1
0 -0.005 0.265 0.008292880553 2
0 -0.005 0.275 0.01092844683 2
0 -0.005 0.285 0.01349640017 2
0 -0.005 0.295 0.01602761119 2
0 -0.005 0.305 0.01863789641 2
0 -0.005 0.315 0.02130717299 2
0 -0.005 0.325 0.02400646854 2
0 -0.005 0.335 0.02666864456 2
0 -0.005 0.345 0.02923807813 2
0 -0.005 0.355 0.03165267352 2
0 -0.005 0.365 0.0338350215 2
0 -0.005 0.375 0.03571241087 2
0 -0.005 0.385 0.03721417016 2
0 -0.005 0.395 0.03829283204 2
0 -0.005 0.405 0.03891499091 2
0 -0.005 0.415 0.03906945121 2
0 -0.005 0.425 0.0387192805 2
0 -0.005 0.435 0.03777990049 2
0 -0.005 0.445 0.03625389905 2
0 -0.005 0.455 0.03413996116 2
0 -0.005 0.465 0.03157360602 2
0 -0.005 0.475 0.02835694625 2
0 -0.005 0.485 0.02410000303 2
0 -0.005 0.495 0.01803839321 2
0 -0.005 0.505 0.009277486226 2
0 -0.005 0.515 0.003743988514 2
0 -0.005 0.525 0 2
0 -0.005 0.535 0 2
0 -0.005 0.545 0 2
0 -0.005 0.555 0 2
0 -0.005 0.565 0 2
0 0.005 -0.555 0 2
0 0.005 -0.545 0 2
0 0.005 -0.535 0 2
0 0.005 -0.525 0 2
0 0.005 -0.515 0.006108579037 2
0 0.005 -0.505 0.01551397424 2
0 0.005 -0.495 0.02845868344 2
0 0.005 -0.485 0.03657454899 2
0 0.005 -0.475 0.04186622338 2
0 0.005 -0.465 0.04618211581 2
0 0.005 -0.455 0.04924798263 2
0 0.005 -0.445 0.05142384266 2
0 0.005 -0.435 0.05279347411 2
0 0.005 -0.425 0.05346415032 2
0 0.005 -0.415 0.05340840413 2
0 0.005 -0.405 0.05229502444 2
0 0.005 -0.395 0.04976606993 2
0 0.005 -0.385 0.04578823317 1
0 0.005 -0.375 0.04138900298 1
0 0.005 -0.365 0.03720512376 1
0 0.005 -0.355 0.03349708904 1
0 0.005 -0.345 0.03036087675 1
0 0.005 -0.335 0.02765956031 1
0 0.005 -0.325 0.02559069073 1
0 0.005 -0.315 0.02363586833 2
0 0.005 -0.305 0.02152976081 2
0 0.005 -0.295 0.01893632373 2
0 0.005 -0.285 0.01574632737 2
0 0.005 -0.275 0.01207767929 2
0 0.005 -0.265 0.008151313243 2
0 0.005 -0.255 0.004083507126 2
0 0.005 -0.245 -8.302270611e-05 2
0 0.005 -0.235 -0.004318066934 2
0 0.005 -0.225 -0.008592879113 2
0 0.005 -0.215 -0.01288056414 2
0 0.005 -0.205 -0.01715533654 2
0 0.005 -0.195 -0.0213924837 2
0 0.005 -0.185 -0.02556839988 2
0 0.005 -0.175 -0.02966064442 2
0 0.005 -0.165 -0.03364798428 2
0 0.005 -0.155 -0.03751042177 2
0 0.005 -0.145 -0.04122921031 2
0 0.005 -0.135 -0.04478686441 2
0 0.005 -0.125 -0.04816716756 2
0 0.005 -0.115 -0.05135518084 2
0 0.005 -0.105 -0.05433725352 2
0 0.005 -0.095 -0.05710103451 2
0 0.005 -0.085 -0.05963548522 2
0 0.005 -0.075 -0.06193088306 2
0 0.005 -0.065 -0.06397882211 2
0 0.005 -0.055 -0.06577215969 2
0 0.005 -0.045 -0.06730493447 2
0 0.005 -0.035 -0.06857212485 2
0 0.005 -0.025 -0.06956908833 2
0 0.005 -0.015 -0.07029098612 2
0 0.005 -0.005 -0.07073124469 2
0 0.005 0.005 -0.07088039954 2
0 0.005 0.015 -0.07072357879 2
0 0.005 0.025 -0.07024302656 2
0 0.005 0.035 -0.06941710224 2
0 0.005 0.045 -0.06823117534 2
0 0.005 0.055 -0.0666749428 2
0 0.005 0.065 -0.06475772922 2
0 0.005 0.075 -0.06249922795 2
0 0.005 0.085 -0.05993938193 2
0 0.005 0.095 -0.05712199711 2
0 0.005 0.105 -0.05410337432 2
0 0.005 0.115 -0.05093134417 2
0 0.005 0.125 -0.04766012657 2
0 0.005 0.135 -0.04435056576 2
0 0.005 0.145 -0.04097119421 2
0 0.005 0.155 -0.03740071107 2
0 0.005 0.165 -0.03341065137 2
0 0.005 0.175 -0.0289915522 2
0 0.005 0.185 -0.02413591693 2
0 0.005 0.195 -0.01908198988 1
0 0.005 0.205 -0.01406307934 1
0 0.005 0.215 -0.009236931197 1
0 0.005 0.225 -0.004751214124 1
0 0.005 0.235 -0.0005102400278 1
0 0.005 0.245 0.003609392915 1
0 0.005 0.255 0.007761997539 1
0 0.005 0.265 0.01192263324 1
0 0.005 0.275 0.01602256373 2
0 0.005 0.285 0.02000920029 2
0 0.005 0.295 0.02391735038 2
0 0.005 0.305 0.02782580004 2
0 0.005 0.315 0.03180140286 2
0 0.005 0.325 0.03579853475 2
0 0.005 0.335 0.03973825228 2
0 0.005 0.345 0.04353688057 2
0 0.005 0.355 0.0471105457 2
0 0.005 0.365 0.05033959552 2
0 0.005 0.375 0.05312331219 2
0 0.005 0.385 0.05535287319 2
0 0.005 0.395 0.05696298216 2
0 0.005 0.405 0.05789844599 2
0 0.005 0.415 0.05816407899 2
0 0.005 0.425 0.05772790959 2
0 0.005 0.435 0.05649788271 2
0 0.005 0.445 0.05441910088 2
0 0.005 0.455 0.05148655778 2
0 0.005 0.465 0.04783082431 2
0 0.005 0.475 0.04316743506 2
0 0.005 0.485 0.03778371891 2
0 0.005 0.495 0.02950828301 2
0 0.005 0.505 0.01617145589 2
0 0.005 0.515 0.006371342184 2
0 0.005 0.525 0 2
0 0.005 0.535 0 2
0 0.005 0.545 0 2
0 0.005 0.555 0 2
0 0.005 0.565 0 2
0 0.015 -0.555 0 2
0 0.015 -0.545 0 2
0 0.015 -0.535 0 2
0 0.015 -0.525 0 2
0 0.015 -0.515 0.007536250197 2
0 0.015 -0.505 0.01902923033 2
0 0.015 -0.495 0.03294815526 2
0 0.015 -0.485 0.04162071494 2
0 0.015 -0.475 0.04633365255 2
0 0.015 -0.465 0.05080577061 2
0 0.015 -0.455 0.05396495551 2
0 0.015 -0.445 0.0562689079 2
0 0.015 -0.435 0.05776240207 2
0 0.015 -0.425 0.05854942129 2
0 0.015 -0.415 0.05859058706 2
0 0.015 -0.405 0.05754755429 2
0 0.015 -0.395 0.0548464093 2
0 0.015 -0.385 0.05097566065 2
0 0.015 -0.375 0.04616863425 1
0 0.015 -0.365 0.04200653611 1
0 0.015 -0.355 0.03837381641 1
0 0.015 -0.345 0.03541916761 1
0 0.015 -0.335 0.03284157037 1
0 0.015 -0.325 0.03049205011 2
0 0.015 -0.315 0.02794170004 2
0 0.015 -0.305 0.02505096209 2
0 0.015 -0.295 0.02164441145 2
0 0.015 -0.285 0.01775849328 2
0 0.015 -0.275 0.01356980008 2
0 0.015 -0.265 0.009212500991 2
0 0.015 -0.255 0.004735744498 2
0 0.015 -0.245 0.0001605237544 2
0 0.015 -0.235 -0.004486621063 2
0 0.015 -0.225 -0.009177065744 2
0 0.015 -0.215 -0.01388240517 2
0 0.015 -0.205 -0.01857475755 2
0 0.015 -0.195 -0.0232271242 2
0 0.015 -0.185 -0.02781358448 2
0 0.015 -0.175 -0.03230943132 2
0 0.015 -0.165 -0.0366912498 2
0 0.015 -0.155 -0.04093696409 2
0 0.015 -0.145 -0.0450258637 2
0 0.015 -0.135 -0.04893861943 2
0 0.015 -0.125 -0.0526572945 2
0 0.015 -0.115 -0.05616535428 2
0 0.015 -0.105 -0.05944767643 2
0 0.015 -0.095 -0.06249055946 2
0 0.015 -0.085 -0.06528173236 2
0 0.015 -0.075 -0.06781034845 2
0 0.015 -0.065 -0.07006698888 2
0 0.015 -0.055 -0.07204357831 2
0 0.015 -0.045 -0.07373338204 2
0 0.015 -0.035 -0.07513064476 2
0 0.015 -0.025 -0.07623032491 2
0 0.015 -0.015 -0.0770276203 2
0 0.015 -0.005 -0.07751531498 2
0 0.015 0.005 -0.07768177119 2
0 0.015 0.015 -0.07750800048 2
0 0.015 0.025 -0.07697413689 2
0 0.015 0.035 -0.07605233488 2
0 0.015 0.045 -0.07472999944 2
0 0.015 0.055 -0.07299090623 2
0 0.015 0.065 -0.07085300822 2
0 0.015 0.075 -0.06833564121 2
0 0.015 0.085 -0.06549125635 2
0 0.015 0.095 -0.06236437369 2
0 0.015 0.105 -0.0590255099 2
0 0.015 0.115 -0.05551669221 2
0 0.015 0.125 -0.05191309037 2
0 0.015 0.135 -0.04823509461 2
0 0.015 0.145 -0.04441518586 2
0 0.015 0.155 -0.04015904929 2
0 0.015 0.165 -0.03531435908 2
0 0.015 0.175 -0.02995965545 2
0 0.015 0.185 -0.02438210899 1
0 0.015 0.195 -0.01897542653 1
0 0.015 0.205 -0.01387219946 1
0 0.015 0.215 -0.009121300756 1
0 0.015 0.225 -0.004604950541 1
0 0.015 0.235 -0.0002858545521 1
0 0.015 0.245 0.003915001421 1
0 0.015 0.255 0.008232958389 1
0 0.015 0.265 0.0126233559 1
0 0.015 0.275 0.01725849463 2
0 0.015 0.285 0.02173657434 2
0 0.015 0.295 0.02614941491 2
0 0.015 0.305 0.03051109801 2
0 0.015 0.315 0.03491150138 2
0 0.015 0.325 0.03930657988 2
0 0.015 0.335 0.04366470236 2
0 0.015 0.345 0.04788570235 2
0 0.015 0.355 0.0519008003 2
0 0.015 0.365 0.05553717945 2
0 0.015 0.375 0.05868066356 2
0 0.015 0.385 0.061154695 2
0 0.015 0.395 0.06290361958 2
0 0.015 0.405 0.06385098527 2
0 0.015 0.415 0.0640512341 2
0 0.015 0.425 0.0634866571 2
0 0.015 0.435 0.06218856044 2
0 0.015 0.445 0.06012920801 2
0 0.015 0.455 0.0572418219 2
0 0.015 0.465 0.05353890483 2
0 0.015 0.475 0.04860016452 2
0 0.015 0.485 0.04360698963 2
0 0.015 0.495 0.0345039223 2
0 0.015 0.505 0.01998170894 2
0 0.015 0.515 0.00790264983 2
0 0.015 0.525 0 2
0 0.015 0.535 0 2
0 0.015 0.545 0 2
0 0.015 0.555 0 2
0 0.015 0.565 0 2
0 0.025 -0.555 0 2
0 0.025 -0.545 0 2
0 0.025 -0.535 0 2
0 0.025 -0.525 0 2
0 0.025 -0.515 0.008087449269 2
0 0.025 -0.505 0.02011259118 2
0 0.025 -0.495 0.03316629145 2
0 0.025 -0.485 0.04035228768 2
0 0.025 -0.475 0.04288740815 2
0 0.025 -0.465 0.04636126756 2
0 0.025 -0.455 0.0487663644 2
0 0.025 -0.445 0.05060855365 2
0 0.025 -0.435 0.05183473428 2
0 0.025 -0.425 0.05247287094 2
0 0.025 -0.415 0.05239113801 2
0 0.025 -0.405 0.05125673293 2
0 0.025 -0.395 0.04878517203 2
0 0.025 -0.385 0.04545179932 2
0 0.025 -0.375 0.04165374412 1
0 0.025 -0.365 0.03862302191 1
0 0.025 -0.355 0.03636863357 1
0 0.025 -0.345 0.03450825813 1
0 0.025 -0.335 0.03267026098 2
0 0.025 -0.325 0.03032440598 2
0 0.025 -0.315 0.0275013868 2
0 0.025 -0.305 0.02412979833 2
0 0.025 -0.295 0.02042280106 2
0 0.025 -0.285 0.01656355999 2
0 0.025 -0.275 0.01264084312 2
0 0.025 -0.265 0.008659368913 2
0 0.025 -0.255 0.00460957877 2
0 0.025 -0.245 0.000485709646 2
0 0.025 -0.235 -0.003697625059 2
0 0.025 -0.225 -0.007918609415 2
0 0.025 -0.215 -0.01215335855 2
0 0.025 -0.205 -0.0163775277 2
0 0.025 -0.195 -0.02056715705 2
0 0.025 -0.185 -0.0246990442 2
0 0.025 -0.175 -0.02875096175 2
0 0.025 -0.165 -0.03270177236 2
0 0.025 -0.155 -0.03653149692 2
0 0.025 -0.145 -0.04022135417 2
0 0.025 -0.135 -0.04375378515 2
0 0.025 -0.125 -0.04711246897 2
0 0.025 -0.115 -0.05028233317 2
0 0.025 -0.105 -0.05324956075 2
0 0.025 -0.095 -0.05600159079 2
0 0.025 -0.085 -0.05852711744 2
0 0.025 -0.075 -0.06081606369 2
0 0.025 -0.065 -0.06285958211 2
0 0.025 -0.055 -0.06464991631 2
0 0.025 -0.045 -0.06618055474 2
0 0.025 -0.035 -0.06744557541 2
0 0.025 -0.025 -0.06844063881 2
0 0.025 -0.015 -0.06916124548 2
0 0.025 -0.005 -0.06959944518 2
0 0.025 0.005 -0.06975817697 2
0 0.025 0.015 -0.06962182915 2
0 0.025 0.025 -0.06917472652 2
0 0.025 0.035 -0.06836343369 2
0 0.025 0.045 -0.06718472722 2
0 0.025 0.055 -0.06558838694 2
0 0.025 0.065 -0.06360950875 2
0 0.025 0.075 -0.06124343298 2
0 0.025 0.085 -0.05858417186 2
0 0.025 0.095 -0.05566615737 2
0 0.025 0.105 -0.05259111927 2
0 0.025 0.115 -0.04936868862 2
0 0.025 0.125 -0.04609928688 2
0 0.025 0.135 -0.04270967829 2
0 0.025 0.145 -0.03903501357 2
0 0.025 0.155 -0.03468681665 2
0 0.025 0.165 -0.02975440378 2
0 0.025 0.175 -0.02435950342 1
0 0.025 0.185 -0.01928273335 1
0 0.025 0.195 -0.01476573663 1
0 0.025 0.205 -0.01076379327 1
0 0.025 0.215 -0.007084132459 1
0 0.025 0.225 -0.003470213062 1
0 0.025 0.235 5.524882404e-05 1
0 0.025 0.245 0.003491238365 1
0 0.025 0.255 0.007065880403 1
0 0.025 0.265 0.01091200653 1
0 0.025 0.275 0.01511420588 2
0 0.025 0.285 0.01926853464 2
0 0.025 0.295 0.02333594841 2
0 0.025 0.305 0.02732984392 2
0 0.025 0.315 0.03131222702 2
0 0.025 0.325 0.03524979314 2
0 0.025 0.335 0.03917180869 2
0 0.025 0.345 0.04295019793 2
0 0.025 0.355 0.0465949212 2
0 0.025 0.365 0.04987649356 2
0 0.025 0.375 0.05275870438 2
0 0.025 0.385 0.05504753264 2
0 0.025 0.395 0.05672272798 2
0 0.025 0.405 0.057636116 2
0 0.025 0.415 0.05787813805 2
0 0.025 0.425 0.05743066607 2
0 0.025 0.435 0.05636131557 2
0 0.025 0.445 0.0546961051 2
0 0.025 0.455 0.05237631883 2
0 0.025 0.465 0.04950980397 2
0 0.025 0.475 0.04556281329 2
0 0.025 0.485 0.04272918516 2
0 0.025 0.495 0.0350298034 2
0 0.025 0.505 0.02125989852 2
0 0.025 0.515 0.008522325323 2
0 0.025 0.525 0 2
0 0.025 0.535 0 2
0 0.025 0.545 0 2
0 0.025 0.555 0 2
0 0.025 0.565 0 2
0 0.035 -0.555 0 2
0 0.035 -0.545 0 2
0 0.035 -0.535 0 2
0 0.035 -0.525 0 2
0 0.035 -0.515 0.008523697423 2
0 0.035 -0.505 0.02123283605 2
0 0.035 -0.495 0.0344495976 2
0 0.035 -0.485 0.04133030195 2
0 0.035 -0.475 0.04298440739 2
0 0.035 -0.465 0.04586826131 2
0 0.035 -0.455 0.04774742468 2
0 0.035 -0.445 0.04922225232 2
0 0.035 -0.435 0.05017181572 2
0 0.035 -0.425 0.05052481164 2
0 0.035 -0.415 0.04994114765 2
0 0.035 -0.405 0.04812115961 2
0 0.035 -0.395 0.0453233308 2
0 0.035 -0.385 0.04203124906 1
0 0.035 -0.375 0.03925286799 1
0 0.035 -0.365 0.03711901147 1
0 0.035 -0.355 0.03579761082 2
0 0.035 -0.345 0.03445716612 2
0 0.035 -0.335 0.03287510583 2
0 0.035 -0.325 0.03044928569 2
0 0.035 -0.315 0.02738345524 2
0 0.035 -0.305 0.02381535723 2
0 0.035 -0.295 0.02009968227 2
0 0.035 -0.285 0.01635727125 2
0 0.035 -0.275 0.01258466796 2
0 0.035 -0.265 0.008752982479 2
0 0.035 -0.255 0.004848412842 2
0 0.035 -0.245 0.0008699975871 2
0 0.035 -0.235 -0.003165277493 2
0 0.035 -0.225 -0.007237002811 2
0 0.035 -0.215 -0.01132237075 2
0 0.035 -0.205 -0.0153980128 2
0 0.035 -0.195 -0.0194408832 2
0 0.035 -0.185 -0.02342864089 2
0 0.035 -0.175 -0.02733986874 2
0 0.035 -0.165 -0.03115418458 2
0 0.035 -0.155 -0.03485230662 2
0 0.035 -0.145 -0.038416092 2
0 0.035 -0.135 -0.0418285611 2
0 0.035 -0.125 -0.04507391331 2
0 0.035 -0.115 -0.04813753687 2
0 0.035 -0.105 -0.05100601431 2
0 0.035 -0.095 -0.05366711964 2
0 0.035 -0.085 -0.05610981451 2
0 0.035 -0.075 -0.05832421192 2
0 0.035 -0.065 -0.06030159117 2
0 0.035 -0.055 -0.0620342064 2
0 0.035 -0.045 -0.06351566577 2
0 0.035 -0.035 -0.0647397335 2
0 0.035 -0.025 -0.06570366955 2
0 0.035 -0.015 -0.0664012137 2
0 0.035 -0.005 -0.0668370746 2
0 0.035 0.005 -0.06701596054 2
0 0.035 0.015 -0.06689962858 2
0 0.035 0.025 -0.06644162696 2
0 0.035 0.035 -0.06557899392 2
0 0.035 0.045 -0.06434897645 2
0 0.035 0.055 -0.06268942394 2
0 0.035 0.065 -0.06070362773 2
0 0.035 0.075 -0.058360092 2
0 0.035 0.085 -0.05577856369 2
0 0.035 0.095 -0.05293048989 2
0 0.035 0.105 -0.0499649381 2
0 0.035 0.115 -0.04682257679 2
0 0.035 0.125 -0.04362857333 2
0 0.035 0.135 -0.04024084271 2
0 0.035 0.145 -0.0364038734 2
0 0.035 0.155 -0.03182933246 2
0 0.035 0.165 -0.02674265 2
0 0.035 0.175 -0.02152575706 1
0 0.035 0.185 -0.01696808192 1
0 0.035 0.195 -0.01303482189 1
0 0.035 0.205 -0.009564690098 1
0 0.035 0.215 -0.006242821955 1
0 0.035 0.225 -0.002933554558 1
0 0.035 0.235 0.0002759615239 1
0 0.035 0.245 0.003439008639 1
0 0.035 0.255 0.006754154897 1
0 0.035 0.265 0.01047747208 2
0 0.035 0.275 0.01439030596 2
0 0.035 0.285 0.01834887053 2
0 0.035 0.295 0.02222056299 2
0 0.035 0.305 0.02607438176 2
0 0.035 0.315 0.02989131683 2
0 0.035 0.325 0.03362599438 2
0 0.035 0.335 0.03729929443 2
0 0.035 0.345 0.04069766219 2
0 0.035 0.355 0.04388990822 2
0 0.035 0.365 0.04676325146 2
0 0.035 0.375 0.049430563 2
0 0.035 0.385 0.0517811908 2
0 0.035 0.395 0.05375317996 2
0 0.035 0.405 0.05516311067 2
0 0.035 0.415 0.05583209062 2
0 0.035 0.425 0.0556663266 2
0 0.035 0.435 0.05470773074 2
0 0.035 0.445 0.05320235453 2
0 0.035 0.455 0.05114910256 2
0 0.035 0.465 0.04880776046 2
0 0.035 0.475 0.04549424513 2
0 0.035 0.485 0.04363370526 2
0 0.035 0.495 0.03630829035 2
0 0.035 0.505 0.02240631448 2
0 0.035 0.515 0.008974418734 2
0 0.035 0.525 0 2
0 0.035 0.535 0 2
0 0.035 0.545 0 2
0 0.035 0.555 0 2
0 0.035 0.565 0 2
0 0.045 -0.555 0 2
0 0.045 -0.545 0 2
0 0.045 -0.535 0 2
0 0.045 -0.525 0 2
0 0.045 -0.515 0.00884471068 2
0 0.045 -0.505 0.02203036167 2
0 0.045 -0.495 0.03529100127 2
0 0.045 -0.485 0.04180919778 2
0 0.045 -0.475 0.04261623044 2
0 0.045 -0.465 0.0448693657 2
0 0.045 -0.455 0.04616644453 2
0 0.045 -0.445 0.04718987607 2
0 0.045 -0.435 0.04776306432 2
0 0.045 -0.425 0.04772337039 2
0 0.045 -0.415 0.04655625081 2
0 0.045 -0.405 0.04409547799 2
0 0.045 -0.395 0.04072583296 1
0 0.045 -0.385 0.03755366894 1
0 0.045 -0.375 0.03543030989 1
0 0.045 -0.365 0.0340352856 1
0 0.045 -0.355 0.03310251122 1
0 0.045 -0.345 0.03199959376 1
0 0.045 -0.335 0.03060307025 2
0 0.045 -0.325 0.02855105063 2
0 0.045 -0.315 0.0258535046 2
0 0.045 -0.305 0.02269025449 2
0 0.045 -0.295 0.01928999675 2
0 0.045 -0.285 0.01584698633 2
0 0.045 -0.275 0.01234754995 2
0 0.045 -0.265 0.008754840888 2
0 0.045 -0.255 0.005072835442 2
0 0.045 -0.245 0.001316094703 2
0 0.045 -0.235 -0.00249751309 2
0 0.045 -0.225 -0.00634674276 2
0 0.045 -0.215 -0.01020932936 2
0 0.045 -0.205 -0.01406289787 2
0 0.045 -0.195 -0.0178855915 2
0 0.045 -0.185 -0.02165631538 2
0 0.045 -0.175 -0.02535488368 2
0 0.045 -0.165 -0.02896209543 2
0 0.045 -0.155 -0.03245978045 2
0 0.045 -0.145 -0.03583082909 2
0 0.045 -0.135 -0.03905921231 2
0 0.045 -0.125 -0.04212999581 2
0 0.045 -0.115 -0.04502934881 2
0 0.045 -0.105 -0.04774454867 2
0 0.045 -0.095 -0.05026397597 2
0 0.045 -0.085 -0.0525771098 2
0 0.045 -0.075 -0.0546744831 2
0 0.045 -0.065 -0.05654771127 2
0 0.045 -0.055 -0.05818923493 2
0 0.045 -0.045 -0.05959290988 2
0 0.045 -0.035 -0.06075205291 2
0 0.045 -0.025 -0.06166555087 2
0 0.045 -0.015 -0.06232179299 2
0 0.045 -0.005 -0.06274607223 2
0 0.045 0.005 -0.06290828978 2
0 0.045 0.015 -0.06273451626 2
0 0.045 0.025 -0.06202329359 2
0 0.045 0.035 -0.06072745256 2
0 0.045 0.045 -0.058983635 2
0 0.045 0.055 -0.0570079927 2
0 0.045 0.065 -0.0549622009 2
0 0.045 0.075 -0.05287028189 2
0 0.045 0.085 -0.05073964649 2
0 0.045 0.095 -0.04842650973 2
0 0.045 0.105 -0.04592650552 2
0 0.045 0.115 -0.04310223199 2
0 0.045 0.125 -0.04011828369 2
0 0.045 0.135 -0.03684686893 2
0 0.045 0.145 -0.03295718002 2
0 0.045 0.155 -0.02837468074 2
0 0.045 0.165 -0.02330434657 1
0 0.045 0.175 -0.01864361735 1
0 0.045 0.185 -0.01468684407 1
0 0.045 0.195 -0.01139294509 1
0 0.045 0.205 -0.008387347917 1
0 0.045 0.215 -0.005415431127 1
0 0.045 0.225 -0.002497664436 1
0 0.045 0.235 0.0003361222148 1
0 0.045 0.245 0.00323930046 1
0 0.045 0.255 0.006383877487 1
0 0.045 0.265 0.009877637007 2
0 0.045 0.275 0.01343865949 2
0 0.045 0.285 0.01708589082 2
0 0.045 0.295 0.0206840721 2
0 0.045 0.305 0.02425864259 2
0 0.045 0.315 0.02771680725 2
0 0.045 0.325 0.03097745108 2
0 0.045 0.335 0.03394023045 2
0 0.045 0.345 0.03653109046 2
0 0.045 0.355 0.03883529487 2
0 0.045 0.365 0.0410630786 2
0 0.045 0.375 0.04330555771 2
0 0.045 0.385 0.04568380583 2
0 0.045 0.395 0.0480564161 2
0 0.045 0.405 0.05038603414 2
0 0.045 0.415 0.05201023933 2
0 0.045 0.425 0.05269631598 2
0 0.045 0.435 0.05223881389 2
0 0.045 0.445 0.05111310653 2
0 0.045 0.455 0.04945981607 2
0 0.045 0.465 0.04769552298 2
0 0.045 0.475 0.0450124694 2
0 0.045 0.485 0.04400980979 2
0 0.045 0.495 0.0370682176 2
0 0.045 0.505 0.02315982909 2
0 0.045 0.515 0.009276222351 2
0 0.045 0.525 0 2
0 0.045 0.535 0 2
0 0.045 0.545 0 2
0 0.045 0.555 0 2
0 0.045 0.565 0 2
0 0.055 -0.555 0 2
0 0.055 -0.545 0 2
0 0.055 -0.535 0 2
0 0.055 -0.525 0 2
0 0.055 -0.515 0.009189996419 2
0 0.055 -0.505 0.02290652672 2
0 0.055 -0.495 0.0363544177 2
0 0.055 -0.485 0.04268644476 2
0 0.055 -0.475 0.04284987727 2
0 0.055 -0.465 0.04460802083 2
0 0.055 -0.455 0.04539788794 2
0 0.055 -0.445 0.04598698726 2
0 0.055 -0.435 0.04616772772 2
0 0.055 -0.425 0.04575645708 2
0 0.055 -0.415 0.04414167334 2
0 0.055 -0.405 0.04127915899 2
0 0.055 -0.395 0.03752805567 1
0 0.055 -0.385 0.03455506666 1
0 0.055 -0.375 0.03258973451 1
0 0.055 -0.365 0.03144947564 1
0 0.055 -0.355 0.03031772531 1
0 0.055 -0.345 0.02903809654 1
0 0.055 -0.335 0.02765494064 1
0 0.055 -0.325 0.02614767065 2
0 0.055 -0.315 0.02415248967 2
0 0.055 -0.305 0.02160158865 2
0 0.055 -0.295 0.01865992188 2
0 0.055 -0.285 0.01553749127 2
0 0.055 -0.275 0.01228916802 2
0 0.055 -0.265 0.00890373761 2
0 0.055 -0.255 0.005404115375 2
0 0.055 -0.245 0.001820727754 2
0 0.055 -0.235 -0.001822932667 2
0 0.055 -0.225 -0.005502514475 2
0 0.055 -0.215 -0.00919513444 2
0 0.055 -0.205 -0.01287876782 2
0 0.055 -0.195 -0.01653233397 2
0 0.055 -0.185 -0.02013569543 2
0 0.055 -0.175 -0.02366966815 2
0 0.055 -0.165 -0.02711603984 2
0 0.055 -0.155 -0.03045758324 2
0 0.055 -0.145 -0.03367807148 2
0 0.055 -0.135 -0.03676229078 2
0 0.055 -0.125 -0.03969605184 2
0 0.055 -0.115 -0.04246619787 2
0 0.055 -0.105 -0.04506060969 2
0 0.055 -0.095 -0.04746820164 2
0 0.055 -0.085 -0.04967891956 2
0 0.055 -0.075 -0.05168369278 2
0 0.055 -0.065 -0.05347447727 2
0 0.055 -0.055 -0.05504393688 2
0 0.055 -0.045 -0.05638619709 2
0 0.055 -0.035 -0.05749412453 2
0 0.055 -0.025 -0.05836787823 2
0 0.055 -0.015 -0.05898847137 2
0 0.055 -0.005 -0.05940738839 2
0 0.055 0.005 -0.05950063484 2
0 0.055 0.015 -0.05903331851 2
0 0.055 0.025 -0.05759022948 2
0 0.055 0.035 -0.05533552744 2
0 0.055 0.045 -0.05265313892 2
0 0.055 0.055 -0.05023113853 2
0 0.055 0.065 -0.04812445144 2
0 0.055 0.075 -0.04638700221 2
0 0.055 0.085 -0.04478944526 2
0 0.055 0.095 -0.04327980985 2
0 0.055 0.105 -0.04156105597 2
0 0.055 0.115 -0.03946633015 2
0 0.055 0.125 -0.03694172531 2
0 0.055 0.135 -0.03393827106 2
0 0.055 0.145 -0.03020838227 2
0 0.055 0.155 -0.02581285186 2
0 0.055 0.165 -0.02094797404 1
0 0.055 0.175 -0.01669633583 1
0 0.055 0.185 -0.01312621858 1
0 0.055 0.195 -0.0102389369 1
0 0.055 0.205 -0.007572057054 1
0 0.055 0.215 -0.004924397827 1
0 0.055 0.225 -0.00230947367 1
0 0.055 0.235 0.0003295518346 1
0 0.055 0.245 0.003124207012 1
0 0.055 0.255 0.006176841357 2
0 0.055 0.265 0.009437129963 2
0 0.055 0.275 0.01276222394 2
0 0.055 0.285 0.01613755073 2
0 0.055 0.295 0.01947573655 2
0 0.055 0.305 0.02270926199 2
0 0.055 0.315 0.02565049056 2
0 0.055 0.325 0.02821365009 2
0 0.055 0.335 0.03022577604 2
0 0.055 0.345 0.03196322612 2
0 0.055 0.355 0.03343038411 1
0 0.055 0.365 0.03509613297 1
0 0.055 0.375 0.03691259214 1
0 0.055 0.385 0.03925074638 1
0 0.055 0.395 0.04208971336 1
0 0.055 0.405 0.04544260172 2
0 0.055 0.415 0.04830752997 2
0 0.055 0.425 0.05009742905 2
0 0.055 0.435 0.05039922181 2
0 0.055 0.445 0.0497220945 2
0 0.055 0.455 0.04845917661 2
0 0.055 0.465 0.04717738932 2
0 0.055 0.475 0.04497286624 2
0 0.055 0.485 0.0445983175 2
0 0.055 0.495 0.03788163472 2
0 0.055 0.505 0.0238776248 2
0 0.055 0.515 0.009558568549 2
0 0.055 0.525 0 2
0 0.055 0.535 0 2
0 0.055 0.545 0 2
0 0.055 0.555 0 2
0 0.055 0.565 0 2
0 0.065 -0.555 0 2
0 0.065 -0.545 0 2
0 0.065 -0.535 0 2
0 0.065 -0.525 0 2
0 0.065 -0.515 0.009554676296 2
0 0.065 -0.505 0.02383923277 2
0 0.065 -0.495 0.03752539689 2
0 0.065 -0.485 0.04372236884 2
0 0.065 -0.475 0.04328112887 2
0 0.065 -0.465 0.04457295722 2
0 0.065 -0.455 0.04486346257 2
0 0.065 -0.445 0.04501600208 2
0 0.065 -0.435 0.0448073375 2
0 0.065 -0.425 0.04411204285 2
0 0.065 -0.415 0.04228086067 2
0 0.065 -0.405 0.03929142202 2
0 0.065 -0.395 0.0355182035 1
0 0.065 -0.385 0.03266042548 1
0 0.065 -0.375 0.03072138107 1
0 0.065 -0.365 0.02955435264 1
0 0.065 -0.355 0.02816129851 1
0 0.065 -0.345 0.02660063212 1
0 0.065 -0.335 0.02507979868 1
0 0.065 -0.325 0.02383175298 1
0 0.065 -0.315 0.0225292367 2
0 0.065 -0.305 0.02063527805 2
0 0.065 -0.295 0.01820368434 2
0 0.065 -0.285 0.01537305283 2
0 0.065 -0.275 0.01234033304 2
0 0.065 -0.265 0.0091443994 2
0 0.065 -0.255 0.005811181212 2
0 0.065 -0.245 0.002386607199 2
0 0.065 -0.235 -0.00109985708 2
0 0.065 -0.225 -0.004621465571 2
0 0.065 -0.215 -0.008154815401 2
0 0.065 -0.205 -0.01167833111 2
0 0.065 -0.195 -0.01517175956 2
0 0.065 -0.185 -0.01861597232 2
0 0.065 -0.175 -0.02199282968 2
0 0.065 -0.165 -0.02528514747 2
0 0.065 -0.155 -0.02847667773 2
0 0.065 -0.145 -0.03155211063 2
0 0.065 -0.135 -0.03449708037 2
0 0.065 -0.125 -0.03729817453 2
0 0.065 -0.115 -0.03994294244 2
0 0.065 -0.105 -0.04241990259 2
0 0.065 -0.095 -0.04471854172 2
0 0.065 -0.085 -0.04682931857 2
0 0.065 -0.075 -0.0487436179 2
0 0.065 -0.065 -0.05045380748 2
0 0.065 -0.055 -0.05195287312 2
0 0.065 -0.045 -0.05323525868 2
0 0.065 -0.035 -0.05429351108 2
0 0.065 -0.025 -0.05512807551 2
0 0.065 -0.015 -0.05571257186 2
0 0.065 -0.005 -0.0561062692 2
0 0.065 0.005 -0.05607779483 2
0 0.065 0.015 -0.05512271229 2
0 0.065 0.025 -0.05276398082 2
0 0.065 0.035 -0.04928278783 2
0 0.065 0.045 -0.04557073627 1
0 0.065 0.055 -0.04264399606 1
0 0.065 0.065 -0.04058148359 1
0 0.065 0.075 -0.03922016497 1
0 0.065 0.085 -0.03813357988 1
0 0.065 0.095 -0.03736953595 2
0 0.065 0.105 -0.03645562583 2
0 0.065 0.115 -0.0353065278 2
0 0.065 0.125 -0.03357180941 2
0 0.065 0.135 -0.03114806309 2
0 0.065 0.145 -0.0278654894 2
0 0.065 0.155 -0.02382697044 2
0 0.065 0.165 -0.01945784685 1
0 0.065 0.175 -0.01549911288 1
0 0.065 0.185 -0.01224481752 1
0 0.065 0.195 -0.009553667582 1
0 0.065 0.205 -0.007069605425 1
0 0.065 0.215 -0.004601391391 1
0 0.065 0.225 -0.002150493842 1
0 0.065 0.235 0.0003876170087 1
0 0.065 0.245 0.003135067326 2
0 0.065 0.255 0.006071032511 2
0 0.065 0.265 0.009116133795 2
0 0.065 0.275 0.01223879842 2
0 0.065 0.285 0.01535770188 2
0 0.065 0.295 0.01837043272 2
0 0.065 0.305 0.02111620113 2
0 0.065 0.315 0.02337440873 2
0 0.065 0.325 0.02516839879 2
0 0.065 0.335 0.02649033666 1
0 0.065 0.345 0.0277905992 1
0 0.065 0.355 0.02902140361 1
0 0.065 0.365 0.03049123921 1
0 0.065 0.375 0.03209968795 1
0 0.065 0.385 0.03419397582 1
0 0.065 0.395 0.03714568278 1
0 0.065 0.405 0.04096940348 1
0 0.065 0.415 0.04492508903 2
0 0.065 0.425 0.04763025592 2
0 0.065 0.435 0.0487055228 2
0 0.065 0.445 0.04851223863 2
0 0.065 0.455 0.04765990226 2
0 0.065 0.465 0.04682086873 2
0 0.065 0.475 0.04503589794 2
0 0.065 0.485 0.04520266458 2
0 0.065 0.495 0.03866151419 2
0 0.065 0.505 0.02454519769 2
0 0.065 0.515 0.009820446084 2
0 0.065 0.525 0 2
0 0.065 0.535 0 2
0 0.065 0.545 0 2
0 0.065 0.555 0 2
0 0.065 0.565 0 2
0 0.075 -0.555 0 2
0 0.075 -0.545 0 2
0 0.075 -0.535 0 2
0 0.075 -0.525 0 2
0 0.075 -0.515 0.009962254267 2
0 0.075 -0.505 0.0248946869 2
0 0.075 -0.495 0.03890782664 2
0 0.075 -0.485 0.04508167581 2
0 0.075 -0.475 0.04410514093 2
0 0.075 -0.465 0.044985322 2
0 0.075 -0.455 0.04476981612 2
0 0.075 -0.445 0.04446758752 2
0 0.075 -0.435 0.04386620895 2
0 0.075 -0.425 0.0429225582 2
0 0.075 -0.415 0.04109565811 2
0 0.075 -0.405 0.0382052598 2
0 0.075 -0.395 0.03459080275 1
0 0.075 -0.385 0.03164320355 1
0 0.075 -0.375 0.02960819779 1
0 0.075 -0.365 0.02831710442 1
0 0.075 -0.355 0.02692693375 1
0 0.075 -0.345 0.02526439804 1
0 0.075 -0.335 0.02363026842 1
0 0.075 -0.325 0.02235642146 1
0 0.075 -0.315 0.02136942641 2
0 0.075 -0.305 0.02003469192 2
0 0.075 -0.295 0.01803211996 2
0 0.075 -0.285 0.01544242326 2
0 0.075 -0.275 0.01257075647 2
0 0.075 -0.265 0.009514413998 2
0 0.075 -0.255 0.006310424773 2
0 0.075 -0.245 0.003013296127 2
0 0.075 -0.235 -0.0003430379998 2
0 0.075 -0.225 -0.003731523702 2
0 0.075 -0.215 -0.007128834771 2
0 0.075 -0.205 -0.01051425694 2
0 0.075 -0.195 -0.01386851914 2
0 0.075 -0.185 -0.01717357014 2
0 0.075 -0.175 -0.02041233202 2
0 0.075 -0.165 -0.02356864473 2
0 0.075 -0.155 -0.02662722519 2
0 0.075 -0.145 -0.02957366222 2
0 0.075 -0.135 -0.03239441889 2
0 0.075 -0.125 -0.03507684186 2
0 0.075 -0.115 -0.03760917182 2
0 0.075 -0.105 -0.03998055509 2
0 0.075 -0.095 -0.0421810487 2
0 0.075 -0.085 -0.0442016333 2
0 0.075 -0.075 -0.04603417717 2
0 0.075 -0.065 -0.04767151277 2
0 0.075 -0.055 -0.04910706766 2
0 0.075 -0.045 -0.05033576953 2
0 0.075 -0.035 -0.05135044163 2
0 0.075 -0.025 -0.05215214406 2
0 0.075 -0.015 -0.05271214076 2
0 0.075 -0.005 -0.05308905525 2
0 0.075 0.005 -0.05298763149 2
0 0.075 0.015 -0.0516142479 2
0 0.075 0.025 -0.0485543531 2
0 0.075 0.035 -0.04406753658 1
0 0.075 0.045 -0.03990225252 1
0 0.075 0.055 -0.0368747898 1
0 0.075 0.065 -0.03506229358 1
0 0.075 0.075 -0.03384590185 1
0 0.075 0.085 -0.03282455156 1
0 0.075 0.095 -0.03210705033 1
0 0.075 0.105 -0.0315716903 1
0 0.075 0.115 -0.03111882792 2
0 0.075 0.125 -0.03021434828 2
0 0.075 0.135 -0.02851742918 2
0 0.075 0.145 -0.02586056009 2
0 0.075 0.155 -0.02235219853 2
0 0.075 0.165 -0.01857629172 2
0 0.075 0.175 -0.01492539061 1
0 0.075 0.185 -0.01184134572 1
0 0.075 0.195 -0.009167274887 1
0 0.075 0.205 -0.006745011298 1
0 0.075 0.215 -0.004383292782 1
0 0.075 0.225 -0.001978194267 2
0 0.075 0.235 0.0005984059787 2
0 0.075 0.245 0.003335487943 2
0 0.075 0.255 0.006154913663 2
0 0.075 0.265 0.009060125463 2
0 0.075 0.275 0.01199713393 2
0 0.075 0.285 0.01485935834 2
0 0.075 0.295 0.01745514482 2
0 0.075 0.305 0.01962026309 2
0 0.075 0.315 0.02125173518 2
0 0.075 0.325 0.02253947256 1
0 0.075 0.335 0.0237620759 1
0 0.075 0.345 0.02513520039 1
0 0.075 0.355 0.0266084388 1
0 0.075 0.365 0.02813378792 1
0 0.075 0.375 0.02968579827 1
0 0.075 0.385 0.03149118397 1
0 0.075 0.395 0.03433418753 1
0 0.075 0.405 0.03816782152 1
0 0.075 0.415 0.04265147953 2
0 0.075 0.425 0.04585023452 2
0 0.075 0.435 0.0474377034 2
0 0.075 0.445 0.04763804075 2
0 0.075 0.455 0.04716530719 2
0 0.075 0.465 0.04671247633 2
0 0.075 0.475 0.04528340631 2
0 0.075 0.485 0.04591625342 2
0 0.075 0.495 0.03949523593 2
0 0.075 0.505 0.02522536597 2
0 0.075 0.515 0.01008619299 2
0 0.075 0.525 0 2
0 0.075 0.535 0 2
0 0.075 0.545 0 2
0 0.075 0.555 0 2
0 0.075 0.565 0 2
0 0.085 -0.555 0 2
0 0.085 -0.545 0 2
0 0.085 -0.535 0 2
0 0.085 -0.525 0 2
0 0.085 -0.515 0.01039753585 2
0 0.085 -0.505 0.02607937422 2
0 0.085 -0.495 0.04047058535 2
0 0.085 -0.485 0.04668515368 2
0 0.085 -0.475 0.04511619989 2
0 0.085 -0.465 0.04551419802 2
0 0.085 -0.455 0.04467957528 2
0 0.085 -0.445 0.04385297746 2
0 0.085 -0.435 0.04287598769 2
0 0.085 -0.425 0.04175801285 2
0 0.085 -0.415 0.04011384436 2
0 0.085 -0.405 0.03746054879 2
0 0.085 -0.395 0.03415772339 1
0 0.085 -0.385 0.03106634743 1
0 0.085 -0.375 0.02895914014 1
0 0.085 -0.365 0.02752867128 1
0 0.085 -0.355 0.02622116228 1
0 0.085 -0.345 0.02461314054 1
0 0.085 -0.335 0.0229431729 1
0 0.085 -0.325 0.02166817371 1
0 0.085 -0.315 0.02076505871 1
0 0.085 -0.305 0.01987053395 2
0 0.085 -0.295 0.01818516133 2
0 0.085 -0.285 0.01578903132 2
0 0.085 -0.275 0.01299731893 2
0 0.085 -0.265 0.01001236467 2
0 0.085 -0.255 0.006897645991 2
0 0.085 -0.245 0.003698214588 2
0 0.085 -0.235 0.000448910518 2
0 0.085 -0.225 -0.00282628103 2
0 0.085 -0.215 -0.006105332514 2
0 0.085 -0.205 -0.009369088168 2
0 0.085 -0.195 -0.01259956261 2
0 0.085 -0.185 -0.01577993365 2
0 0.085 -0.175 -0.01889425561 2
0 0.085 -0.165 -0.02192742533 2
0 0.085 -0.155 -0.02486513798 2
0 0.085 -0.145 -0.02769388469 2
0 0.085 -0.135 -0.03040095612 2
0 0.085 -0.125 -0.03297445467 2
0 0.085 -0.115 -0.03540330893 2
0 0.085 -0.105 -0.03767729108 2
0 0.085 -0.095 -0.0397870302 2
0 0.085 -0.085 -0.04172403684 2
0 0.085 -0.075 -0.04348068385 2
0 0.085 -0.065 -0.04505030667 2
0 0.085 -0.055 -0.04642687059 2
0 0.085 -0.045 -0.0476059115 2
0 0.085 -0.035 -0.04858102963 2
0 0.085 -0.025 -0.04935400892 2
0 0.085 -0.015 -0.04989768777 2
0 0.085 -0.005 -0.05026693762 2
0 0.085 0.005 -0.05017999099 2
0 0.085 0.015 -0.04877281829 2
0 0.085 0.025 -0.0456267688 2
0 0.085 0.035 -0.04092085758 1
0 0.085 0.045 -0.03662974757 1
0 0.085 0.055 -0.03356257579 1
0 0.085 0.065 -0.03189508637 1
0 0.085 0.075 -0.03072590868 1
0 0.085 0.085 -0.02965150616 1
0 0.085 0.095 -0.02863092907 1
0 0.085 0.105 -0.02791640398 1
0 0.085 0.115 -0.02758708573 1
0 0.085 0.125 -0.0271710593 2
0 0.085 0.135 -0.02598426942 2
0 0.085 0.145 -0.0237047025 2
0 0.085 0.155 -0.02070142045 2
0 0.085 0.165 -0.01753878501 2
0 0.085 0.175 -0.01445625324 2
0 0.085 0.185 -0.0115892519 2
0 0.085 0.195 -0.008898629636 2
0 0.085 0.205 -0.006402658876 2
0 0.085 0.215 -0.003941961426 2
0 0.085 0.225 -0.001493158812 2
0 0.085 0.235 0.001016266864 2
0 0.085 0.245 0.003664463547 2
0 0.085 0.255 0.006446822921 2
0 0.085 0.265 0.009286797853 2
0 0.085 0.275 0.01206303726 2
0 0.085 0.285 0.01466503039 2
0 0.085 0.295 0.01683162939 2
0 0.085 0.305 0.01841255387 2
0 0.085 0.315 0.01959925352 1
0 0.085 0.325 0.02078687788 1
0 0.085 0.335 0.02233070159 1
0 0.085 0.345 0.02403233337 1
0 0.085 0.355 0.02579548622 1
0 0.085 0.365 0.02748824365 1
0 0.085 0.375 0.02906771395 1
0 0.085 0.385 0.03078145706 1
0 0.085 0.395 0.03350384923 1
0 0.085 0.405 0.03729111939 1
0 0.085 0.415 0.04168281492 2
0 0.085 0.425 0.04490075255 2
0 0.085 0.435 0.04658201033 2
0 0.085 0.445 0.04705780997 2
0 0.085 0.455 0.04691648755 2
0 0.085 0.465 0.04679905818 2
0 0.085 0.475 0.0456781396 2
0 0.085 0.485 0.04672891785 2
0 0.085 0.495 0.04038923029 2
0 0.085 0.505 0.02593054083 2
0 0.085 0.515 0.01036144834 2
0 0.085 0.525 0 2
0 0.085 0.535 0 2
0 0.085 0.545 0 2
0 0.085 0.555 0 2
0 0.085 0.565 0 2
0 0.095 -0.555 0 2
0 0.095 -0.545 0 2
0 0.095 -0.535 0 2
0 0.095 -0.525 0 2
0 0.095 -0.515 0.01080601097 2
0 0.095 -0.505 0.02731983609 2
0 0.095 -0.495 0.04209081118 2
0 0.095 -0.485 0.04839439438 2
0 0.095 -0.475 0.04610221217 2
0 0.095 -0.465 0.04568160987 2
0 0.095 -0.455 0.04393302972 2
0 0.095 -0.445 0.04245737514 2
0 0.095 -0.435 0.04111260574 2
0 0.095 -0.425 0.03990979576 2
0 0.095 -0.415 0.03851687241 2
0 0.095 -0.405 0.03637797338 2
0 0.095 -0.395 0.03374503944 2
0 0.095 -0.385 0.03081479688 1
0 0.095 -0.375 0.02860085675 1
0 0.095 -0.365 0.02696483577 1
0 0.095 -0.355 0.02565377377 1
0 0.095 -0.345 0.02415519274 1
0 0.095 -0.335 0.02256104342 1
0 0.095 -0.325 0.02145920263 1
0 0.095 -0.315 0.02071848166 1
0 0.095 -0.305 0.02011633387 2
0 0.095 -0.295 0.01866689936 2
0 0.095 -0.285 0.01639771213 2
0 0.095 -0.275 0.01360821208 2
0 0.095 -0.265 0.01062506847 2
0 0.095 -0.255 0.007562978474 2
0 0.095 -0.245 0.004433103625 2
0 0.095 -0.235 0.001268554151 2
0 0.095 -0.225 -0.001912714246 2
0 0.095 -0.215 -0.005091058274 2
0 0.095 -0.205 -0.00824946837 2
0 0.095 -0.195 -0.01137151244 2
0 0.095 -0.185 -0.01444172981 2
0 0.095 -0.175 -0.01744536755 2
0 0.095 -0.165 -0.02036840487 2
0 0.095 -0.155 -0.0231975218 2
0 0.095 -0.145 -0.02592010841 2
0 0.095 -0.135 -0.02852427403 2
0 0.095 -0.125 -0.03099886495 2
0 0.095 -0.115 -0.03333348451 2
0 0.095 -0.105 -0.03551851741 2
0 0.095 -0.095 -0.03754515251 2
0 0.095 -0.085 -0.03940542031 2
0 0.095 -0.075 -0.04109219626 2
0 0.095 -0.065 -0.04259932884 2
0 0.095 -0.055 -0.04392138912 2
0 0.095 -0.045 -0.04505465937 2
0 0.095 -0.035 -0.04599415082 2
0 0.095 -0.025 -0.04674351448 2
0 0.095 -0.015 -0.0472828346 2
0 0.095 -0.005 -0.04767751236 2
0 0.095 0.005 -0.04771282971 2
0 0.095 0.015 -0.04666294048 2
0 0.095 0.025 -0.04386967736 2
0 0.095 0.035 -0.03958164466 1
0 0.095 0.045 -0.03529331561 1
0 0.095 0.055 -0.03225735713 1
0 0.095 0.065 -0.03053584317 1
0 0.095 0.075 -0.02934424374 1
0 0.095 0.085 -0.02815803692 1
0 0.095 0.095 -0.02687605542 1
0 0.095 0.105 -0.02582392063 1
0 0.095 0.115 -0.02516579757 1
0 0.095 0.125 -0.02461383453 1
0 0.095 0.135 -0.02357192951 2
0 0.095 0.145 -0.02149981654 2
0 0.095 0.155 -0.01886331441 2
0 0.095 0.165 -0.01606900184 2
0 0.095 0.175 -0.01338364156 2
0 0.095 0.185 -0.01080114482 2
0 0.095 0.195 -0.00827317946 2
0 0.095 0.205 -0.00583807852 2
0 0.095 0.215 -0.003401383269 2
0 0.095 0.225 -0.0009542823191 2
0 0.095 0.235 0.00155807212 2
0 0.095 0.245 0.004194559958 2
0 0.095 0.255 0.006955252103 2
0 0.095 0.265 0.009755168849 2
0 0.095 0.275 0.01244792451 2
0 0.095 0.285 0.01485118718 2
0 0.095 0.295 0.01665004164 2
0 0.095 0.305 0.01771577507 1
0 0.095 0.315 0.01871177854 1
0 0.095 0.325 0.02003776287 1
0 0.095 0.335 0.02184930155 1
0 0.095 0.345 0.02374148693 1
0 0.095 0.355 0.02557122599 1
0 0.095 0.365 0.0273350735 1
0 0.095 0.375 0.02905225396 1
0 0.095 0.385 0.03110137136 1
0 0.095 0.395 0.03406623161 1
0 0.095 0.405 0.03796066065 1
0 0.095 0.415 0.04186605422 2
0 0.095 0.425 0.04469995633 2
0 0.095 0.435 0.04615102952 2
0 0.095 0.445 0.04679460666 2
0 0.095 0.455 0.04691530242 2
0 0.095 0.465 0.04708116712 2
0 0.095 0.475 0.04622422522 2
0 0.095 0.485 0.04765431126 2
0 0.095 0.495 0.04136053031 2
0 0.095 0.505 0.02667499348 2
0 0.095 0.515 0.0106519028 2
0 0.095 0.525 0 2
0 0.095 0.535 0 2
0 0.095 0.545 0 2
0 0.095 0.555 0 2
0 0.095 0.565 0 2
0 0.105 -0.555 0 1
0 0.105 -0.545 0 1
0 0.105 -0.535 0 1
0 0.105 -0.525 0 2
0 0.105 -0.515 0.01104660686 2
0 0.105 -0.505 0.02834388512 2
0 0.105 -0.495 0.04352185567 2
0 0.105 -0.485 0.04983141386 2
0 0.105 -0.475 0.04660366384 2
0 0.105 -0.465 0.04501682761 2
0 0.105 -0.455 0.04227247426 2
0 0.105 -0.445 0.04021576298 2
0 0.105 -0.435 0.03859401517 2
0 0.105 -0.425 0.03738693389 2
0 0.105 -0.415 0.03621918163 2
0 0.105 -0.405 0.03466852485 2
0 0.105 -0.395 0.03267077636 2
0 0.105 -0.385 0.03033034415 1
0 0.105 -0.375 0.02823226189 1
0 0.105 -0.365 0.02662433214 1
0 0.105 -0.355 0.02531922999 1
0 0.105 -0.345 0.02392740256 1
0 0.105 -0.335 0.0224617872 1
0 0.105 -0.325 0.02156262926 1
0 0.105 -0.315 0.02109579547 1
0 0.105 -0.305 0.02074410876 2
0 0.105 -0.295 0.01945772706 2
0 0.105 -0.285 0.01720120329 2
0 0.105 -0.275 0.01435591543 2
0 0.105 -0.265 0.01132417222 2
0 0.105 -0.255 0.008287613875 2
0 0.105 -0.245 0.00520587372 2
0 0.105 -0.235 0.002108053033 2
0 0.105 -0.225 -0.0009955392887 2
0 0.105 -0.215 -0.004088233518 2
0 0.105 -0.205 -0.00715545559 2
0 0.105 -0.195 -0.01018246812 2
0 0.105 -0.185 -0.01315524482 2
0 0.105 -0.175 -0.0160602611 2
0 0.105 -0.165 -0.01888459337 2
0 0.105 -0.155 -0.02161590865 2
0 0.105 -0.145 -0.02424249002 2
0 0.105 -0.135 -0.02675325429 2
0 0.105 -0.125 -0.02913777686 2
0 0.105 -0.115 -0.03138631833 2
0 0.105 -0.105 -0.03348985587 2
0 0.105 -0.095 -0.03544011539 2
0 0.105 -0.085 -0.03722962041 2
0 0.105 -0.075 -0.03885171757 2
0 0.105 -0.065 -0.04030072475 2
0 0.105 -0.055 -0.04157177346 2
0 0.105 -0.045 -0.04266177275 2
0 0.105 -0.035 -0.04356707712 2
0 0.105 -0.025 -0.0442923276 2
0 0.105 -0.015 -0.04482470487 2
0 0.105 -0.005 -0.04522611589 2
0 0.105 0.005 -0.04536346899 2
0 0.105 0.015 -0.04480310576 2
0 0.105 0.025 -0.0427753855 2
0 0.105 0.035 -0.0393333359 2
0 0.105 0.045 -0.03519251622 1
0 0.105 0.055 -0.03185866202 1
0 0.105 0.065 -0.02974093169 1
0 0.105 0.075 -0.02847430431 1
0 0.105 0.085 -0.02732584723 1
0 0.105 0.095 -0.02604760022 1
0 0.105 0.105 -0.0248320374 1
0 0.105 0.115 -0.0238697826 1
0 0.105 0.125 -0.02295378594 1
0 0.105 0.135 -0.0216183698 2
0 0.105 0.145 -0.01947404246 1
0 0.105 0.155 -0.01695859867 1
0 0.105 0.165 -0.01447773329 1
0 0.105 0.175 -0.01216353535 2
0 0.105 0.185 -0.009858889025 2
0 0.105 0.195 -0.007492674044 2
0 0.105 0.205 -0.005144376863 2
0 0.105 0.215 -0.002773230747 2
0 0.105 0.225 -0.000322713269 2
0 0.105 0.235 0.002226165338 2
0 0.105 0.245 0.004865175331 2
0 0.105 0.255 0.007587662756 2
0 0.105 0.265 0.01038403268 2
0 0.105 0.275 0.01309262523 2
0 0.105 0.285 0.01541473946 2
0 0.105 0.295 0.01700140501 2
0 0.105 0.305 0.01778193062 1
0 0.105 0.315 0.01862442508 1
0 0.105 0.325 0.01985970744 1
0 0.105 0.335 0.0216603656 1
0 0.105 0.345 0.02354726635 1
0 0.105 0.355 0.02534851336 1
0 0.105 0.365 0.027145822 1
0 0.105 0.375 0.02911840293 1
0 0.105 0.385 0.03173708457 1
0 0.105 0.395 0.03534806807 1
0 0.105 0.405 0.03936710179 2
0 0.105 0.415 0.04268019502 2
0 0.105 0.425 0.04489489305 2
0 0.105 0.435 0.04604516517 2
0 0.105 0.445 0.04679728809 2
0 0.105 0.455 0.04712911083 2
0 0.105 0.465 0.04753778991 2
0 0.105 0.475 0.04690900556 2
0 0.105 0.485 0.04868910547 2
0 0.105 0.495 0.04241108896 2
0 0.105 0.505 0.0274625603 2
0 0.105 0.515 0.01095923485 2
0 0.105 0.525 0 2
0 0.105 0.535 0 2
0 0.105 0.545 0 2
0 0.105 0.555 0 2
0 0.105 0.565 0 2
0 0.115 -0.555 0 1
0 0.115 -0.545 0 1
0 0.115 -0.535 0 1
0 0.115 -0.525 0 1
0 0.115 -0.515 0.01095339477 1
0 0.115 -0.505 0.02864523271 2
0 0.115 -0.495 0.04422668159 2
0 0.115 -0.485 0.05070008939 2
0 0.115 -0.475 0.04688721973 2
0 0.115 -0.465 0.04419351792 2
0 0.115 -0.455 0.04035295268 1
0 0.115 -0.445 0.03764174539 1
0 0.115 -0.435 0.03592935246 1
0 0.115 -0.425 0.03485248823 1
0 0.115 -0.415 0.03379484184 1
0 0.115 -0.405 0.03269024934 1
0 0.115 -0.395 0.03130258978 1
0 0.115 -0.385 0.02974297511 2
0 0.115 -0.375 0.02806402665 1
0 0.115 -0.365 0.02668045055 1
0 0.115 -0.355 0.02546537162 1
0 0.115 -0.345 0.02410403133 1
0 0.115 -0.335 0.02281758014 1
0 0.115 -0.325 0.02214926359 1
0 0.115 -0.315 0.02196162175 1
0 0.115 -0.305 0.021679984 2
0 0.115 -0.295 0.02038069213 2
0 0.115 -0.285 0.01805280627 2
0 0.115 -0.275 0.01514569005 2
0 0.115 -0.265 0.01206762495 2
0 0.115 -0.255 0.009046819145 2
0 0.115 -0.245 0.006001454685 2
0 0.115 -0.235 0.002957276573 2
0 0.115 -0.225 -8.182265198e-05 2
0 0.115 -0.215 -0.003101786671 2
0 0.115 -0.205 -0.006090299308 2
0 0.115 -0.195 -0.009034260128 2
0 0.115 -0.185 -0.01192105877 2
0 0.115 -0.175 -0.01473839262 2
0 0.115 -0.165 -0.0174744294 2
0 0.115 -0.155 -0.02011781367 2
0 0.115 -0.145 -0.02265770793 2
0 0.115 -0.135 -0.02508381904 2
0 0.115 -0.125 -0.02738643069 2
0 0.115 -0.115 -0.02955643654 2
0 0.115 -0.105 -0.03158537813 2
0 0.115 -0.095 -0.03346548471 2
0 0.115 -0.085 -0.03518973016 2
0 0.115 -0.075 -0.03675187639 2
0 0.115 -0.065 -0.03814662902 2
0 0.115 -0.055 -0.03936957166 2
0 0.115 -0.045 -0.04041804039 2
0 0.115 -0.035 -0.04128957821 2
0 0.115 -0.025 -0.04198906054 2
0 0.115 -0.015 -0.04251186856 2
0 0.115 -0.005 -0.04290642928 2
0 0.115 0.005 -0.04313016121 2
0 0.115 0.015 -0.04293288101 2
0 0.115 0.025 -0.04163606215 2
0 0.115 0.035 -0.03893589889 2
0 0.115 0.045 -0.03528931477 1
0 0.115 0.055 -0.031832129 1
0 0.115 0.065 -0.02930060982 1
0 0.115 0.075 -0.02775712674 1
0 0.115 0.085 -0.02655529026 1
0 0.115 0.095 -0.02543038392 1
0 0.115 0.105 -0.02430219287 1
0 0.115 0.115 -0.02317606538 1
0 0.115 0.125 -0.02192419644 1
0 0.115 0.135 -0.02028851258 1
0 0.115 0.145 -0.01818196814 1
0 0.115 0.155 -0.01578755446 1
0 0.115 0.165 -0.01340975426 1
0 0.115 0.175 -0.01115788509 1
0 0.115 0.185 -0.008986958232 1
0 0.115 0.195 -0.006806031909 1
0 0.115 0.205 -0.004618283208 2
0 0.115 0.215 -0.002330696876 2
0 0.115 0.225 0.0001342438511 2
0 0.115 0.235 0.002745246821 2
0 0.115 0.245 0.005443109257 2
0 0.115 0.255 0.008176373044 2
0 0.115 0.265 0.01103735592 2
0 0.115 0.275 0.01385481398 2
0 0.115 0.285 0.01627803263 2
0 0.115 0.295 0.01788371263 2
0 0.115 0.305 0.01859799781 1
0 0.115 0.315 0.01916428135 1
0 0.115 0.325 0.02008289343 1
0 0.115 0.335 0.02161645081 1
0 0.115 0.345 0.02340622382 1
0 0.115 0.355 0.02517304783 1
0 0.115 0.365 0.02697893414 1
0 0.115 0.375 0.02929450752 1
0 0.115 0.385 0.03257453177 1
0 0.115 0.395 0.03678797999 2
0 0.115 0.405 0.0406887315 2
0 0.115 0.415 0.04352228605 2
0 0.115 0.425 0.04520247482 2
0 0.115 0.435 0.04619152756 2
0 0.115 0.445 0.0470269885 2
0 0.115 0.455 0.04753154529 2
0 0.115 0.465 0.04815064231 2
0 0.115 0.475 0.04772071488 2
0 0.115 0.485 0.04982758363 2
0 0.115 0.495 0.04353898745 2
0 0.115 0.505 0.02829347018 2
0 0.115 0.515 0.01128363758 2
0 0.115 0.525 0 2
0 0.115 0.535 0 2
0 0.115 0.545 0 2
0 0.115 0.555 0 2
0 0.115 0.565 0 2
0 0.125 -0.555 0 1
0 0.125 -0.545 0 1
0 0.125 -0.535 0 1
0 0.125 -0.525 0 1
0 0.125 -0.515 0.01061514795 1
0 0.125 -0.505 0.02807186693 1
0 0.125 -0.495 0.04387073642 2
0 0.125 -0.485 0.05079595059 2
0 0.125 -0.475 0.04702375296 2
0 0.125 -0.465 0.04361114236 1
0 0.125 -0.455 0.03925676474 1
0 0.125 -0.445 0.03645115463 1
0 0.125 -0.435 0.03486001712 1
0 0.125 -0.425 0.03386538216 1
0 0.125 -0.415 0.03281567497 1
0 0.125 -0.405 0.03177743548 1
0 0.125 -0.395 0.03050991247 1
0 0.125 -0.385 0.02922579466 1
0 0.125 -0.375 0.02813394143 1
0 0.125 -0.365 0.02727162135 1
0 0.125 -0.355 0.02651070418 1
0 0.125 -0.345 0.02530000698 1
0 0.125 -0.335 0.02414343009 1
0 0.125 -0.325 0.02341783185 1
0 0.125 -0.315 0.02320425329 1
0 0.125 -0.305 0.02272488475 2
0 0.125 -0.295 0.02130653791 2
0 0.125 -0.285 0.01887403139 2
0 0.125 -0.275 0.01591674351 2
0 0.125 -0.265 0.01282418913 2
0 0.125 -0.255 0.009819913025 2
0 0.125 -0.245 0.006805982637 2
0 0.125 -0.235 0.003806391626 2
0 0.125 -0.225 0.0008214336291 2
0 0.125 -0.215 -0.002136535997 2
0 0.125 -0.205 -0.005056991994 2
0 0.125 -0.195 -0.007928282548 2
0 0.125 -0.185 -0.01073913143 2
0 0.125 -0.175 -0.01347842006 2
0 0.125 -0.165 -0.01613538429 2
0 0.125 -0.155 -0.01869962615 2
0 0.125 -0.145 -0.02116116638 2
0 0.125 -0.135 -0.02351047835 2
0 0.125 -0.125 -0.02573852765 2
0 0.125 -0.115 -0.02783681136 2
0 0.125 -0.105 -0.02979740099 2
0 0.125 -0.095 -0.03161298746 2
0 0.125 -0.085 -0.03327694064 2
0 0.125 -0.075 -0.03478336159 2
0 0.125 -0.065 -0.03612722438 2
0 0.125 -0.055 -0.03730436905 2
0 0.125 -0.045 -0.0383121645 2
0 0.125 -0.035 -0.03914861642 2
0 0.125 -0.025 -0.03981666293 2
0 0.125 -0.015 -0.04031608685 2
0 0.125 -0.005 -0.04066367275 2
0 0.125 0.005 -0.04087703737 2
0 0.125 0.015 -0.04079573804 2
0 0.125 0.025 -0.0400748921 2
0 0.125 0.035 -0.03822786977 2
0 0.125 0.045 -0.03537739931 2
0 0.125 0.055 -0.03215387509 1
0 0.125 0.065 -0.02935538736 1
0 0.125 0.075 -0.02745159688 1
0 0.125 0.085 -0.02599641238 1
0 0.125 0.095 -0.02485779049 1
0 0.125 0.105 -0.02383488186 1
0 0.125 0.115 -0.02274567703 1
0 0.125 0.125 -0.0214113855 1
0 0.125 0.135 -0.01960058017 1
0 0.125 0.145 -0.01741350754 1
0 0.125 0.155 -0.01507937463 1
0 0.125 0.165 -0.01284588097 1
0 0.125 0.175 -0.0107233603 1
0 0.125 0.185 -0.008605098069 1
0 0.125 0.195 -0.006396377608 1
0 0.125 0.205 -0.004239687319 1
0 0.125 0.215 -0.002056221938 2
0 0.125 0.225 0.0003318128722 2
0 0.125 0.235 0.002939735915 2
0 0.125 0.245 0.005750208354 2
0 0.125 0.255 0.008587279057 2
0 0.125 0.265 0.01158771899 2
0 0.125 0.275 0.01459192351 2
0 0.125 0.285 0.017265492 2
0 0.125 0.295 0.01908035975 2
0 0.125 0.305 0.01997329156 1
0 0.125 0.315 0.02030478034 1
0 0.125 0.325 0.02080192357 1
0 0.125 0.335 0.02183147599 1
0 0.125 0.345 0.02333854239 1
0 0.125 0.355 0.02502034112 1
0 0.125 0.365 0.02687998926 1
0 0.125 0.375 0.02956541061 1
0 0.125 0.385 0.03339695714 1
0 0.125 0.395 0.03790043465 2
0 0.125 0.405 0.04163682302 2
0 0.125 0.415 0.04410619214 2
0 0.125 0.425 0.04548571474 2
0 0.125 0.435 0.0464812414 2
0 0.125 0.445 0.04741922431 2
0 0.125 0.455 0.04808371275 2
0 0.125 0.465 0.04889466018 2
0 0.125 0.475 0.04864251428 2
0 0.125 0.485 0.05105838053 2
0 0.125 0.495 0.04473698559 2
0 0.125 0.505 0.02916408188 2
0 0.125 0.515 0.0116237992 2
0 0.125 0.525 0 2
0 0.125 0.535 0 2
0 0.125 0.545 0 2
0 0.125 0.555 0 2
0 0.125 0.565 0 2
0 0.135 -0.555 0 1
0 0.135 -0.545 0 1
0 0.135 -0.535 0 1
0 0.135 -0.525 0 1
0 0.135 -0.515 0.0102297903 1
0 0.135 -0.505 0.02703192337 1
0 0.135 -0.495 0.04281160859 1
0 0.135 -0.485 0.05027960082 2
0 0.135 -0.475 0.04747439497 2
0 0.135 -0.465 0.04425428472 1
0 0.135 -0.455 0.03974834447 1
0 0.135 -0.445 0.03691581565 1
0 0.135 -0.435 0.03546978136 1
0 0.135 -0.425 0.03451835264 1
0 0.135 -0.415 0.03336778332 1
0 0.135 -0.405 0.03217192537 1
0 0.135 -0.395 0.03082045675 1
0 0.135 -0.385 0.02948818009 1
0 0.135 -0.375 0.02871855259 1
0 0.135 -0.365 0.02836778478 1
0 0.135 -0.355 0.02812139407 2
0 0.135 -0.345 0.02709454769 1
0 0.135 -0.335 0.02594748223 1
0 0.135 -0.325 0.02508806532 1
0 0.135 -0.315 0.02459093479 2
0 0.135 -0.305 0.02371996346 2
0 0.135 -0.295 0.02206712288 2
0 0.135 -0.285 0.01955210958 2
0 0.135 -0.275 0.01661889277 2
0 0.135 -0.265 0.01356840456 2
0 0.135 -0.255 0.01059046273 2
0 0.135 -0.245 0.007607447068 2
0 0.135 -0.235 0.004646158695 2
0 0.135 -0.225 0.001707145714 2
0 0.135 -0.215 -0.001197722248 2
0 0.135 -0.205 -0.00405913317 2
0 0.135 -0.195 -0.006866653573 2
0 0.135 -0.185 -0.009610237855 2
0 0.135 -0.175 -0.01227989976 2
0 0.135 -0.165 -0.01486590942 2
0 0.135 -0.155 -0.01735879744 2
0 0.135 -0.145 -0.01974941412 2
0 0.135 -0.135 -0.02202896935 2
0 0.135 -0.125 -0.02418907879 2
0 0.135 -0.115 -0.02622180845 2
0 0.135 -0.105 -0.02811972138 2
0 0.135 -0.095 -0.02987592483 2
0 0.135 -0.085 -0.03148412727 2
0 0.135 -0.075 -0.03293869031 2
0 0.135 -0.065 -0.0342347403 2
0 0.135 -0.055 -0.03536819025 2
0 0.135 -0.045 -0.03633614354 2
0 0.135 -0.035 -0.03713653736 2
0 0.135 -0.025 -0.03776975906 2
0 0.135 -0.015 -0.03823749436 2
0 0.135 -0.005 -0.03853757143 2
0 0.135 0.005 -0.03870424799 2
0 0.135 0.015 -0.03863468785 2
0 0.135 0.025 -0.03818091854 2
0 0.135 0.035 -0.03696095159 2
0 0.135 0.045 -0.03490073236 2
0 0.135 0.055 -0.03231251043 2
0 0.135 0.065 -0.02961455365 1
0 0.135 0.075 -0.02738233392 1
0 0.135 0.085 -0.02574582256 1
0 0.135 0.095 -0.02463533097 1
0 0.135 0.105 -0.02369304606 1
0 0.135 0.115 -0.0226091924 1
0 0.135 0.125 -0.0211156435 1
0 0.135 0.135 -0.01908637092 1
0 0.135 0.145 -0.01683174277 1
0 0.135 0.155 -0.01459234675 1
0 0.135 0.165 -0.01247405324 1
0 0.135 0.175 -0.01042638477 1
0 0.135 0.185 -0.008388768692 1
0 0.135 0.195 -0.006251656873 1
0 0.135 0.205 -0.004121095772 1
0 0.135 0.215 -0.002042973775 1
0 0.135 0.225 0.0002260967028 2
0 0.135 0.235 0.002773412045 2
0 0.135 0.245 0.005733474133 2
0 0.135 0.255 0.008781749345 2
0 0.135 0.265 0.01195545357 2
0 0.135 0.275 0.01515588292 2
0 0.135 0.285 0.01814180794 2
0 0.135 0.295 0.02035614776 2
0 0.135 0.305 0.02165703961 2
0 0.135 0.315 0.02197783627 1
0 0.135 0.325 0.02195570442 1
0 0.135 0.335 0.02238102054 1
0 0.135 0.345 0.02345005512 1
0 0.135 0.355 0.02497371807 1
0 0.135 0.365 0.02693149274 1
0 0.135 0.375 0.02994032179 1
0 0.135 0.385 0.03419984086 1
0 0.135 0.395 0.03874636304 2
0 0.135 0.405 0.04229098253 2
0 0.135 0.415 0.04445648062 2
0 0.135 0.425 0.04579093249 2
0 0.135 0.435 0.04688735081 2
0 0.135 0.445 0.04794412363 2
0 0.135 0.455 0.04875609287 2
0 0.135 0.465 0.04974722993 2
0 0.135 0.475 0.04965714581 2
0 0.135 0.485 0.05236789372 2
0 0.135 0.495 0.04599517206 2
0 0.135 0.505 0.03006865917 2
0 0.135 0.515 0.01197755917 2
0 0.135 0.525 0 2
0 0.135 0.535 0 2
0 0.135 0.545 0 1
0 0.135 0.555 0 1
0 0.135 0.565 0 1
0 0.145 -0.555 0 1
0 0.145 -0.545 0 1
0 0.145 -0.535 0 1
0 0.145 -0.525 0 1
0 0.145 -0.515 0.009997877197 1
0 0.145 -0.505 0.02617370647 1
0 0.145 -0.495 0.04177617444 1
0 0.145 -0.485 0.04971961691 1
0 0.145 -0.475 0.04825492107 2
0 0.145 -0.465 0.04602257034 1
0 0.145 -0.455 0.04171024576 1
0 0.145 -0.445 0.03875971336 1
0 0.145 -0.435 0.03721531284 1
0 0.145 -0.425 0.03626385054 1
0 0.145 -0.415 0.03502905892 1
0 0.145 -0.405 0.03366347119 1
0 0.145 -0.395 0.03206697789 1
0 0.145 -0.385 0.03044830917 1
0 0.145 -0.375 0.02953230139 1
0 0.145 -0.365 0.02928809085 1
0 0.145 -0.355 0.02929964144 2
0 0.145 -0.345 0.02859109655 2
0 0.145 -0.335 0.02734892043 2
0 0.145 -0.325 0.02615935625 2
0 0.145 -0.315 0.0253126761 2
0 0.145 -0.305 0.02438146499 2
0 0.145 -0.295 0.02266666347 2
0 0.145 -0.285 0.02016464994 2
0 0.145 -0.275 0.01729618944 2
0 0.145 -0.265 0.01430358598 2
0 0.145 -0.255 0.01135368352 2
0 0.145 -0.245 0.008398066395 2
0 0.145 -0.235 0.005468872739 2
0 0.145 -0.225 0.002568693801 2
0 0.145 -0.215 -0.0002905332925 2
0 0.145 -0.205 -0.003100426592 2
0 0.145 -0.195 -0.005851655151 2
0 0.145 -0.185 -0.008535341308 2
0 0.145 -0.175 -0.01114259034 2
0 0.145 -0.165 -0.01366467107 2
0 0.145 -0.155 -0.01609300789 2
0 0.145 -0.145 -0.01841924516 2
0 0.145 -0.135 -0.02063529306 2
0 0.145 -0.125 -0.02273338042 2
0 0.145 -0.115 -0.02470610424 2
0 0.145 -0.105 -0.02654647894 2
0 0.145 -0.095 -0.02824798337 2
0 0.145 -0.085 -0.02980461135 2
0 0.145 -0.075 -0.03121091549 2
0 0.145 -0.065 -0.03246207823 2
0 0.145 -0.055 -0.03355393118 2
0 0.145 -0.045 -0.03448310107 2
0 0.145 -0.035 -0.03524693537 2
0 0.145 -0.025 -0.03584323399 2
0 0.145 -0.015 -0.03627198393 2
0 0.145 -0.005 -0.03652317899 2
0 0.145 0.005 -0.03661125929 2
0 0.145 0.015 -0.03649217614 2
0 0.145 0.025 -0.03610459859 2
0 0.145 0.035 -0.03522391625 2
0 0.145 0.045 -0.03375013986 2
0 0.145 0.055 -0.03180388425 2
0 0.145 0.065 -0.02967514062 2
0 0.145 0.075 -0.02752216446 2
0 0.145 0.085 -0.0256422374 1
0 0.145 0.095 -0.02432237324 1
0 0.145 0.105 -0.02342650243 1
0 0.145 0.115 -0.02240878451 1
0 0.145 0.125 -0.02081440564 1
0 0.145 0.135 -0.01861659005 1
0 0.145 0.145 -0.01623121627 1
0 0.145 0.155 -0.01398013327 1
0 0.145 0.165 -0.01198370232 1
0 0.145 0.175 -0.0100739334 1
0 0.145 0.185 -0.008141673079 1
0 0.145 0.195 -0.006118730672 1
0 0.145 0.205 -0.004066741544 1
0 0.145 0.215 -0.002123298176 1
0 0.145 0.225 -1.199393918e-05 1
0 0.145 0.235 0.002438205387 2
0 0.145 0.245 0.005461788967 2
0 0.145 0.255 0.008753496967 2
0 0.145 0.265 0.01211495728 2
0 0.145 0.275 0.01548848582 2
0 0.145 0.285 0.01874774266 2
0 0.145 0.295 0.02141391386 2
0 0.145 0.305 0.02314618151 2
0 0.145 0.315 0.02380345478 2
0 0.145 0.325 0.02361481458 1
0 0.145 0.335 0.02346808592 1
0 0.145 0.345 0.02393640518 1
0 0.145 0.355 0.02518852373 1
0 0.145 0.365 0.0273896891 1
0 0.145 0.375 0.03084607661 1
0 0.145 0.385 0.03531981406 2
0 0.145 0.395 0.03957227465 2
0 0.145 0.405 0.04273986259 2
0 0.145 0.415 0.04469699327 2
0 0.145 0.425 0.04612878909 2
0 0.145 0.435 0.04737316383 2
0 0.145 0.445 0.0485633173 2
0 0.145 0.455 0.04952158858 2
0 0.145 0.465 0.05068630147 2
0 0.145 0.475 0.05074689983 2
0 0.145 0.485 0.05374107094 2
0 0.145 0.495 0.04730193201 2
0 0.145 0.505 0.03100019215 2
0 0.145 0.515 0.01234222284 2
0 0.145 0.525 0 2
0 0.145 0.535 0 1
0 0.145 0.545 0 1
0 0.145 0.555 0 1
0 0.145 0.565 0 1
0 0.155 -0.555 0 1
0 0.155 -0.545 0 1
0 0.155 -0.535 0 1
0 0.155 -0.525 0 1
0 0.155 -0.515 0.009879543462 1
0 0.155 -0.505 0.02560193661 1
0 0.155 -0.495 0.04119739413 1
0 0.155 -0.485 0.04993716827 1
0 0.155 -0.475 0.04978469537 2
0 0.155 -0.465 0.04881645982 1
0 0.155 -0.455 0.04497297407 1
0 0.155 -0.445 0.04165726718 1
0 0.155 -0.435 0.03944739608 1
0 0.155 -0.425 0.03826169765 1
0 0.155 -0.415 0.03693387241 1
0 0.155 -0.405 0.03549882727 1
0 0.155 -0.395 0.03367672626 1
0 0.155 -0.385 0.03166940556 1
0 0.155 -0.375 0.03028773841 1
0 0.155 -0.365 0.02968546229 1
0 0.155 -0.355 0.02941899136 2
0 0.155 -0.345 0.02860477854 2
0 0.155 -0.335 0.02721403177 2
0 0.155 -0.325 0.02604101966 2
0 0.155 -0.315 0.02525903231 2
0 0.155 -0.305 0.02457702548 2
0 0.155 -0.295 0.02305574608 2
0 0.155 -0.285 0.02074049802 2
0 0.155 -0.275 0.01797324619 2
0 0.155 -0.265 0.01503345047 2
0 0.155 -0.255 0.01210590304 2
0 0.155 -0.245 0.009170761665 2
0 0.155 -0.235 0.006267162965 2
0 0.155 -0.225 0.003399536519 2
0 0.155 -0.215 0.0005797831964 2
0 0.155 -0.205 -0.002184713911 2
0 0.155 -0.195 -0.004885760476 2
0 0.155 -0.185 -0.007515641942 2
0 0.155 -0.175 -0.01006653198 2
0 0.155 -0.165 -0.01253066268 2
0 0.155 -0.155 -0.01490031146 2
0 0.155 -0.145 -0.01716787385 2
0 0.155 -0.135 -0.01932591755 2
0 0.155 -0.125 -0.02136724284 2
0 0.155 -0.115 -0.02328493718 2
0 0.155 -0.105 -0.02507242653 2
0 0.155 -0.095 -0.02672352106 2
0 0.155 -0.085 -0.02823245755 2
0 0.155 -0.075 -0.02959393173 2
0 0.155 -0.065 -0.03080313063 2
0 0.155 -0.055 -0.03185573404 2
0 0.155 -0.045 -0.03274788371 2
0 0.155 -0.035 -0.03347619073 2
0 0.155 -0.025 -0.03403686314 2
0 0.155 -0.015 -0.03442724236 2
0 0.155 -0.005 -0.03463902162 2
0 0.155 0.005 -0.03466703785 2
0 0.155 0.015 -0.03448997155 2
0 0.155 0.025 -0.03408620677 2
0 0.155 0.035 -0.03333022845 2
0 0.155 0.045 -0.0322205525 2
0 0.155 0.055 -0.03067276182 2
0 0.155 0.065 -0.02883960087 2
0 0.155 0.075 -0.02696680786 2
0 0.155 0.085 -0.02530867273 2
0 0.155 0.095 -0.02401621058 2
0 0.155 0.105 -0.0230381105 2
0 0.155 0.115 -0.02194488814 2
0 0.155 0.125 -0.0202052173 2
0 0.155 0.135 -0.01780142431 1
0 0.155 0.145 -0.01529492803 1
0 0.155 0.155 -0.01307426814 1
0 0.155 0.165 -0.01124129481 1
0 0.155 0.175 -0.009508231439 1
0 0.155 0.185 -0.007698805674 1
0 0.155 0.195 -0.005826389438 1
0 0.155 0.205 -0.003935579366 1
0 0.155 0.215 -0.002219388509 1
0 0.155 0.225 -0.0003207144424 1
0 0.155 0.235 0.002126531708 2
0 0.155 0.245 0.005190561834 2
0 0.155 0.255 0.008660509344 2
0 0.155 0.265 0.01215464782 2
0 0.155 0.275 0.0156376511 2
0 0.155 0.285 0.01904293825 2
0 0.155 0.295 0.02209136023 2
0 0.155 0.305 0.02429521103 2
0 0.155 0.315 0.02531630654 2
0 0.155 0.325 0.02533987067 1
0 0.155 0.335 0.02510060359 1
0 0.155 0.345 0.02535732253 1
0 0.155 0.355 0.02644326152 1
0 0.155 0.365 0.02871917854 1
0 0.155 0.375 0.03225425117 1
0 0.155 0.385 0.0365069211 2
0 0.155 0.395 0.04037113928 2
0 0.155 0.405 0.04316096209 2
0 0.155 0.415 0.04501574117 2
0 0.155 0.425 0.04654605185 2
0 0.155 0.435 0.04793566076 2
0 0.155 0.445 0.04926011017 2
0 0.155 0.455 0.05036155565 2
0 0.155 0.465 0.05169343986 2
0 0.155 0.475 0.05189536503 2
0 0.155 0.485 0.05516284587 2
0 0.155 0.495 0.04864512566 2
0 0.155 0.505 0.03195121271 2
0 0.155 0.515 0.01271486678 2
0 0.155 0.525 0 2
0 0.155 0.535 0 1
0 0.155 0.545 0 1
0 0.155 0.555 0 1
0 0.155 0.565 0 1
0 0.165 -0.555 0 1
0 0.165 -0.545 0 1
0 0.165 -0.535 0 1
0 0.165 -0.525 0 1
0 0.165 -0.515 0.009947462176 1
0 0.165 -0.505 0.02571549754 1
0 0.165 -0.495 0.04159302233 1
0 0.165 -0.485 0.05099325247 1
0 0.165 -0.475 0.05207849067 2
0 0.165 -0.465 0.05224588682 2
0 0.165 -0.455 0.04875848999 1
0 0.165 -0.445 0.04504836583 1
0 0.165 -0.435 0.04232063003 1
0 0.165 -0.425 0.04099560517 1
0 0.165 -0.415 0.03955621001 1
0 0.165 -0.405 0.03784157118 1
0 0.165 -0.395 0.03548117122 1
0 0.165 -0.385 0.03278387301 1
0 0.165 -0.375 0.03070848678 1
0 0.165 -0.365 0.02941762437 1
0 0.165 -0.355 0.02858809029 1
0 0.165 -0.345 0.02745939278 1
0 0.165 -0.335 0.02593938293 1
0 0.165 -0.325 0.02495620776 1
0 0.165 -0.315 0.02463459286 1
0 0.165 -0.305 0.02461402244 2
0 0.165 -0.295 0.02356947665 2
0 0.165 -0.285 0.02146295416 2
0 0.165 -0.275 0.01872971406 2
0 0.165 -0.265 0.0157748721 2
0 0.165 -0.255 0.01284684229 2
0 0.165 -0.245 0.009919190303 2
0 0.165 -0.235 0.007033767042 2
0 0.165 -0.225 0.004193133363 2
0 0.165 -0.215 0.001407974819 2
0 0.165 -0.205 -0.001315846144 2
0 0.165 -0.195 -0.003971472549 2
0 0.165 -0.185 -0.006552403829 2
0 0.165 -0.175 -0.009051871167 2
0 0.165 -0.165 -0.01146303028 2
0 0.165 -0.155 -0.01377896185 2
0 0.165 -0.145 -0.01599276065 2
0 0.165 -0.135 -0.01809760179 2
0 0.165 -0.125 -0.02008681028 2
0 0.165 -0.115 -0.0219539215 2
0 0.165 -0.105 -0.02369273461 2
0 0.165 -0.095 -0.02529735689 2
0 0.165 -0.085 -0.02676223881 2
0 0.165 -0.075 -0.02808219518 2
0 0.165 -0.065 -0.02925240829 2
0 0.165 -0.055 -0.03026840666 2
0 0.165 -0.045 -0.03112594886 2
0 0.165 -0.035 -0.03182097813 2
0 0.165 -0.025 -0.03234886055 2
0 0.165 -0.015 -0.0327047879 2
0 0.165 -0.005 -0.03288104835 2
0 0.165 0.005 -0.03286699613 2
0 0.165 0.015 -0.0326464151 2
0 0.165 0.025 -0.0322127146 2
0 0.165 0.035 -0.03149512446 2
0 0.165 0.045 -0.0305233166 2
0 0.165 0.055 -0.0292482632 2
0 0.165 0.065 -0.02772387747 2
0 0.165 0.075 -0.02609273951 2
0 0.165 0.085 -0.02447057731 2
0 0.165 0.095 -0.02311441134 2
0 0.165 0.105 -0.02198792083 2
0 0.165 0.115 -0.02081125479 2
0 0.165 0.125 -0.01915687288 2
0 0.165 0.135 -0.01680878095 2
0 0.165 0.145 -0.0142652454 1
0 0.165 0.155 -0.01204205742 1
0 0.165 0.165 -0.01028903325 1
0 0.165 0.175 -0.008661967618 1
0 0.165 0.185 -0.006926311726 1
0 0.165 0.195 -0.005264798884 1
0 0.165 0.205 -0.00365966538 1
0 0.165 0.215 -0.002134311898 1
0 0.165 0.225 -0.000335374241 1
0 0.165 0.235 0.002125169251 2
0 0.165 0.245 0.005156666353 2
0 0.165 0.255 0.008667185973 2
0 0.165 0.265 0.01219901678 2
0 0.165 0.275 0.01569712745 2
0 0.165 0.285 0.01910529611 2
0 0.165 0.295 0.02229752096 2
0 0.165 0.305 0.02490416204 2
0 0.165 0.315 0.0265012783 2
0 0.165 0.325 0.0271609755 2
0 0.165 0.335 0.0272297688 1
0 0.165 0.345 0.0274365469 1
0 0.165 0.355 0.0284733198 1
0 0.165 0.365 0.03080633666 1
0 0.165 0.375 0.03417346701 2
0 0.165 0.385 0.0378449724 2
0 0.165 0.395 0.0410562916 2
0 0.165 0.405 0.04347434827 2
0 0.165 0.415 0.04536100608 2
0 0.165 0.425 0.04702312443 2
0 0.165 0.435 0.0485596896 2
0 0.165 0.445 0.0500182172 2
0 0.165 0.455 0.05125925439 2
0 0.165 0.465 0.05275203537 2
0 0.165 0.475 0.05308718137 2
0 0.165 0.485 0.05661852438 2
0 0.165 0.495 0.05001260965 2
0 0.165 0.505 0.0329141904 2
0 0.165 0.515 0.01309250303 2
0 0.165 0.525 0 2
0 0.165 0.535 0 1
0 0.165 0.545 0 1
0 0.165 0.555 0 1
0 0.165 0.565 0 1
0 0.175 -0.555 0 1
0 0.175 -0.545 0 1
0 0.175 -0.535 0 1
0 0.175 -0.525 0 1
0 0.175 -0.515 0.01029024495 1
0 0.175 -0.505 0.02660872266 1
0 0.175 -0.495 0.04320981478 1
0 0.175 -0.485 0.05289668671 1
0 0.175 -0.475 0.05432474349 2
0 0.175 -0.465 0.05522212565 2
0 0.175 -0.455 0.05257055973 2
0 0.175 -0.445 0.04906931905 2
0 0.175 -0.435 0.04588715687 1
0 0.175 -0.425 0.04417201258 1
0 0.175 -0.415 0.04264150262 1
0 0.175 -0.405 0.04049189789 1
0 0.175 -0.395 0.03724661079 1
0 0.175 -0.385 0.03361622991 1
0 0.175 -0.375 0.03078647444 1
0 0.175 -0.365 0.02894289407 1
0 0.175 -0.355 0.02774746091 1
0 0.175 -0.345 0.0263459434 1
0 0.175 -0.335 0.02478696573 1
0 0.175 -0.325 0.02411591978 1
0 0.175 -0.315 0.02431729972 1
0 0.175 -0.305 0.02488085885 2
0 0.175 -0.295 0.02427025255 2
0 0.175 -0.285 0.02230700654 2
0 0.175 -0.275 0.01954106384 2
0 0.175 -0.265 0.01651075929 2
0 0.175 -0.255 0.01356335615 2
0 0.175 -0.245 0.01063252783 2
0 0.175 -0.235 0.007759791797 2
0 0.175 -0.225 0.004942440692 2
0 0.175 -0.215 0.002188707859 2
0 0.175 -0.205 -0.0004976173152 2
0 0.175 -0.195 -0.003111218937 2
0 0.175 -0.185 -0.005646848352 2
0 0.175 -0.175 -0.008098765021 2
0 0.175 -0.165 -0.01046099037 2
0 0.175 -0.155 -0.01272734312 2
0 0.175 -0.145 -0.01489155324 2
0 0.175 -0.135 -0.01694734448 2
0 0.175 -0.125 -0.01888851466 2
0 0.175 -0.115 -0.02070900248 2
0 0.175 -0.105 -0.02240294364 2
0 0.175 -0.095 -0.02396471451 2
0 0.175 -0.085 -0.02538896236 2
0 0.175 -0.075 -0.02667061881 2
0 0.175 -0.065 -0.02780488748 2
0 0.175 -0.055 -0.02878720735 2
0 0.175 -0.045 -0.02961312612 2
0 0.175 -0.035 -0.03027819486 2
0 0.175 -0.025 -0.03077750921 2
0 0.175 -0.015 -0.03110552673 2
0 0.175 -0.005 -0.03125494219 2
0 0.175 0.005 -0.03121754221 2
0 0.175 0.015 -0.0309779011 2
0 0.175 0.025 -0.0305316863 2
0 0.175 0.035 -0.0298501627 2
0 0.175 0.045 -0.02894800296 2
0 0.175 0.055 -0.02780147888 2
0 0.175 0.065 -0.02645026274 2
0 0.175 0.075 -0.02498076083 2
0 0.175 0.085 -0.02346254984 2
0 0.175 0.095 -0.02207960848 2
0 0.175 0.105 -0.02077251711 2
0 0.175 0.115 -0.01939168002 2
0 0.175 0.125 -0.01768920938 2
0 0.175 0.135 -0.015465212 2
0 0.175 0.145 -0.01305869629 2
0 0.175 0.155 -0.01085572401 1
0 0.175 0.165 -0.009016646222 1
0 0.175 0.175 -0.007456567636 1
0 0.175 0.185 -0.005914112051 1
0 0.175 0.195 -0.00443113807 1
0 0.175 0.205 -0.00301310256 1
0 0.175 0.215 -0.001552794346 1
0 0.175 0.225 0.0001771986765 1
0 0.175 0.235 0.002546081118 2
0 0.175 0.245 0.005474631166 2
0 0.175 0.255 0.008883241586 2
0 0.175 0.265 0.01235244956 2
0 0.175 0.275 0.01577212555 2
0 0.175 0.285 0.01908292476 2
0 0.175 0.295 0.02226367398 2
0 0.175 0.305 0.02506327543 2
0 0.175 0.315 0.02711856813 2
0 0.175 0.325 0.02836914839 2
0 0.175 0.335 0.02914717665 2
0 0.175 0.345 0.02990848522 2
0 0.175 0.355 0.03114250305 2
0 0.175 0.365 0.03318239606 2
0 0.175 0.375 0.03588940608 2
0 0.175 0.385 0.03887721528 2
0 0.175 0.395 0.04160971986 2
0 0.175 0.405 0.04387028049 2
0 0.175 0.415 0.04581465853 2
0 0.175 0.425 0.04758921968 2
0 0.175 0.435 0.04924525189 2
0 0.175 0.445 0.05082929035 2
0 0.175 0.455 0.05220185138 2
0 0.175 0.465 0.05384788176 2
0 0.175 0.475 0.05430824772 2
0 0.175 0.485 0.05809406134 2
0 0.175 0.495 0.05139251624 2
0 0.175 0.505 0.03388170487 2
0 0.175 0.515 0.01347216021 2
0 0.175 0.525 0 2
0 0.175 0.535 0 2
0 0.175 0.545 0 1
0 0.175 0.555 0 1
0 0.175 0.565 0 1
0 0.185 -0.555 0 2
0 0.185 -0.545 0 2
0 0.185 -0.535 0 1
0 0.185 -0.525 0 1
0 0.185 -0.515 0.01107784219 1
0 0.185 -0.505 0.02867362276 1
0 0.185 -0.495 0.04631634716 2
0 0.185 -0.485 0.05592369413 2
0 0.185 -0.475 0.05648045206 2
0 0.185 -0.465 0.05711265815 2
0 0.185 -0.455 0.05478345848 2
0 0.185 -0.445 0.0519943434 2
0 0.185 -0.435 0.04944671286 2
0 0.185 -0.425 0.0478311405 2
0 0.185 -0.415 0.04598820105 2
0 0.185 -0.405 0.04296140779 2
0 0.185 -0.395 0.03847325236 2
0 0.185 -0.385 0.03382009602 1
0 0.185 -0.375 0.03036716292 1
0 0.185 -0.365 0.02833804098 1
0 0.185 -0.355 0.02709414985 1
0 0.185 -0.345 0.0256976994 1
0 0.185 -0.335 0.02430391309 1
0 0.185 -0.325 0.02400183895 1
0 0.185 -0.315 0.02472239936 1
0 0.185 -0.305 0.025690433 2
0 0.185 -0.295 0.02529461695 2
0 0.185 -0.285 0.02328330191 2
0 0.185 -0.275 0.02037637536 2
0 0.185 -0.265 0.01722125134 2
0 0.185 -0.255 0.01423818307 2
0 0.185 -0.245 0.01129786842 2
0 0.185 -0.235 0.008435524374 2
0 0.185 -0.225 0.005640288197 2
0 0.185 -0.215 0.002916817511 2
0 0.185 -0.205 0.000266436764 2
0 0.185 -0.195 -0.00230718134 2
0 0.185 -0.185 -0.004800008094 2
0 0.185 -0.175 -0.007207254968 2
0 0.185 -0.165 -0.009523719182 2
0 0.185 -0.155 -0.01174387047 2
0 0.185 -0.145 -0.01386199527 2
0 0.185 -0.135 -0.01587229765 2
0 0.185 -0.125 -0.01776899075 2
0 0.185 -0.115 -0.01954636987 2
0 0.185 -0.105 -0.0211988716 2
0 0.185 -0.095 -0.02272111797 2
0 0.185 -0.085 -0.02410794474 2
0 0.185 -0.075 -0.02535441185 2
0 0.185 -0.065 -0.0264557877 2
0 0.185 -0.055 -0.02740750908 2
0 0.185 -0.045 -0.02820507855 2
0 0.185 -0.035 -0.02884394757 2
0 0.185 -0.025 -0.02931924992 2
0 0.185 -0.015 -0.02962563047 2
0 0.185 -0.005 -0.02975665316 2
0 0.185 0.005 -0.0297057459 2
0 0.185 0.015 -0.02946367134 2
0 0.185 0.025 -0.02902410819 2
0 0.185 0.035 -0.02837966387 2
0 0.185 0.045 -0.02753875036 2
0 0.185 0.055 -0.02649968513 2
0 0.185 0.065 -0.02528504331 2
0 0.185 0.075 -0.0239411056 2
0 0.185 0.085 -0.02251757731 2
0 0.185 0.095 -0.02108488393 2
0 0.185 0.105 -0.01962073844 2
0 0.185 0.115 -0.01805136072 2
0 0.185 0.125 -0.01622162036 2
0 0.185 0.135 -0.01403494474 2
0 0.185 0.145 -0.01175297057 2
0 0.185 0.155 -0.009685205306 2
0 0.185 0.165 -0.007825759372 2
0 0.185 0.175 -0.006085639586 2
0 0.185 0.185 -0.004475057133 1
0 0.185 0.195 -0.003087615867 1
0 0.185 0.205 -0.001949232856 1
0 0.185 0.215 -0.0006474555589 2
0 0.185 0.225 0.001110266769 2
0 0.185 0.235 0.003438681004 2
0 0.185 0.245 0.006217906919 2
0 0.185 0.255 0.009386352435 2
0 0.185 0.265 0.01267228962 2
0 0.185 0.275 0.01593598332 2
0 0.185 0.285 0.01907864764 2
0 0.185 0.295 0.02213761609 2
0 0.185 0.305 0.02495307285 2
0 0.185 0.315 0.02732913735 2
0 0.185 0.325 0.02912057008 2
0 0.185 0.335 0.03044184494 2
0 0.185 0.345 0.03162185848 2
0 0.185 0.355 0.03304631321 2
0 0.185 0.365 0.03494675095 2
0 0.185 0.375 0.03728400486 2
0 0.185 0.385 0.03978546606 2
0 0.185 0.395 0.04216618455 2
0 0.185 0.405 0.04434771649 2
0 0.185 0.415 0.04634703399 2
0 0.185 0.425 0.04822265813 2
0 0.185 0.435 0.04998095571 2
0 0.185 0.445 0.05168136184 2
0 0.185 0.455 0.05317639807 2
0 0.185 0.465 0.05496744175 2
0 0.185 0.475 0.05554511968 2
0 0.185 0.485 0.05957586027 2
0 0.185 0.495 0.05277321615 2
0 0.185 0.505 0.03484642052 2
0 0.185 0.515 0.01385089352 2
0 0.185 0.525 0 2
0 0.185 0.535 0 2
0 0.185 0.545 0 1
0 0.185 0.555 0 1
0 0.185 0.565 0 1
0 0.195 -0.555 0 2
0 0.195 -0.545 0 2
0 0.195 -0.535 0 2
0 0.195 -0.525 0 2
0 0.195 -0.515 0.01224158568 2
0 0.195 -0.505 0.03152425712 2
0 0.195 -0.495 0.04989689029 2
0 0.195 -0.485 0.05894829559 2
0 0.195 -0.475 0.05813261097 2
0 0.195 -0.465 0.05829908005 2
0 0.195 -0.455 0.05621007023 2
0 0.195 -0.445 0.05404072241 2
0 0.195 -0.435 0.05198817541 2
0 0.195 -0.425 0.05043129912 2
0 0.195 -0.415 0.04818121756 2
0 0.195 -0.405 0.04426528503 2
0 0.195 -0.395 0.03877626283 2
0 0.195 -0.385 0.03349627774 1
0 0.195 -0.375 0.0297697449 1
0 0.195 -0.365 0.0278300359 1
0 0.195 -0.355 0.0267317682 1
0 0.195 -0.345 0.02553748073 1
0 0.195 -0.335 0.02457803383 1
0 0.195 -0.325 0.02476017093 1
0 0.195 -0.315 0.02589250303 1
0 0.195 -0.305 0.02689103457 2
0 0.195 -0.295 0.02636029955 2
0 0.195 -0.285 0.02416420328 2
0 0.195 -0.275 0.02110022392 2
0 0.195 -0.265 0.0178557786 2
0 0.195 -0.255 0.01484255752 2
0 0.195 -0.245 0.01189867373 2
0 0.195 -0.235 0.0090503728 2
0 0.195 -0.225 0.006279642838 2
0 0.195 -0.215 0.003587587785 2
0 0.195 -0.205 0.0009732713693 2
0 0.195 -0.195 -0.001561112317 2
0 0.195 -0.185 -0.004012582744 2
0 0.195 -0.175 -0.006377151347 2
0 0.195 -0.165 -0.008650257641 2
0 0.195 -0.155 -0.01082690934 2
0 0.195 -0.145 -0.01290185485 2
0 0.195 -0.135 -0.01486970082 2
0 0.195 -0.125 -0.01672501291 2
0 0.195 -0.115 -0.0184623941 2
0 0.195 -0.105 -0.02007654645 2
0 0.195 -0.095 -0.02156231651 2
0 0.195 -0.085 -0.02291472431 2
0 0.195 -0.075 -0.02412897503 2
0 0.195 -0.065 -0.02520044847 2
0 0.195 -0.055 -0.02612466725 2
0 0.195 -0.045 -0.0268972282 2
0 0.195 -0.035 -0.0275137186 2
0 0.195 -0.025 -0.02796957053 2
0 0.195 -0.015 -0.02826002619 2
0 0.195 -0.005 -0.02837985483 2
0 0.195 0.005 -0.02832397435 2
0 0.195 0.015 -0.02808701502 2
0 0.195 0.025 -0.02766585463 2
0 0.195 0.035 -0.02705849114 2
0 0.195 0.045 -0.02626923838 2
0 0.195 0.055 -0.02530812723 2
0 0.195 0.065 -0.02419531283 2
0 0.195 0.075 -0.02295852191 2
0 0.195 0.085 -0.02162131062 2
0 0.195 0.095 -0.02019651998 2
0 0.195 0.105 -0.01866098314 2
0 0.195 0.115 -0.01697544772 2
0 0.195 0.125 -0.01507050478 2
0 0.195 0.135 -0.01293780151 2
0 0.195 0.145 -0.01069680644 2
0 0.195 0.155 -0.008519069239 2
0 0.195 0.165 -0.006573411399 2
0 0.195 0.175 -0.00483584934 2
0 0.195 0.185 -0.003281596221 2
0 0.195 0.195 -0.00188625518 2
0 0.195 0.205 -0.0005880958463 2
0 0.195 0.215 0.0007466570575 2
0 0.195 0.225 0.002383715581 2
0 0.195 0.235 0.00450658714 2
0 0.195 0.245 0.007119122059 2
0 0.195 0.255 0.01005587569 2
0 0.195 0.265 0.01311435121 2
0 0.195 0.275 0.01618178306 2
0 0.195 0.285 0.01914610624 2
0 0.195 0.295 0.02203551872 2
0 0.195 0.305 0.02474318296 2
0 0.195 0.315 0.02717228202 2
0 0.195 0.325 0.02925625258 2
0 0.195 0.335 0.03100734784 2
0 0.195 0.345 0.03261369793 2
0 0.195 0.355 0.03427822685 2
0 0.195 0.365 0.03614105638 2
0 0.195 0.375 0.03826472374 2
0 0.195 0.385 0.04051323008 2
0 0.195 0.395 0.04275263752 2
0 0.195 0.405 0.04491478049 2
0 0.195 0.415 0.04695951026 2
0 0.195 0.425 0.04891077077 2
0 0.195 0.435 0.0507570428 2
0 0.195 0.445 0.05256258772 2
0 0.195 0.455 0.05417037019 2
0 0.195 0.465 0.05609768455 2
0 0.195 0.475 0.05678482739 2
0 0.195 0.485 0.06105062392 2
0 0.195 0.495 0.05414323195 2
0 0.195 0.505 0.03580101515 2
0 0.195 0.515 0.01422577025 2
0 0.195 0.525 0 2
0 0.195 0.535 0 2
0 0.195 0.545 0 2
0 0.195 0.555 0 1
0 0.195 0.565 0 1
0 0.205 -0.555 0 2
0 0.205 -0.545 0 2
0 0.205 -0.535 0 2
0 0.205 -0.525 0 2
0 0.205 -0.515 0.01340897439 2
0 0.205 -0.505 0.034238112 2
0 0.205 -0.495 0.05323798374 2
0 0.205 -0.485 0.06159744222 2
0 0.205 -0.475 0.05919327932 2
0 0.205 -0.465 0.0589024412 2
0 0.205 -0.455 0.05689729453 2
0 0.205 -0.445 0.0551276277 2
0 0.205 -0.435 0.05360980811 2
0 0.205 -0.425 0.05220229523 2
0 0.205 -0.415 0.04946571459 2
0 0.205 -0.405 0.04456170238 2
0 0.205 -0.395 0.03814220804 1
0 0.205 -0.385 0.0325676172 1
0 0.205 -0.375 0.02910912644 1
0 0.205 -0.365 0.02753276786 1
0 0.205 -0.355 0.02664044426 1
0 0.205 -0.345 0.02570463194 1
0 0.205 -0.335 0.02529579278 1
0 0.205 -0.325 0.02598146766 1
0 0.205 -0.315 0.02739086127 1
0 0.205 -0.305 0.02820571818 2
0 0.205 -0.295 0.02734473876 2
0 0.205 -0.285 0.02487423797 2
0 0.205 -0.275 0.02166102363 2
0 0.205 -0.265 0.01837874683 2
0 0.205 -0.255 0.01535384359 2
0 0.205 -0.245 0.01242108469 2
0 0.205 -0.235 0.009595443007 2
0 0.205 -0.225 0.00685476886 2
0 0.205 -0.215 0.004197344766 2
0 0.205 -0.205 0.001620672649 2
0 0.205 -0.195 -0.0008741200291 2
0 0.205 -0.185 -0.003284790618 2
0 0.205 -0.175 -0.005607923287 2
0 0.205 -0.165 -0.007839424286 2
0 0.205 -0.155 -0.009974702524 2
0 0.205 -0.145 -0.01200886032 2
0 0.205 -0.135 -0.0139368216 2
0 0.205 -0.125 -0.01575343774 2
0 0.205 -0.115 -0.01745356869 2
0 0.205 -0.105 -0.01903214612 2
0 0.205 -0.095 -0.02048422019 2
0 0.205 -0.085 -0.02180499067 2
0 0.205 -0.075 -0.02298982278 2
0 0.205 -0.065 -0.02403424592 2
0 0.205 -0.055 -0.02493393686 2
0 0.205 -0.045 -0.02568468341 2
0 0.205 -0.035 -0.02628234513 2
0 0.205 -0.025 -0.02672279514 2
0 0.205 -0.015 -0.02700195025 2
0 0.205 -0.005 -0.02711575988 2
0 0.205 0.005 -0.02706056114 2
0 0.205 0.015 -0.02683330971 2
0 0.205 0.025 -0.02643278682 2
0 0.205 0.035 -0.02585977142 2
0 0.205 0.045 -0.02511890598 2
0 0.205 0.055 -0.02421868943 2
0 0.205 0.065 -0.02317253236 2
0 0.205 0.075 -0.02199616361 2
0 0.205 0.085 -0.02070132052 2
0 0.205 0.095 -0.01929242606 2
0 0.205 0.105 -0.01775588938 2
0 0.205 0.115 -0.01606696473 2
0 0.205 0.125 -0.01418945801 2
0 0.205 0.135 -0.01213961436 2
0 0.205 0.145 -0.009999865801 2
0 0.205 0.155 -0.007843614849 2
0 0.205 0.165 -0.00583361224 2
0 0.205 0.175 -0.003973114016 2
0 0.205 0.185 -0.002256037172 2
0 0.205 0.195 -0.0008067867026 2
0 0.205 0.205 0.000531174348 2
0 0.205 0.215 0.001875034864 2
0 0.205 0.225 0.003542190783 2
0 0.205 0.235 0.00561586408 2
0 0.205 0.245 0.008084179101 2
0 0.205 0.255 0.01080216736 2
0 0.205 0.265 0.01363008972 2
0 0.205 0.275 0.01648984198 2
0 0.205 0.285 0.01928610287 2
0 0.205 0.295 0.02201171874 2
0 0.205 0.305 0.02460750816 2
0 0.205 0.315 0.02702531649 2
0 0.205 0.325 0.02922692131 2
0 0.205 0.335 0.03122189946 2
0 0.205 0.345 0.03310179335 2
0 0.205 0.355 0.03498245409 2
0 0.205 0.365 0.03695399818 2
0 0.205 0.375 0.03904951616 2
0 0.205 0.385 0.04122051845 2
0 0.205 0.395 0.0434022818 2
0 0.205 0.405 0.04554762983 2
0 0.205 0.415 0.04762346925 2
0 0.205 0.425 0.04963334869 2
0 0.205 0.435 0.05155793263 2
0 0.205 0.445 0.05345876508 2
0 0.205 0.455 0.05517050894 2
0 0.205 0.465 0.05722549212 2
0 0.205 0.475 0.05801456872 2
0 0.205 0.485 0.06250517768 2
0 0.205 0.495 0.05549114565 2
0 0.205 0.505 0.03673812332 2
0 0.205 0.515 0.01459385554 2
0 0.205 0.525 0 2
0 0.205 0.535 0 2
0 0.205 0.545 0 2
0 0.205 0.555 0 2
0 0.205 0.565 0 1
0 0.215 -0.555 0 2
0 0.215 -0.545 0 2
0 0.215 -0.535 0 2
0 0.215 -0.525 0 2
0 0.215 -0.515 0.01436630252 2
0 0.215 -0.505 0.03635420133 2
0 0.215 -0.495 0.05563582903 2
0 0.215 -0.485 0.06340279713 2
0 0.215 -0.475 0.05985064489 2
0 0.215 -0.465 0.0594170677 2
0 0.215 -0.455 0.0575255645 2
0 0.215 -0.445 0.05595559723 2
0 0.215 -0.435 0.05466312461 2
0 0.215 -0.425 0.05313138989 2
0 0.215 -0.415 0.04995434137 2
0 0.215 -0.405 0.04444425746 2
0 0.215 -0.395 0.0375823319 1
0 0.215 -0.385 0.03197668288 1
0 0.215 -0.375 0.02883887186 1
0 0.215 -0.365 0.02763353768 1
0 0.215 -0.355 0.02693250811 1
0 0.215 -0.345 0.02634647838 1
0 0.215 -0.335 0.02656646461 1
0 0.215 -0.325 0.02776088969 1
0 0.215 -0.315 0.02908022965 2
0 0.215 -0.305 0.0293050615 2
0 0.215 -0.295 0.02792602348 2
0 0.215 -0.285 0.02521395519 2
0 0.215 -0.275 0.02197711132 2
0 0.215 -0.265 0.01875053788 2
0 0.215 -0.255 0.01575218137 2
0 0.215 -0.245 0.01285424162 2
0 0.215 -0.235 0.01006439915 2
0 0.215 -0.225 0.007361894595 2
0 0.215 -0.215 0.004743896352 2
0 0.215 -0.205 0.002207535999 2
0 0.215 -0.195 -0.0002464888784 2
0 0.215 -0.185 -0.002616247771 2
0 0.215 -0.175 -0.00489861195 2
0 0.215 -0.165 -0.007089748473 2
0 0.215 -0.155 -0.009185314971 2
0 0.215 -0.145 -0.01118065172 2
0 0.215 -0.135 -0.01307091076 2
0 0.215 -0.125 -0.01485116079 2
0 0.215 -0.115 -0.01651646728 2
0 0.215 -0.105 -0.01806195518 2
0 0.215 -0.095 -0.01948285616 2
0 0.215 -0.085 -0.02077454217 2
0 0.215 -0.075 -0.02193254654 2
0 0.215 -0.065 -0.02295257286 2
0 0.215 -0.055 -0.02383049439 2
0 0.215 -0.045 -0.02456234533 2
0 0.215 -0.035 -0.02514431787 2
0 0.215 -0.025 -0.02557276421 2
0 0.215 -0.015 -0.0258442591 2
0 0.215 -0.005 -0.0259556951 2
0 0.215 0.005 -0.02590456195 2
0 0.215 0.015 -0.02568922835 2
0 0.215 0.025 -0.0253095505 2
0 0.215 0.035 -0.02476729935 2
0 0.215 0.045 -0.0240669014 2
0 0.215 0.055 -0.02321528611 2
0 0.215 0.065 -0.02222148031 2
0 0.215 0.075 -0.02109470052 2
0 0.215 0.085 -0.01984122794 2
0 0.215 0.095 -0.01846282305 2
0 0.215 0.105 -0.01695426095 2
0 0.215 0.115 -0.0153064817 2
0 0.215 0.125 -0.0135103013 2
0 0.215 0.135 -0.01157914821 2
0 0.215 0.145 -0.009561772376 2
0 0.215 0.155 -0.007501654024 2
0 0.215 0.165 -0.005485470972 2
0 0.215 0.175 -0.003573788172 2
0 0.215 0.185 -0.001788694441 2
0 0.215 0.195 -0.0002186045036 2
0 0.215 0.205 0.001278177729 2
0 0.215 0.215 0.002795758262 2
0 0.215 0.225 0.004564862208 2
0 0.215 0.235 0.00662586614 2
0 0.215 0.245 0.008971070964 2
0 0.215 0.255 0.01151300331 2
0 0.215 0.265 0.01415292274 2
0 0.215 0.275 0.01683681623 2
0 0.215 0.285 0.01949903441 2
0 0.215 0.295 0.02210385082 2
0 0.215 0.305 0.02461120504 2
0 0.215 0.315 0.02699724824 2
0 0.215 0.325 0.02925257012 2
0 0.215 0.335 0.03139607571 2
0 0.215 0.345 0.03346962506 2
0 0.215 0.355 0.03552542284 2
0 0.215 0.365 0.0376058423 2
0 0.215 0.375 0.03972913416 2
0 0.215 0.385 0.04188681681 2
0 0.215 0.395 0.04405319002 2
0 0.215 0.405 0.04620179052 2
0 0.215 0.415 0.04830950312 2
0 0.215 0.425 0.05037201036 2
0 0.215 0.435 0.05236758948 2
0 0.215 0.445 0.05435550474 2
0 0.215 0.455 0.05616339853 2
0 0.215 0.465 0.05833781259 2
0 0.215 0.475 0.05922171118 2
0 0.215 0.485 0.06392646071 2
0 0.215 0.495 0.05680560265 2
0 0.215 0.505 0.03765034933 2
0 0.215 0.515 0.01495221761 2
0 0.215 0.525 0 2
0 0.215 0.535 0 2
0 0.215 0.545 0 2
0 0.215 0.555 0 2
0 0.215 0.565 0 1
0 0.225 -0.555 0 2
0 0.225 -0.545 0 2
0 0.225 -0.535 0 2
0 0.225 -0.525 0 2
0 0.225 -0.515 0.01495284406 2
0 0.225 -0.505 0.03770870803 2
0 0.225 -0.495 0.05718274141 2
0 0.225 -0.485 0.06471121535 2
0 0.225 -0.475 0.06048704936 2
0 0.225 -0.465 0.05992715027 2
0 0.225 -0.455 0.05806552736 2
0 0.225 -0.445 0.0565682391 2
0 0.225 -0.435 0.0553166816 2
0 0.225 -0.425 0.05364477406 2
0 0.225 -0.415 0.05020343688 2
0 0.225 -0.405 0.04436354543 2
0 0.225 -0.395 0.03736985413 1
0 0.225 -0.385 0.03193367225 1
0 0.225 -0.375 0.02907004108 1
0 0.225 -0.365 0.02823792974 1
0 0.225 -0.355 0.02790481506 1
0 0.225 -0.345 0.02779758206 1
0 0.225 -0.335 0.02834279084 1
0 0.225 -0.325 0.02946185744 1
0 0.225 -0.315 0.03038629919 2
0 0.225 -0.305 0.03008196055 2
0 0.225 -0.295 0.02821987076 2
0 0.225 -0.285 0.02530221151 2
0 0.225 -0.275 0.02209548534 2
0 0.225 -0.265 0.0189766553 2
0 0.225 -0.255 0.0160372558 2
0 0.225 -0.245 0.01319627061 2
0 0.225 -0.235 0.01045582973 2
0 0.225 -0.225 0.007800217137 2
0 0.225 -0.215 0.005227003351 2
0 0.225 -0.205 0.002734105431 2
0 0.225 -0.195 0.0003224533202 2
0 0.225 -0.185 -0.002005887112 2
0 0.225 -0.175 -0.004247775718 2
0 0.225 -0.165 -0.006399428812 2
0 0.225 -0.155 -0.008456598895 2
0 0.225 -0.145 -0.01041474902 2
0 0.225 -0.135 -0.01226917182 2
0 0.225 -0.125 -0.01401508653 2
0 0.225 -0.115 -0.01564771392 2
0 0.225 -0.105 -0.01716233594 2
0 0.225 -0.095 -0.0185543421 2
0 0.225 -0.085 -0.01981926473 2
0 0.225 -0.075 -0.02095280474 2
0 0.225 -0.065 -0.02195084949 2
0 0.225 -0.055 -0.022809486 2
0 0.225 -0.045 -0.02352501284 2
0 0.225 -0.035 -0.02409396129 2
0 0.225 -0.025 -0.02451313165 2
0 0.225 -0.015 -0.02477967135 2
0 0.225 -0.005 -0.02489119389 2
0 0.225 0.005 -0.02484599053 2
0 0.225 0.015 -0.02464327345 2
0 0.225 0.025 -0.02428352311 2
0 0.225 0.035 -0.02376873698 2
0 0.225 0.045 -0.02310266958 2
0 0.225 0.055 -0.02229063252 2
0 0.225 0.065 -0.02133896254 2
0 0.225 0.075 -0.02025392234 2
0 0.225 0.085 -0.01904022643 2
0 0.225 0.095 -0.01770037527 2
0 0.225 0.105 -0.01623442697 2
0 0.225 0.115 -0.01464372386 2
0 0.225 0.125 -0.01293586355 2
0 0.225 0.135 -0.01112714907 2
0 0.225 0.145 -0.009240332334 2
0 0.225 0.155 -0.007301114629 2
0 0.225 0.165 -0.005350181529 2
0 0.225 0.175 -0.003448683291 2
0 0.225 0.185 -0.001629829504 2
0 0.225 0.195 7.659068459e-05 2
0 0.225 0.205 0.001751508064 2
0 0.225 0.215 0.003473691721 2
0 0.225 0.225 0.005360979439 2
0 0.225 0.235 0.007447306098 2
0 0.225 0.245 0.009723041107 2
0 0.225 0.255 0.01214093269 2
0 0.225 0.265 0.01464600253 2
0 0.225 0.275 0.01719939868 2
0 0.225 0.285 0.01975565259 2
0 0.225 0.295 0.02227986993 2
0 0.225 0.305 0.02474296477 2
0 0.225 0.315 0.02712781506 2
0 0.225 0.325 0.02942892962 2
0 0.225 0.335 0.03165670875 2
0 0.225 0.345 0.03383397891 2
0 0.225 0.355 0.03598870429 2
0 0.225 0.365 0.0381445191 2
0 0.225 0.375 0.04031387755 2
0 0.225 0.385 0.0424958051 2
0 0.225 0.395 0.04467910447 2
0 0.225 0.405 0.04685005424 2
0 0.225 0.415 0.04899354836 2
0 0.225 0.425 0.0511076256 2
0 0.225 0.435 0.05316952986 2
0 0.225 0.445 0.05523831898 2
0 0.225 0.455 0.05713561671 2
0 0.225 0.465 0.05942175652 2
0 0.225 0.475 0.06039384714 2
0 0.225 0.485 0.06530160449 2
0 0.225 0.495 0.05807539323 2
0 0.225 0.505 0.03853034197 2
0 0.225 0.515 0.01529795332 2
0 0.225 0.525 0 2
0 0.225 0.535 0 2
0 0.225 0.545 0 2
0 0.225 0.555 0 2
0 0.225 0.565 0 1
0 0.235 -0.555 0 2
0 0.235 -0.545 0 2
0 0.235 -0.535 0 2
0 0.235 -0.525 0 2
0 0.235 -0.515 0.01533863792 2
0 0.235 -0.505 0.03865973734 2
0 0.235 -0.495 0.05838805301 2
0 0.235 -0.485 0.06585353453 2
0 0.235 -0.475 0.06123543297 2
0 0.235 -0.465 0.06055051421 2
0 0.235 -0.455 0.05857373373 2
0 0.235 -0.445 0.0569638801 2
0 0.235 -0.435 0.05551017474 2
0 0.235 -0.425 0.05360336716 2
0 0.235 -0.415 0.05008718604 2
0 0.235 -0.405 0.04446876451 2
0 0.235 -0.395 0.03796068164 1
0 0.235 -0.385 0.03295015349 1
0 0.235 -0.375 0.03028324739 1
0 0.235 -0.365 0.02956437187 1
0 0.235 -0.355 0.02937404777 1
0 0.235 -0.345 0.02953185966 1
0 0.235 -0.335 0.03030971966 1
0 0.235 -0.325 0.0311169556 2
0 0.235 -0.315 0.03129097658 2
0 0.235 -0.305 0.03024032926 2
0 0.235 -0.295 0.02800814069 2
0 0.235 -0.285 0.02508912832 2
0 0.235 -0.275 0.02202226454 2
0 0.235 -0.265 0.01906364836 2
0 0.235 -0.255 0.01621514631 2
0 0.235 -0.245 0.01345096307 2
0 0.235 -0.235 0.01077244943 2
0 0.235 -0.225 0.008171770677 2
0 0.235 -0.215 0.005648391492 2
0 0.235 -0.205 0.003202001302 2
0 0.235 -0.195 0.0008343556468 2
0 0.235 -0.185 -0.001451945108 2
0 0.235 -0.175 -0.003653480017 2
0 0.235 -0.165 -0.005766323252 2
0 0.235 -0.155 -0.007786182587 2
0 0.235 -0.145 -0.009708539154 2
0 0.235 -0.135 -0.01152874634 2
0 0.235 -0.125 -0.01324211255 2
0 0.235 -0.115 -0.01484396698 2
0 0.235 -0.105 -0.01632971364 2
0 0.235 -0.095 -0.01769487515 2
0 0.235 -0.085 -0.01893512829 2
0 0.235 -0.075 -0.0200463331 2
0 0.235 -0.065 -0.02102455724 2
0 0.235 -0.055 -0.02186609906 2
0 0.235 -0.045 -0.02256751293 2
0 0.235 -0.035 -0.02312564424 2
0 0.235 -0.025 -0.02353768017 2
0 0.235 -0.015 -0.02380122972 2
0 0.235 -0.005 -0.02391443432 2
0 0.235 0.005 -0.02387612374 2
0 0.235 0.015 -0.02368599193 2
0 0.235 0.025 -0.02334479577 2
0 0.235 0.035 -0.02285448304 2
0 0.235 0.045 -0.02221823405 2
0 0.235 0.055 -0.021440266 2
0 0.235 0.065 -0.02052543189 2
0 0.235 0.075 -0.01947863178 2
0 0.235 0.085 -0.01830422029 2
0 0.235 0.095 -0.01700593318 2
0 0.235 0.105 -0.01558735838 2
0 0.235 0.115 -0.01405372091 2
0 0.235 0.125 -0.01241422544 2
0 0.235 0.135 -0.01068339936 2
0 0.235 0.145 -0.008882260202 2
0 0.235 0.155 -0.007036579143 2
0 0.235 0.165 -0.005174659269 2
0 0.235 0.175 -0.003323219287 2
0 0.235 0.185 -0.001492851376 2
0 0.235 0.195 0.000316827343 2
0 0.235 0.205 0.00214097418 2
0 0.235 0.215 0.004018643923 2
0 0.235 0.225 0.005997043916 2
0 0.235 0.235 0.008098842537 2
0 0.235 0.245 0.01032914133 2
0 0.235 0.255 0.01266976521 2
0 0.235 0.265 0.01509020514 2
0 0.235 0.275 0.01755674639 2
0 0.235 0.285 0.02003655511 2
0 0.235 0.295 0.02250269447 2
0 0.235 0.305 0.02493362461 2
0 0.235 0.315 0.02731644352 2
0 0.235 0.325 0.02964683887 2
0 0.235 0.335 0.03192966123 2
0 0.235 0.345 0.03417657754 2
0 0.235 0.355 0.03640221353 2
0 0.235 0.365 0.03861955999 2
0 0.235 0.375 0.04083647874 2
0 0.235 0.385 0.04305426738 2
0 0.235 0.395 0.04526842724 2
0 0.235 0.405 0.04747255659 2
0 0.235 0.415 0.04965722264 2
0 0.235 0.425 0.05182341051 2
0 0.235 0.435 0.05394875818 2
0 0.235 0.445 0.0560935242 2
0 0.235 0.455 0.05807428533 2
0 0.235 0.465 0.06046488751 2
0 0.235 0.475 0.06151896962 2
0 0.235 0.485 0.06661810154 2
0 0.235 0.495 0.05928959961 2
0 0.235 0.505 0.03937091275 2
0 0.235 0.515 0.01562822881 2
0 0.235 0.525 0 2
0 0.235 0.535 0 2
0 0.235 0.545 0 2
0 0.235 0.555 0 2
0 0.235 0.565 0 1
0 0.245 -0.555 0 2
0 0.245 -0.545 0 2
0 0.245 -0.535 0 2
0 0.245 -0.525 0 2
0 0.245 -0.515 0.01564741373 2
0 0.245 -0.505 0.03943871329 2
0 0.245 -0.495 0.05945256957 2
0 0.245 -0.485 0.06692173208 2
0 0.245 -0.475 0.0620061539 2
0 0.245 -0.465 0.06115559942 2
0 0.245 -0.455 0.0589997897 2
0 0.245 -0.445 0.05722539175 2
0 0.245 -0.435 0.05548893747 2
0 0.245 -0.425 0.05334436808 2
0 0.245 -0.415 0.04992444883 2
0 0.245 -0.405 0.04483332512 2
0 0.245 -0.395 0.03903410284 1
0 0.245 -0.385 0.03454458826 1
0 0.245 -0.375 0.03203323218 1
0 0.245 -0.365 0.03130736062 1
0 0.245 -0.355 0.03139508476 1
0 0.245 -0.345 0.03173601642 2
0 0.245 -0.335 0.03205672365 2
0 0.245 -0.325 0.03202146937 2
0 0.245 -0.315 0.03145152642 2
0 0.245 -0.305 0.02989436814 2
0 0.245 -0.295 0.02754007227 2
0 0.245 -0.285 0.02473219861 2
0 0.245 -0.275 0.02184866396 2
0 0.245 -0.265 0.01904922058 2
0 0.245 -0.255 0.01630644352 2
0 0.245 -0.245 0.0136296536 2
0 0.245 -0.235 0.01102137579 2
0 0.245 -0.225 0.008481361248 2
0 0.245 -0.215 0.006011635546 2
0 0.245 -0.205 0.003614121873 2
0 0.245 -0.195 0.001291770849 2
0 0.245 -0.185 -0.0009520134501 2
0 0.245 -0.175 -0.003113332262 2
0 0.245 -0.165 -0.005187971289 2
0 0.245 -0.155 -0.00717148301 2
0 0.245 -0.145 -0.009059281476 2
0 0.245 -0.135 -0.01084671431 2
0 0.245 -0.125 -0.01252912669 2
0 0.245 -0.115 -0.01410191505 2
0 0.245 -0.105 -0.01556057328 2
0 0.245 -0.095 -0.01690073239 2
0 0.245 -0.085 -0.01811819487 2
0 0.245 -0.075 -0.01920896516 2
0 0.245 -0.065 -0.020169278 2
0 0.245 -0.055 -0.02099562728 2
0 0.245 -0.045 -0.02168479854 2
0 0.245 -0.035 -0.02223390998 2
0 0.245 -0.025 -0.02264046633 2
0 0.245 -0.015 -0.02290243165 2
0 0.245 -0.005 -0.02301832162 2
0 0.245 0.005 -0.0229873165 2
0 0.245 0.015 -0.02280937888 2
0 0.245 0.025 -0.0224853633 2
0 0.245 0.035 -0.02201707287 2
0 0.245 0.045 -0.0214072406 2
0 0.245 0.055 -0.02065938778 2
0 0.245 0.065 -0.01977758344 2
0 0.245 0.075 -0.01876616169 2
0 0.245 0.085 -0.01762952205 2
0 0.245 0.095 -0.01637226787 2
0 0.245 0.105 -0.0149997403 2
0 0.245 0.115 -0.01351892964 2
0 0.245 0.125 -0.01193934819 2
0 0.245 0.135 -0.01027353753 2
0 0.245 0.145 -0.008537184678 2
0 0.245 0.155 -0.006748701169 2
0 0.245 0.165 -0.004927227651 2
0 0.245 0.175 -0.003089081277 2
0 0.245 0.185 -0.001240412756 2
0 0.245 0.195 0.0006219047229 2
0 0.245 0.205 0.002516222726 2
0 0.245 0.215 0.004464522294 2
0 0.245 0.225 0.006491195533 2
0 0.245 0.235 0.008610162646 2
0 0.245 0.245 0.01082433641 2
0 0.245 0.255 0.01312324515 2
0 0.245 0.265 0.0154878024 2
0 0.245 0.275 0.01789530231 2
0 0.245 0.285 0.02032261869 2
0 0.245 0.295 0.02274938244 2
0 0.245 0.305 0.02515919653 2
0 0.245 0.315 0.02754145572 2
0 0.245 0.325 0.02989158136 2
0 0.245 0.335 0.03221083366 2
0 0.245 0.345 0.03450478523 2
0 0.245 0.355 0.03678110095 2
0 0.245 0.365 0.03904705178 2
0 0.245 0.375 0.04130753051 2
0 0.245 0.385 0.04356419803 2
0 0.245 0.395 0.04581536754 2
0 0.245 0.405 0.04805839136 2
0 0.245 0.415 0.05028733142 2
0 0.245 0.425 0.05250573732 2
0 0.245 0.435 0.05469210855 2
0 0.245 0.445 0.0569085496 2
0 0.245 0.455 0.05896734683 2
0 0.245 0.465 0.0614554298 2
0 0.245 0.475 0.06258564182 2
0 0.245 0.485 0.06786398926 2
0 0.245 0.495 0.06043776072 2
0 0.245 0.505 0.04016516382 2
0 0.245 0.515 0.01594032475 2
0 0.245 0.525 0 2
0 0.245 0.535 0 2
0 0.245 0.545 0 2
0 0.245 0.555 0 2
0 0.245 0.565 0 1
0 0.255 -0.555 0 2
0 0.255 -0.545 0 2
0 0.255 -0.535 0 2
0 0.255 -0.525 0 2
0 0.255 -0.515 0.01590640577 2
0 0.255 -0.505 0.04009305978 2
0 0.255 -0.495 0.06036171333 2
0 0.255 -0.485 0.06785137508 2
0 0.255 -0.475 0.06269999483 2
0 0.255 -0.465 0.06170138581 2
0 0.255 -0.455 0.05936109377 2
0 0.255 -0.445 0.0573954939 2
0 0.255 -0.435 0.05532532019 2
0 0.255 -0.425 0.05286611074 2
0 0.255 -0.415 0.04953555478 2
0 0.255 -0.405 0.04523563395 2
0 0.255 -0.395 0.04054922442 2
0 0.255 -0.385 0.03683860408 2
0 0.255 -0.375 0.03447869372 2
0 0.255 -0.365 0.0334580554 2
0 0.255 -0.355 0.03309113261 2
0 0.255 -0.345 0.03296539819 2
0 0.255 -0.335 0.03286383666 2
0 0.255 -0.325 0.03235627852 2
0 0.255 -0.315 0.03118431092 2
0 0.255 -0.305 0.0292729269 2
0 0.255 -0.295 0.02692244897 2
0 0.255 -0.285 0.02428844203 2
0 0.255 -0.275 0.02161360471 2
0 0.255 -0.265 0.01896206391 2
0 0.255 -0.255 0.01633157718 2
0 0.255 -0.245 0.01374589972 2
0 0.255 -0.235 0.01121190516 2
0 0.255 -0.225 0.008735551174 2
0 0.255 -0.215 0.006321632471 2
0 0.255 -0.205 0.003974343437 2
0 0.255 -0.195 0.001697971098 2
0 0.255 -0.185 -0.0005031577236 2
0 0.255 -0.175 -0.00262456025 2
0 0.255 -0.165 -0.004661646082 2
0 0.255 -0.155 -0.006609740086 2
0 0.255 -0.145 -0.008464129744 2
0 0.255 -0.135 -0.01022010778 2
0 0.255 -0.125 -0.01187301549 2
0 0.255 -0.115 -0.0134182828 2
0 0.255 -0.105 -0.01485146553 2
0 0.255 -0.095 -0.01616827968 2
0 0.255 -0.085 -0.01736463334 2
0 0.255 -0.075 -0.01843665687 2
0 0.255 -0.065 -0.0193807328 2
0 0.255 -0.055 -0.0201935271 2
0 0.255 -0.045 -0.02087202432 2
0 0.255 -0.035 -0.02141356926 2
0 0.255 -0.025 -0.02181591791 2
0 0.255 -0.015 -0.0220772997 2
0 0.255 -0.005 -0.02219649028 2
0 0.255 0.005 -0.02217289188 2
0 0.255 0.015 -0.02200661027 2
0 0.255 0.025 -0.02169851601 2
0 0.255 0.035 -0.02125026732 2
0 0.255 0.045 -0.02066428225 2
0 0.255 0.055 -0.01994364934 2
0 0.255 0.065 -0.01909200004 2
0 0.255 0.075 -0.01811339134 2
0 0.255 0.085 -0.01701227287 2
0 0.255 0.095 -0.01579363047 2
0 0.255 0.105 -0.01446331646 2
0 0.255 0.115 -0.0130285206 2
0 0.255 0.125 -0.0114982165 2
0 0.255 0.135 -0.009883362115 2
0 0.255 0.145 -0.008196626168 2
0 0.255 0.155 -0.006451514642 2
0 0.255 0.165 -0.004660707155 2
0 0.255 0.175 -0.002833955084 2
0 0.255 0.185 -0.0009751598677 2
0 0.255 0.195 0.0009176627164 2
0 0.255 0.205 0.002853566338 2
0 0.255 0.215 0.004844101509 2
0 0.255 0.225 0.006901228381 2
0 0.255 0.235 0.009031967463 2
0 0.255 0.245 0.01123713537 2
0 0.255 0.255 0.0135101721 2
0 0.255 0.265 0.01583878715 2
0 0.255 0.275 0.01820731807 2
0 0.255 0.285 0.02059912087 2
0 0.255 0.295 0.02299888077 2
0 0.255 0.305 0.02539403325 2
0 0.255 0.315 0.02777582436 2
0 0.255 0.325 0.03013956551 2
0 0.255 0.335 0.03248441492 2
0 0.255 0.345 0.03481245365 2
0 0.255 0.355 0.03712738126 2
0 0.255 0.365 0.0394331075 2
0 0.255 0.375 0.04173256465 2
0 0.255 0.385 0.04402719722 2
0 0.255 0.395 0.04631655948 2
0 0.255 0.405 0.04860006147 2
0 0.255 0.415 0.05087390793 2
0 0.255 0.425 0.05314356031 2
0 0.255 0.435 0.05538829556 2
0 0.255 0.445 0.05767217713 2
0 0.255 0.455 0.05980377209 2
0 0.255 0.465 0.06238244446 2
0 0.255 0.475 0.06358315129 2
0 0.255 0.485 0.06902801925 2
0 0.255 0.495 0.06151002407 2
0 0.255 0.505 0.04090660165 2
0 0.255 0.515 0.01623167772 2
0 0.255 0.525 0 2
0 0.255 0.535 0 2
0 0.255 0.545 0 2
0 0.255 0.555 0 2
0 0.255 0.565 0 1
0 0.265 -0.555 0 2
0 0.265 -0.545 0 2
0 0.265 -0.535 0 2
0 0.265 -0.525 0 2
0 0.265 -0.515 0.01612646444 2
0 0.265 -0.505 0.04064913638 2
0 0.265 -0.495 0.06114139506 2
0 0.265 -0.485 0.06865668214 2
0 0.265 -0.475 0.06331266374 2
0 0.265 -0.465 0.06218621328 2
0 0.265 -0.455 0.05968137021 2
0 0.265 -0.445 0.05755205916 2
0 0.265 -0.435 0.05522938492 2
0 0.265 -0.425 0.05261906287 2
0 0.265 -0.415 0.04947302181 2
0 0.265 -0.405 0.04579145549 2
0 0.265 -0.395 0.04188586382 2
0 0.265 -0.385 0.03871526181 2
0 0.265 -0.375 0.03647725322 2
0 0.265 -0.365 0.03517951474 2
0 0.265 -0.355 0.03446263097 2
0 0.265 -0.345 0.03393275724 2
0 0.265 -0.335 0.03323486917 2
0 0.265 -0.325 0.03214291907 2
0 0.265 -0.315 0.03056755136 2
0 0.265 -0.305 0.02857059096 2
0 0.265 -0.295 0.02632306345 2
0 0.265 -0.285 0.02387180065 2
0 0.265 -0.275 0.0213665621 2
0 0.265 -0.265 0.01883728131 2
0 0.265 -0.255 0.01631288825 2
0 0.265 -0.245 0.01381474057 2
0 0.265 -0.235 0.01135448952 2
0 0.265 -0.225 0.008941871943 2
0 0.265 -0.215 0.006584060468 2
0 0.265 -0.205 0.004287161629 2
0 0.265 -0.195 0.002056709564 2
0 0.265 -0.185 -0.0001020773951 2
0 0.265 -0.175 -0.002184120735 2
0 0.265 -0.165 -0.004184428664 2
0 0.265 -0.155 -0.006098067572 2
0 0.265 -0.145 -0.007920167051 2
0 0.265 -0.135 -0.009645935045 2
0 0.265 -0.125 -0.0112706814 2
0 0.265 -0.115 -0.01278984442 2
0 0.265 -0.105 -0.01419901906 2
0 0.265 -0.095 -0.01549398542 2
0 0.265 -0.085 -0.01667073728 2
0 0.265 -0.075 -0.01772551084 2
0 0.265 -0.065 -0.01865481424 2
0 0.265 -0.055 -0.01945545899 2
0 0.265 -0.045 -0.02012459458 2
0 0.265 -0.035 -0.02065974791 2
0 0.265 -0.025 -0.02105886846 2
0 0.265 -0.015 -0.02132037975 2
0 0.265 -0.005 -0.02144323523 2
0 0.265 0.005 -0.02142697519 2
0 0.265 0.015 -0.021271777 2
0 0.265 0.025 -0.02097849049 2
0 0.265 0.035 -0.02054864743 2
0 0.265 0.045 -0.01998444053 2
0 0.265 0.055 -0.01928867337 2
0 0.265 0.065 -0.01846469913 2
0 0.265 0.075 -0.01751637967 2
0 0.265 0.085 -0.01644810343 2
0 0.265 0.095 -0.01526489308 2
0 0.265 0.105 -0.01397258954 2
0 0.265 0.115 -0.01257806676 2
0 0.265 0.125 -0.01108937772 2
0 0.265 0.135 -0.009515729585 2
0 0.265 0.145 -0.007867162691 2
0 0.265 0.155 -0.006153862249 2
0 0.265 0.165 -0.004385026447 2
0 0.265 0.175 -0.002567594991 2
0 0.265 0.185 -0.0007049057032 2
0 0.265 0.195 0.001203382227 2
0 0.265 0.205 0.003161241253 2
0 0.265 0.215 0.005174174435 2
0 0.265 0.225 0.007247636387 2
0 0.265 0.235 0.009384503293 2
0 0.265 0.245 0.01158396339 2
0 0.265 0.255 0.01384083964 2
0 0.265 0.265 0.01614626284 2
0 0.265 0.275 0.01848895912 2
0 0.265 0.285 0.02085677737 2
0 0.265 0.295 0.02323818481 2
0 0.265 0.305 0.02562336619 2
0 0.265 0.315 0.02800499361 2
0 0.265 0.325 0.03037849254 2
0 0.265 0.335 0.03274191295 2
0 0.265 0.345 0.03509539166 2
0 0.265 0.355 0.03744037778 2
0 0.265 0.365 0.03977880969 2
0 0.265 0.375 0.04211237378 2
0 0.265 0.385 0.04444221021 2
0 0.265 0.395 0.04676842072 2
0 0.265 0.405 0.04909154373 2
0 0.265 0.415 0.05140907503 2
0 0.265 0.425 0.05372783334 2
0 0.265 0.435 0.0560276721 2
0 0.265 0.445 0.05837450832 2
0 0.265 0.455 0.06057360834 2
0 0.265 0.465 0.06323591691 2
0 0.265 0.475 0.06450161039 2
0 0.265 0.485 0.07009978073 2
0 0.265 0.495 0.0624972603 2
0 0.265 0.505 0.04158922052 2
0 0.265 0.515 0.01649991165 2
0 0.265 0.525 0 2
0 0.265 0.535 0 2
0 0.265 0.545 0 2
0 0.265 0.555 0 2
0 0.265 0.565 0 2
0 0.275 -0.555 0 2
0 0.275 -0.545 0 2
0 0.275 -0.535 0 2
0 0.275 -0.525 0 2
0 0.275 -0.515 0.01631181028 2
0 0.275 -0.505 0.04111828975 2
0 0.275 -0.495 0.0618013219 2
0 0.275 -0.485 0.06934209814 2
0 0.275 -0.475 0.06384027887 2
0 0.275 -0.465 0.06261006189 2
0 0.275 -0.455 0.05997190497 2
0 0.275 -0.445 0.05771646531 2
0 0.275 -0.435 0.05521623709 2
0 0.275 -0.425 0.05252435724 2
0 0.275 -0.415 0.04953317589 2
0 0.275 -0.405 0.04633807634 2
0 0.275 -0.395 0.0431184914 2
0 0.275 -0.385 0.04035805202 2
0 0.275 -0.375 0.0381693217 2
0 0.275 -0.365 0.0365500376 2
0 0.275 -0.355 0.0353423303 2
0 0.275 -0.345 0.03429232888 2
0 0.275 -0.335 0.03311714316 2
0 0.275 -0.325 0.03169812508 2
0 0.275 -0.315 0.02997486008 2
0 0.275 -0.305 0.02797617357 2
0 0.275 -0.295 0.02581045104 2
0 0.275 -0.285 0.02350029486 2
0 0.275 -0.275 0.02112074507 2
0 0.275 -0.265 0.01869766454 2
0 0.275 -0.255 0.01626712734 2
0 0.275 -0.245 0.01384922504 2
0 0.275 -0.235 0.01145890959 2
0 0.275 -0.225 0.009107778343 2
0 0.275 -0.215 0.006804739464 2
0 0.275 -0.205 0.004557283128 2
0 0.275 -0.195 0.002371951015 2
0 0.275 -0.185 0.0002547122891 2
0 0.275 -0.175 -0.001788824368 2
0 0.275 -0.165 -0.003753294798 2
0 0.275 -0.155 -0.005633513983 2
0 0.275 -0.145 -0.007424448943 2
0 0.275 -0.135 -0.009121211632 2
0 0.275 -0.125 -0.01071906581 2
0 0.275 -0.115 -0.01221344187 2
0 0.275 -0.105 -0.01359995672 2
0 0.275 -0.095 -0.01487443684 2
0 0.275 -0.085 -0.01603294321 2
0 0.275 -0.075 -0.01707179791 2
0 0.275 -0.065 -0.01798761213 2
0 0.275 -0.055 -0.01877731625 2
0 0.275 -0.045 -0.01943819232 2
0 0.275 -0.035 -0.01996790963 2
0 0.275 -0.025 -0.0203645635 2
0 0.275 -0.015 -0.02062671694 2
0 0.275 -0.005 -0.02075344313 2
0 0.275 0.005 -0.02074436586 2
0 0.275 0.015 -0.02059969308 2
0 0.275 0.025 -0.02032023833 2
0 0.275 0.035 -0.01990742542 2
0 0.275 0.045 -0.01936327546 2
0 0.275 0.055 -0.01869038045 2
0 0.275 0.065 -0.01789187554 2
0 0.275 0.075 -0.01697142723 2
0 0.275 0.085 -0.01593325434 2
0 0.275 0.095 -0.01478219 2
0 0.275 0.105 -0.01352377048 2
0 0.275 0.115 -0.01216431627 2
0 0.275 0.125 -0.01071094387 2
0 0.275 0.135 -0.009171443415 2
0 0.275 0.145 -0.00755396208 2
0 0.275 0.155 -0.005866482576 2
0 0.275 0.165 -0.004116112982 2
0 0.275 0.175 -0.002308369135 2
0 0.275 0.185 -0.00044655944 2
0 0.275 0.195 0.001468243578 2
0 0.275 0.205 0.003436942434 2
0 0.275 0.215 0.005461337918 2
0 0.275 0.225 0.007543080271 2
0 0.275 0.235 0.00968235919 2
0 0.275 0.245 0.0118771552 2
0 0.275 0.255 0.01412285382 2
0 0.275 0.265 0.01641253108 2
0 0.275 0.275 0.01873765506 2
0 0.275 0.285 0.02108902122 2
0 0.275 0.295 0.02345772105 2
0 0.275 0.305 0.02583593524 2
0 0.275 0.315 0.02821749038 2
0 0.275 0.325 0.03059809688 2
0 0.275 0.335 0.03297530493 2
0 0.275 0.345 0.03534820838 2
0 0.275 0.355 0.03771698951 2
0 0.275 0.365 0.04008243365 2
0 0.275 0.375 0.04244545273 2
0 0.275 0.385 0.04480693564 2
0 0.275 0.395 0.04716723934 2
0 0.275 0.405 0.04952755411 2
0 0.275 0.415 0.05188617479 2
0 0.275 0.425 0.05425088221 2
0 0.275 0.435 0.05660191137 2
0 0.275 0.445 0.05900683205 2
0 0.275 0.455 0.06126795205 2
0 0.275 0.465 0.064006784 2
0 0.275 0.475 0.06533200842 2
0 0.275 0.485 0.0710697731 2
0 0.275 0.495 0.06339113304 2
0 0.275 0.505 0.04220755155 2
0 0.275 0.515 0.01674285724 2
0 0.275 0.525 0 2
0 0.275 0.535 0 2
0 0.275 0.545 0 2
0 0.275 0.555 0 2
0 0.275 0.565 0 2
0 0.285 -0.555 0 2
0 0.285 -0.545 0 2
0 0.285 -0.535 0 2
0 0.285 -0.525 0 2
0 0.285 -0.515 0.01646524564 2
0 0.285 -0.505 0.04150809916 2
0 0.285 -0.495 0.06234943309 2
0 0.285 -0.485 0.0699142215 2
0 0.285 -0.475 0.064285972 2
0 0.285 -0.465 0.06297810576 2
0 0.285 -0.455 0.0602446247 2
0 0.285 -0.445 0.05791154459 2
0 0.285 -0.435 0.05533871285 2
0 0.285 -0.425 0.05267110981 2
0 0.285 -0.415 0.04984492953 2
0 0.285 -0.405 0.04695657854 2
0 0.285 -0.395 0.04412722622 2
0 0.285 -0.385 0.04156701303 2
0 0.285 -0.375 0.03936768427 2
0 0.285 -0.365 0.03753792621 2
0 0.285 -0.355 0.03597172538 2
0 0.285 -0.345 0.03451274102 2
0 0.285 -0.335 0.03300174792 2
0 0.285 -0.325 0.03134870777 2
0 0.285 -0.315 0.02952333739 2
0 0.285 -0.305 0.02753396315 2
0 0.285 -0.295 0.02542008477 2
0 0.285 -0.285 0.02319482747 2
0 0.285 -0.275 0.0208978629 2
0 0.285 -0.265 0.01855949224 2
0 0.285 -0.255 0.01620718995 2
0 0.285 -0.245 0.01386000894 2
0 0.285 -0.235 0.01153358421 2
0 0.285 -0.225 0.009240022109 2
0 0.285 -0.215 0.006989154719 2
0 0.285 -0.205 0.004789280833 2
0 0.285 -0.195 0.002647626663 2
0 0.285 -0.185 0.0005707064934 2
0 0.285 -0.175 -0.001435459292 2
0 0.285 -0.165 -0.003365203288 2
0 0.285 -0.155 -0.00521312608 2
0 0.285 -0.145 -0.006974049473 2
0 0.285 -0.135 -0.00864299424 2
0 0.285 -0.125 -0.0102151749 2
0 0.285 -0.115 -0.01168600557 2
0 0.285 -0.105 -0.01305111338 2
0 0.285 -0.095 -0.01430635685 2
0 0.285 -0.085 -0.01544784774 2
0 0.285 -0.075 -0.01647197526 2
0 0.285 -0.065 -0.01737543226 2
0 0.285 -0.055 -0.01815524313 2
0 0.285 -0.045 -0.01880879342 2
0 0.285 -0.035 -0.01933386113 2
0 0.285 -0.025 -0.01972864941 2
0 0.285 -0.015 -0.01999181981 2
0 0.285 -0.005 -0.0201225245 2
0 0.285 0.005 -0.02012043525 2
0 0.285 0.015 -0.01998576603 2
0 0.285 0.025 -0.01971928658 2
0 0.285 0.035 -0.01932232492 2
0 0.285 0.045 -0.01879675942 2
0 0.285 0.055 -0.01814500413 2
0 0.285 0.065 -0.01736999462 2
0 0.285 0.075 -0.01647518297 2
0 0.285 0.085 -0.01546454829 2
0 0.285 0.095 -0.01434262211 2
0 0.285 0.105 -0.01311451614 2
0 0.285 0.115 -0.0117859285 2
0 0.285 0.125 -0.01036309409 2
0 0.285 0.135 -0.008852645514 2
0 0.285 0.145 -0.00726135864 2
0 0.285 0.155 -0.005595789723 2
0 0.285 0.165 -0.003861836468 2
0 0.285 0.175 -0.002064330065 2
0 0.285 0.185 -0.0002067436211 2
0 0.285 0.195 0.0017087953 2
0 0.285 0.205 0.00368126384 2
0 0.285 0.215 0.005710146467 2
0 0.285 0.225 0.007794782609 2
0 0.285 0.235 0.009933648705 2
0 0.285 0.245 0.01212388841 2
0 0.285 0.255 0.01436108778 2
0 0.285 0.265 0.01663941211 2
0 0.285 0.275 0.01895201254 2
0 0.285 0.285 0.02129160386 2
0 0.285 0.295 0.0236510864 2
0 0.285 0.305 0.02602408818 2
0 0.285 0.315 0.02840536025 2
0 0.285 0.325 0.0307909762 2
0 0.285 0.335 0.03317834266 2
0 0.285 0.345 0.0355660473 2
0 0.285 0.355 0.03795359554 2
0 0.285 0.365 0.04034112701 2
0 0.285 0.375 0.0427291024 2
0 0.285 0.385 0.04511825193 2
0 0.285 0.395 0.04750907415 2
0 0.285 0.405 0.04990316298 2
0 0.285 0.415 0.0522993239 2
0 0.285 0.425 0.05470602807 2
0 0.285 0.435 0.05710374389 2
0 0.285 0.445 0.05956146955 2
0 0.285 0.455 0.061878875 2
0 0.285 0.465 0.06468691223 2
0 0.285 0.475 0.06606621977 2
0 0.285 0.485 0.07192943031 2
0 0.285 0.495 0.0641841261 2
0 0.285 0.505 0.04275668021 2
0 0.285 0.515 0.01695855999 2
0 0.285 0.525 0 2
0 0.285 0.535 0 2
0 0.285 0.545 0 2
0 0.285 0.555 0 2
0 0.285 0.565 0 2
0 0.295 -0.555 0 2
0 0.295 -0.545 0 2
0 0.295 -0.535 0 2
0 0.295 -0.525 0 2
0 0.295 -0.515 0.01658742455 2
0 0.295 -0.505 0.04182057969 2
0 0.295 -0.495 0.06278737465 2
0 0.295 -0.485 0.07037407722 2
0 0.295 -0.475 0.0646490792 2
0 0.295 -0.465 0.06328878547 2
0 0.295 -0.455 0.06049479444 2
0 0.295 -0.445 0.05812157926 2
0 0.295 -0.435 0.05553507167 2
0 0.295 -0.425 0.05292455174 2
0 0.295 -0.415 0.05024437211 2
0 0.295 -0.405 0.04756881543 2
0 0.295 -0.395 0.04496487916 2
0 0.295 -0.385 0.04252222984 2
0 0.295 -0.375 0.04028821855 2
0 0.295 -0.365 0.03827071999 2
0 0.295 -0.355 0.03642425873 2
0 0.295 -0.345 0.03467168564 2
0 0.295 -0.335 0.03292690533 2
0 0.295 -0.325 0.03112518643 2
0 0.295 -0.315 0.02922904954 2
0 0.295 -0.305 0.02722510347 2
0 0.295 -0.295 0.02512334851 2
0 0.295 -0.285 0.02294141165 2
0 0.295 -0.275 0.02070297816 2
0 0.295 -0.265 0.0184291392 2
0 0.295 -0.255 0.01614061005 2
0 0.295 -0.245 0.01385436611 2
0 0.295 -0.235 0.01158493585 2
0 0.295 -0.225 0.009344170204 2
0 0.295 -0.215 0.007142096008 2
0 0.295 -0.205 0.004987323591 2
0 0.295 -0.195 0.002887433742 2
0 0.295 -0.185 0.000849262841 2
0 0.295 -0.175 -0.001120900063 2
0 0.295 -0.165 -0.003017176157 2
0 0.295 -0.155 -0.004834008054 2
0 0.295 -0.145 -0.006566105207 2
0 0.295 -0.135 -0.008208413959 2
0 0.295 -0.125 -0.009756105315 2
0 0.295 -0.115 -0.01120457523 2
0 0.295 -0.105 -0.01254945371 2
0 0.295 -0.095 -0.01378662014 2
0 0.295 -0.085 -0.01491222275 2
0 0.295 -0.075 -0.01592270096 2
0 0.295 -0.065 -0.01681480977 2
0 0.295 -0.055 -0.01758564538 2
0 0.295 -0.045 -0.01823267184 2
0 0.295 -0.035 -0.01875374823 2
0 0.295 -0.025 -0.01914715584 2
0 0.295 -0.015 -0.01941162456 2
0 0.295 -0.005 -0.01954635719 2
0 0.295 0.005 -0.01955105008 2
0 0.295 0.015 -0.0194259083 2
0 0.295 0.025 -0.01917165392 2
0 0.295 0.035 -0.01878952651 2
0 0.295 0.045 -0.01828127688 2
0 0.295 0.055 -0.0176491564 2
0 0.295 0.065 -0.01689590589 2
0 0.295 0.075 -0.01602474783 2
0 0.295 0.085 -0.01503938371 2
0 0.295 0.095 -0.01394399372 2
0 0.295 0.105 -0.01274322956 2
0 0.295 0.115 -0.01144218561 2
0 0.295 0.125 -0.01004632965 2
0 0.295 0.135 -0.008561377721 2
0 0.295 0.145 -0.006993105443 2
0 0.295 0.155 -0.005347108012 2
0 0.295 0.165 -0.003628537215 2
0 0.295 0.175 -0.001841875171 2
0 0.295 0.185 9.203042839e-06 2
0 0.295 0.195 0.001921802273 2
0 0.295 0.205 0.003893634179 2
0 0.295 0.215 0.00592267642 2
0 0.295 0.225 0.00800678405 2
0 0.295 0.235 0.01014329197 2
0 0.295 0.245 0.012328741 2
0 0.295 0.255 0.0145587572 2
0 0.295 0.265 0.01682813232 2
0 0.295 0.275 0.01913107048 2
0 0.295 0.285 0.02146154752 2
0 0.295 0.295 0.02381370918 2
0 0.295 0.305 0.0261822343 2
0 0.295 0.315 0.02856261198 2
0 0.295 0.325 0.0309512999 2
0 0.295 0.335 0.03334576018 2
0 0.295 0.345 0.0357443904 2
0 0.295 0.355 0.03814637561 2
0 0.295 0.365 0.04055152776 2
0 0.295 0.375 0.0429600751 2
0 0.295 0.385 0.04537267812 2
0 0.295 0.395 0.04778994209 2
0 0.295 0.405 0.05021373761 2
0 0.295 0.415 0.05264321535 2
0 0.295 0.425 0.05508735478 2
0 0.295 0.435 0.05752675932 2
0 0.295 0.445 0.06003163443 2
0 0.295 0.455 0.06239933816 2
0 0.295 0.465 0.06526905091 2
0 0.295 0.475 0.06669698219 2
0 0.295 0.485 0.0726711084 2
0 0.295 0.495 0.06486953677 2
0 0.295 0.505 0.04323223947 2
0 0.295 0.515 0.01714527887 2
0 0.295 0.525 0 2
0 0.295 0.535 0 2
0 0.295 0.545 0 2
0 0.295 0.555 0 2
0 0.295 0.565 0 2
0 0.305 -0.555 0 2
0 0.305 -0.545 0 2
0 0.305 -0.535 0 2
0 0.305 -0.525 0 2
0 0.305 -0.515 0.01667705892 2
0 0.305 -0.505 0.04205272461 2
0 0.305 -0.495 0.06311089041 2
0 0.305 -0.485 0.07071746472 2
0 0.305 -0.475 0.06492600941 2
0 0.305 -0.465 0.06353731448 2
0 0.305 -0.455 0.06071265574 2
0 0.305 -0.445 0.05832652367 2
0 0.305 -0.435 0.05575081119 2
0 0.305 -0.425 0.05318703599 2
0 0.305 -0.415 0.0505894491 2
0 0.305 -0.405 0.04801613432 2
0 0.305 -0.395 0.0455061679 2
0 0.305 -0.385 0.04310924012 2
0 0.305 -0.375 0.04085217949 2
0 0.305 -0.365 0.03873845253 2
0 0.305 -0.355 0.03674255325 2
0 0.305 -0.345 0.03481989596 2
0 0.305 -0.335 0.0329192792 2
0 0.305 -0.325 0.03099745285 2
0 0.305 -0.315 0.02902515822 2
0 0.305 -0.305 0.02698851482 2
0 0.305 -0.295 0.02488810418 2
0 0.305 -0.285 0.02273197337 2
0 0.305 -0.275 0.02053371244 2
0 0.305 -0.265 0.01830826358 2
0 0.305 -0.255 0.01607119841 2
0 0.305 -0.245 0.01383669456 2
0 0.305 -0.235 0.01161744303 2
0 0.305 -0.225 0.009424481349 2
0 0.305 -0.215 0.007267494616 2
0 0.305 -0.205 0.005155019768 2
0 0.305 -0.195 0.003094702542 2
0 0.305 -0.185 0.001093494286 2
0 0.305 -0.175 -0.0008421914285 2
0 0.305 -0.165 -0.002706363127 2
0 0.305 -0.155 -0.004493370794 2
0 0.305 -0.145 -0.006197852938 2
0 0.305 -0.135 -0.007814705489 2
0 0.305 -0.125 -0.00933906741 2
0 0.305 -0.115 -0.01076631885 2
0 0.305 -0.105 -0.01209208852 2
0 0.305 -0.095 -0.01331226766 2
0 0.305 -0.085 -0.01442302849 2
0 0.305 -0.075 -0.01542084548 2
0 0.305 -0.065 -0.01630251834 2
0 0.305 -0.055 -0.0170651958 2
0 0.305 -0.045 -0.01770639948 2
0 0.305 -0.035 -0.01822404738 2
0 0.305 -0.025 -0.0186164763 2
0 0.305 -0.015 -0.01888246258 2
0 0.305 -0.005 -0.01902124015 2
0 0.305 0.005 -0.01903251488 2
0 0.305 0.015 -0.01891647413 2
0 0.305 0.025 -0.01867379073 2
0 0.305 0.035 -0.01830562111 2
0 0.305 0.045 -0.01781359809 2
0 0.305 0.055 -0.01719981985 2
0 0.305 0.065 -0.01646683674 2
0 0.305 0.075 -0.01561763759 2
0 0.305 0.085 -0.01465563531 2
0 0.305 0.095 -0.01358464938 2
0 0.305 0.105 -0.01240887954 2
0 0.305 0.115 -0.01113286294 2
0 0.305 0.125 -0.009761406187 2
0 0.305 0.135 -0.008299486994 2
0 0.305 0.145 -0.006752125554 2
0 0.305 0.155 -0.005124236419 2
0 0.305 0.165 -0.003420480182 2
0 0.305 0.175 -0.001645146069 2
0 0.305 0.185 0.0001979074119 2
0 0.305 0.195 0.002105224439 2
0 0.305 0.205 0.004073642875 2
0 0.305 0.215 0.006100107903 2
0 0.305 0.225 0.008181460106 2
0 0.305 0.235 0.01031423081 2
0 0.305 0.245 0.01249450303 2
0 0.305 0.255 0.0147178625 2
0 0.305 0.265 0.01697945866 2
0 0.305 0.275 0.01927416225 2
0 0.305 0.285 0.02159679084 2
0 0.305 0.295 0.02394236184 2
0 0.305 0.305 0.02630633049 2
0 0.305 0.315 0.02868477997 2
0 0.305 0.325 0.03107454149 2
0 0.305 0.335 0.03347323812 2
0 0.305 0.345 0.03587926186 2
0 0.305 0.355 0.03829169445 2
0 0.305 0.365 0.04071022195 2
0 0.305 0.375 0.0431349891 2
0 0.305 0.385 0.045566661 2
0 0.305 0.395 0.04800594868 2
0 0.305 0.405 0.05045493563 2
0 0.305 0.415 0.05291302324 2
0 0.305 0.425 0.05538957622 2
0 0.305 0.435 0.0578652752 2
0 0.305 0.445 0.06041132325 2
0 0.305 0.455 0.06282311021 2
0 0.305 0.465 0.06574677452 2
0 0.305 0.475 0.06721785644 2
0 0.305 0.485 0.07328804835 2
0 0.305 0.495 0.06544144545 2
0 0.305 0.505 0.04363038654 2
0 0.305 0.515 0.0173014786 2
0 0.305 0.525 0 2
0 0.305 0.535 0 2
0 0.305 0.545 0 2
0 0.305 0.555 0 2
0 0.305 0.565 0 2
0 0.315 -0.555 0 2
0 0.315 -0.545 0 2
0 0.315 -0.535 0 2
0 0.315 -0.525 0 2
0 0.315 -0.515 0.0167306371 2
0 0.315 -0.505 0.04219596076 2
0 0.315 -0.495 0.06330912299 2
0 0.315 -0.485 0.07093480181 2
0 0.315 -0.475 0.06511101548 2
0 0.315 -0.465 0.06371731143 2
0 0.315 -0.455 0.06088608374 2
0 0.315 -0.445 0.05850266817 2
0 0.315 -0.435 0.0559424011 2
0 0.315 -0.425 0.05341212747 2
0 0.315 -0.415 0.05086434736 2
0 0.315 -0.405 0.04834676171 2
0 0.315 -0.395 0.04588239467 2
0 0.315 -0.385 0.04350112761 2
0 0.315 -0.375 0.0412184977 2
0 0.315 -0.365 0.03903646801 2
0 0.315 -0.355 0.03694075196 2
0 0.315 -0.345 0.03490534618 2
0 0.315 -0.335 0.03289883384 2
0 0.315 -0.325 0.03089205771 2
0 0.315 -0.315 0.02886277497 2
0 0.315 -0.305 0.02679784869 2
0 0.315 -0.295 0.02469340793 2
0 0.315 -0.285 0.02255233859 2
0 0.315 -0.275 0.02038255813 2
0 0.315 -0.265 0.0181944321 2
0 0.315 -0.255 0.01599943659 2
0 0.315 -0.245 0.01380895523 2
0 0.315 -0.235 0.01163381282 2
0 0.315 -0.225 0.009483944315 2
0 0.315 -0.215 0.007368390726 2
0 0.315 -0.205 0.005295355147 2
0 0.315 -0.195 0.003272328202 2
0 0.315 -0.185 0.001306205702 2
0 0.315 -0.175 -0.0005966026468 2
0 0.315 -0.165 -0.002430086134 2
0 0.315 -0.155 -0.004188567551 2
0 0.315 -0.145 -0.005866658072 2
0 0.315 -0.135 -0.007459229948 2
0 0.315 -0.125 -0.008961403962 2
0 0.315 -0.115 -0.01036854868 2
0 0.315 -0.105 -0.01167628863 2
0 0.315 -0.095 -0.01288051901 2
0 0.315 -0.085 -0.01397742452 2
0 0.315 -0.075 -0.01496350076 2
0 0.315 -0.065 -0.01583557667 2
0 0.315 -0.055 -0.01659083688 2
0 0.315 -0.045 -0.0172268434 2
0 0.315 -0.035 -0.0177415558 2
0 0.315 -0.025 -0.01813334966 2
0 0.315 -0.015 -0.01840103242 2
0 0.315 -0.005 -0.01854385637 2
0 0.315 0.005 -0.0185615279 2
0 0.315 0.015 -0.01845421241 2
0 0.315 0.025 -0.01822253448 2
0 0.315 0.035 -0.01786757304 2
0 0.315 0.045 -0.01739085186 2
0 0.315 0.055 -0.01679432578 2
0 0.315 0.065 -0.01608036349 2
0 0.315 0.075 -0.01525172713 2
0 0.315 0.085 -0.01431154829 2
0 0.315 0.095 -0.01326329896 2
0 0.315 0.105 -0.012110755 2
0 0.315 0.115 -0.01085794942 2
0 0.315 0.125 -0.009509113718 2
0 0.315 0.135 -0.008068607934 2
0 0.315 0.145 -0.006540843092 2
0 0.315 0.155 -0.004930204059 2
0 0.315 0.165 -0.003240982844 2
0 0.315 0.175 -0.001477334648 2
0 0.315 0.185 0.0003567349291 2
0 0.315 0.195 0.002257345054 2
0 0.315 0.205 0.004220683226 2
0 0.315 0.215 0.00624292421 2
0 0.315 0.225 0.008320144769 2
0 0.315 0.235 0.01044825143 2
0 0.315 0.245 0.01262294124 2
0 0.315 0.255 0.01483970827 2
0 0.315 0.265 0.01709390072 2
0 0.315 0.275 0.01938082487 2
0 0.315 0.285 0.02169588227 2
0 0.315 0.295 0.02403472354 2
0 0.315 0.305 0.02639339662 2
0 0.315 0.315 0.02876847248 2
0 0.315 0.325 0.03115713277 2
0 0.315 0.335 0.03355721343 2
0 0.315 0.345 0.03596720673 2
0 0.315 0.355 0.03838622308 2
0 0.315 0.365 0.04081395155 2
0 0.315 0.375 0.0432505549 2
0 0.315 0.385 0.0456967613 2
0 0.315 0.395 0.04815339975 2
0 0.315 0.405 0.05062273591 2
0 0.315 0.415 0.05310436895 2
0 0.315 0.425 0.0556079637 2
0 0.315 0.435 0.05811425059 2
0 0.315 0.445 0.06069523278 2
0 0.315 0.455 0.06314469653 2
0 0.315 0.465 0.06611442383 2
0 0.315 0.475 0.06762317724 2
0 0.315 0.485 0.0737743251 2
0 0.315 0.495 0.0658946717 2
0 0.315 0.505 0.04394777051 2
0 0.315 0.515 0.01742581806 2
0 0.315 0.525 0 2
0 0.315 0.535 0 2
0 0.315 0.545 0 2
0 0.315 0.555 0 2
0 0.315 0.565 0 2
0 0.325 -0.555 0 2
0 0.325 -0.545 0 2
0 0.325 -0.535 0 2
0 0.325 -0.525 0 2
0 0.325 -0.515 0.01674144089 2
0 0.325 -0.505 0.04223415187 2
0 0.325 -0.495 0.06336252951 2
0 0.325 -0.485 0.07101113424 2
0 0.325 -0.475 0.06519946611 2
0 0.325 -0.465 0.0638268316 2
0 0.325 -0.455 0.0610098939 2
0 0.325 -0.445 0.05863644891 2
0 0.325 -0.435 0.05608808678 2
0 0.325 -0.425 0.05357464009 2
0 0.325 -0.415 0.05104892408 2
0 0.325 -0.405 0.04855393459 2
0 0.325 -0.395 0.04610492722 2
0 0.325 -0.385 0.04372262584 2
0 0.325 -0.375 0.04141699773 2
0 0.325 -0.365 0.03918927081 2
0 0.325 -0.355 0.0370303586 2
0 0.325 -0.345 0.03492357653 2
0 0.325 -0.335 0.03284822189 2
0 0.325 -0.325 0.03078396429 2
0 0.325 -0.315 0.02871409881 2
0 0.325 -0.305 0.02662746343 2
0 0.325 -0.295 0.02451900379 2
0 0.325 -0.285 0.0223888945 2
0 0.325 -0.275 0.02024144485 2
0 0.325 -0.265 0.01808361238 2
0 0.325 -0.255 0.01592391184 2
0 0.325 -0.245 0.01377145658 2
0 0.325 -0.235 0.01163538434 2
0 0.325 -0.225 0.009524478571 2
0 0.325 -0.215 0.007447015174 2
0 0.325 -0.205 0.005410713018 2
0 0.325 -0.195 0.003422761043 2
0 0.325 -0.185 0.001489872212 2
0 0.325 -0.175 -0.0003816519791 2
0 0.325 -0.165 -0.002185862415 2
0 0.325 -0.155 -0.003917114123 2
0 0.325 -0.145 -0.005570031858 2
0 0.325 -0.135 -0.007139489669 2
0 0.325 -0.125 -0.008620603252 2
0 0.325 -0.115 -0.0100087331 2
0 0.325 -0.105 -0.01129949605 2
0 0.325 -0.095 -0.01248878276 2
0 0.325 -0.085 -0.01357277888 2
0 0.325 -0.075 -0.01454798778 2
0 0.325 -0.065 -0.01541125344 2
0 0.325 -0.055 -0.01615978212 2
0 0.325 -0.045 -0.01679116229 2
0 0.325 -0.035 -0.01730338205 2
0 0.325 -0.025 -0.01769484387 2
0 0.325 -0.015 -0.01796437638 2
0 0.325 -0.005 -0.01811124285 2
0 0.325 0.005 -0.01813514601 2
0 0.325 0.015 -0.01803622899 2
0 0.325 0.025 -0.01781507187 2
0 0.325 0.035 -0.01747268378 2
0 0.325 0.045 -0.01701049023 2
0 0.325 0.055 -0.01643031597 2
0 0.325 0.065 -0.01573436293 2
0 0.325 0.075 -0.01492518338 2
0 0.325 0.085 -0.01400564771 2
0 0.325 0.095 -0.0129789066 2
0 0.325 0.105 -0.01184834753 2
0 0.325 0.115 -0.01061754698 2
0 0.325 0.125 -0.009290221451 2
0 0.325 0.135 -0.007870182569 2
0 0.325 0.145 -0.006361302725 2
0 0.325 0.155 -0.004767497264 2
0 0.325 0.165 -0.003092725704 2
0 0.325 0.175 -0.001341009953 2
0 0.325 0.185 0.0004835387495 2
0 0.325 0.195 0.002376694191 2
0 0.325 0.205 0.004334101266 2
0 0.325 0.215 0.006351279261 2
0 0.325 0.225 0.008423641745 2
0 0.325 0.235 0.01054653514 2
0 0.325 0.245 0.01271528464 2
0 0.325 0.255 0.01492525108 2
0 0.325 0.265 0.01717188865 2
0 0.325 0.275 0.01945080977 2
0 0.325 0.285 0.02175785323 2
0 0.325 0.295 0.02408916163 2
0 0.325 0.305 0.02644125976 2
0 0.325 0.315 0.02881113212 2
0 0.325 0.325 0.03119628493 2
0 0.325 0.335 0.03359478842 2
0 0.325 0.345 0.03600529377 2
0 0.325 0.355 0.03842702029 2
0 0.325 0.365 0.04085974361 2
0 0.325 0.375 0.04330371507 2
0 0.325 0.385 0.04575977176 2
0 0.325 0.395 0.04822887745 2
0 0.325 0.405 0.05071346661 2
0 0.325 0.415 0.05321330733 2
0 0.325 0.425 0.0557383032 2
0 0.325 0.435 0.05826922828 2
0 0.325 0.445 0.06087869807 2
0 0.325 0.455 0.06335927983 2
0 0.325 0.465 0.06636705058 2
0 0.325 0.475 0.06790800217 2
0 0.325 0.485 0.07412479155 2
0 0.325 0.495 0.06622472441 2
0 0.325 0.505 0.04418149635 2
0 0.325 0.515 0.01751713695 2
0 0.325 0.525 0 2
0 0.325 0.535 0 2
0 0.325 0.545 0 2
0 0.325 0.555 0 2
0 0.325 0.565 0 2
0 0.335 -0.555 0 2
0 0.335 -0.545 0 2
0 0.335 -0.535 0 2
0 0.335 -0.525 0 2
0 0.335 -0.515 0.01669168926 2
0 0.335 -0.505 0.04213523612 2
0 0.335 -0.495 0.06324406262 2
0 0.335 -0.485 0.07093180784 2
0 0.335 -0.475 0.06519998367 2
0 0.335 -0.465 0.06387045066 2
0 0.335 -0.455 0.06108944664 2
0 0.335 -0.445 0.05872614928 2
0 0.335 -0.435 0.05618041471 2
0 0.335 -0.425 0.05366719141 2
0 0.335 -0.415 0.05114280358 2
0 0.335 -0.405 0.04864904564 2
0 0.335 -0.395 0.0461979376 2
0 0.335 -0.385 0.04380576115 2
0 0.335 -0.375 0.04147955004 2
0 0.335 -0.365 0.03922001159 2
0 0.335 -0.355 0.03702057908 2
0 0.335 -0.345 0.03486938286 2
0 0.335 -0.335 0.03275152354 2
0 0.335 -0.325 0.03065186467 2
0 0.335 -0.315 0.02855732001 2
0 0.335 -0.305 0.02645839718 2
0 0.335 -0.295 0.0243498637 2
0 0.335 -0.285 0.02223054143 2
0 0.335 -0.275 0.02010269164 2
0 0.335 -0.265 0.01797109996 2
0 0.335 -0.255 0.01584222772 2
0 0.335 -0.245 0.01372345209 2
0 0.335 -0.235 0.01162252128 2
0 0.335 -0.225 0.009547174558 2
0 0.335 -0.215 0.007504924204 2
0 0.335 -0.205 0.005502944444 2
0 0.335 -0.195 0.003548039081 2
0 0.335 -0.185 0.001646651317 2
0 0.335 -0.175 -0.0001951046855 2
0 0.335 -0.165 -0.001971407052 2
0 0.335 -0.155 -0.003676693283 2
0 0.335 -0.145 -0.005305636668 2
0 0.335 -0.135 -0.006853134163 2
0 0.335 -0.125 -0.008314305798 2
0 0.335 -0.115 -0.009684504221 2
0 0.335 -0.105 -0.01095933213 2
0 0.335 -0.095 -0.01213466496 2
0 0.335 -0.085 -0.01320667625 2
0 0.335 -0.075 -0.01417186336 2
0 0.335 -0.065 -0.01502707187 2
0 0.335 -0.055 -0.01576951727 2
0 0.335 -0.045 -0.0163968035 2
0 0.335 -0.035 -0.01690693784 2
0 0.335 -0.025 -0.01729834225 2
0 0.335 -0.015 -0.01756986122 2
0 0.335 -0.005 -0.01772076613 2
0 0.335 0.005 -0.01775075614 2
0 0.335 0.015 -0.01765995533 2
0 0.335 0.025 -0.01744890606 2
0 0.335 0.035 -0.01711855794 2
0 0.335 0.045 -0.01667025225 2
0 0.335 0.055 -0.01610570108 2
0 0.335 0.065 -0.01542696081 2
0 0.335 0.075 -0.01463639915 2
0 0.335 0.085 -0.0137366554 2
0 0.335 0.095 -0.01273059404 2
0 0.335 0.105 -0.01162125363 2
0 0.335 0.115 -0.01041179512 2
0 0.335 0.125 -0.009105457156 2
0 0.335 0.135 -0.007705528964 2
0 0.335 0.145 -0.006215351754 2
0 0.335 0.155 -0.004638356077 2
0 0.335 0.165 -0.002978132417 2
0 0.335 0.175 -0.001238520253 2
0 0.335 0.185 0.0005763126023 2
0 0.335 0.195 0.002461830294 2
0 0.335 0.205 0.004413150013 2
0 0.335 0.215 0.00642512903 2
0 0.335 0.225 0.008492492522 2
0 0.335 0.235 0.01060999375 2
0 0.335 0.245 0.01277254788 2
0 0.335 0.255 0.01497534473 2
0 0.335 0.265 0.01721390226 2
0 0.335 0.275 0.01948408999 2
0 0.335 0.285 0.02178212333 2
0 0.335 0.295 0.02410457019 2
0 0.335 0.305 0.02644836626 2
0 0.335 0.315 0.02881085858 2
0 0.335 0.325 0.03118985027 2
0 0.335 0.335 0.03358364848 2
0 0.335 0.345 0.03599109292 2
0 0.335 0.355 0.03841156133 2
0 0.335 0.365 0.04084497275 2
0 0.335 0.375 0.04329171957 2
0 0.335 0.385 0.04575278542 2
0 0.335 0.395 0.04822928753 2
0 0.335 0.405 0.05072382514 2
0 0.335 0.415 0.05323632018 2
0 0.335 0.425 0.05577686791 2
0 0.335 0.435 0.05832629405 2
0 0.335 0.445 0.06095764512 2
0 0.335 0.455 0.06346267096 2
0 0.335 0.465 0.06650036773 2
0 0.335 0.475 0.06806806259 2
0 0.335 0.485 0.07433502288 2
0 0.335 0.495 0.06642775159 2
0 0.335 0.505 0.04432908921 2
0 0.335 0.515 0.0175744423 2
0 0.335 0.525 0 2
0 0.335 0.535 0 2
0 0.335 0.545 0 2
0 0.335 0.555 0 2
0 0.335 0.565 0 2
0 0.345 -0.555 0 2
0 0.345 -0.545 0 2
0 0.345 -0.535 0 2
0 0.345 -0.525 0 2
0 0.345 -0.515 0.0165298681 2
0 0.345 -0.505 0.04181569658 2
0 0.345 -0.495 0.06289142037 2
0 0.345 -0.485 0.07068471854 2
0 0.345 -0.475 0.06515527158 2
0 0.345 -0.465 0.06388198686 2
0 0.345 -0.455 0.06113827567 2
0 0.345 -0.445 0.0587780579 2
0 0.345 -0.435 0.05621841497 2
0 0.345 -0.425 0.05368545629 2
0 0.345 -0.415 0.05114300443 2
0 0.345 -0.405 0.04863326566 2
0 0.345 -0.395 0.0461678807 2
0 0.345 -0.385 0.04376089241 2
0 0.345 -0.375 0.04141749548 2
0 0.345 -0.365 0.03913757325 2
0 0.345 -0.355 0.03691520026 2
0 0.345 -0.345 0.0347404191 2
0 0.345 -0.335 0.03260095975 2
0 0.345 -0.325 0.03048430058 2
0 0.345 -0.315 0.02837939492 2
0 0.345 -0.305 0.02627790128 2
0 0.345 -0.295 0.02417478567 2
0 0.345 -0.285 0.02206832461 2
0 0.345 -0.275 0.01995972195 2
0 0.345 -0.265 0.01785248181 2
0 0.345 -0.255 0.0157517467 2
0 0.345 -0.245 0.01366368204 2
0 0.345 -0.235 0.01159498791 2
0 0.345 -0.225 0.009552539618 2
0 0.345 -0.215 0.00754315585 2
0 0.345 -0.205 0.005573465377 2
0 0.345 -0.195 0.003649847673 2
0 0.345 -0.185 0.001778420023 2
0 0.345 -0.175 -3.494914356e-05 2
0 0.345 -0.165 -0.001784617008 2
0 0.345 -0.155 -0.003465144017 2
0 0.345 -0.145 -0.005071279281 2
0 0.345 -0.135 -0.006597957014 2
0 0.345 -0.125 -0.008040304633 2
0 0.345 -0.115 -0.009393661178 2
0 0.345 -0.105 -0.01065360342 2
0 0.345 -0.095 -0.0118159765 2
0 0.345 -0.085 -0.01287692577 2
0 0.345 -0.075 -0.01383292735 2
0 0.345 -0.065 -0.01468081503 2
0 0.345 -0.055 -0.01541780265 2
0 0.345 -0.045 -0.01604150136 2
0 0.345 -0.035 -0.01654993193 2
0 0.345 -0.025 -0.01694153249 2
0 0.345 -0.015 -0.01721516235 2
0 0.345 -0.005 -0.01737010232 2
0 0.345 0.005 -0.01740605169 2
0 0.345 0.015 -0.01732312207 2
0 0.345 0.025 -0.01712182768 2
0 0.345 0.035 -0.01680307181 2
0 0.345 0.045 -0.01636812859 2
0 0.345 0.055 -0.01581861928 2
0 0.345 0.065 -0.01515648178 2
0 0.345 0.075 -0.01438393236 2
0 0.345 0.085 -0.01350341841 2
0 0.345 0.095 -0.01251756252 2
0 0.345 0.105 -0.01142909992 2
0 0.345 0.115 -0.01024081563 2
0 0.345 0.125 -0.008955492925 2
0 0.345 0.135 -0.007575890797 2
0 0.345 0.145 -0.006104770141 2
0 0.345 0.155 -0.00454498537 2
0 0.345 0.165 -0.002899638665 2
0 0.345 0.175 -0.001172271357 2
0 0.345 0.185 0.000632966511 2
0 0.345 0.195 0.002511231633 2
0 0.345 0.205 0.004457035691 2
0 0.345 0.215 0.00646443744 2
0 0.345 0.225 0.008527307431 2
0 0.345 0.235 0.0106396656 2
0 0.345 0.245 0.01279592146 2
0 0.345 0.255 0.01499106518 2
0 0.345 0.265 0.01722069411 2
0 0.345 0.275 0.01948097255 2
0 0.345 0.285 0.02176851574 2
0 0.345 0.295 0.02408031667 2
0 0.345 0.305 0.0264136917 2
0 0.345 0.315 0.02876631211 2
0 0.345 0.325 0.03113624199 2
0 0.345 0.335 0.03352201151 2
0 0.345 0.345 0.03592265808 2
0 0.345 0.355 0.03833774985 2
0 0.345 0.365 0.04076739262 2
0 0.345 0.375 0.04321216458 2
0 0.345 0.385 0.04567323102 2
0 0.345 0.395 0.04815188319 2
0 0.345 0.405 0.05065088624 2
0 0.345 0.415 0.05317030828 2
0 0.345 0.425 0.05572039676 2
0 0.345 0.435 0.05828204531 2
0 0.345 0.445 0.06092855338 2
0 0.345 0.455 0.06345126819 2
0 0.345 0.465 0.06651070636 2
0 0.345 0.475 0.06809971929 2
0 0.345 0.485 0.07440126528 2
0 0.345 0.495 0.06650049359 2
0 0.345 0.505 0.04438846119 2
0 0.345 0.515 0.01759689582 2
0 0.345 0.525 0 2
0 0.345 0.535 0 2
0 0.345 0.545 0 2
0 0.345 0.555 0 2
0 0.345 0.565 0 2
0 0.355 -0.555 0 2
0 0.355 -0.545 0 2
0 0.355 -0.535 0 2
0 0.355 -0.525 0 2
0 0.355 -0.515 0.01612888894 2
0 0.355 -0.505 0.04104507081 2
0 0.355 -0.495 0.06207449158 2
0 0.355 -0.485 0.07018990406 2
0 0.355 -0.475 0.06510793944 2
0 0.355 -0.465 0.06392630763 2
0 0.355 -0.455 0.06119933031 2
0 0.355 -0.445 0.05880438166 2
0 0.355 -0.435 0.05620563845 2
0 0.355 -0.425 0.05362697375 2
0 0.355 -0.415 0.05104597196 2
0 0.355 -0.405 0.04850493006 2
0 0.355 -0.395 0.04601597655 2
0 0.355 -0.385 0.04359166297 2
0 0.355 -0.375 0.0412353953 2
0 0.355 -0.365 0.03894557281 2
0 0.355 -0.355 0.03671535999 2
0 0.355 -0.345 0.03453459432 2
0 0.355 -0.335 0.03239137536 2
0 0.355 -0.325 0.03027388371 2
0 0.355 -0.315 0.02817183289 2
0 0.355 -0.305 0.02607747114 2
0 0.355 -0.295 0.02398603917 2
0 0.355 -0.285 0.02189574994 2
0 0.355 -0.275 0.01980744084 2
0 0.355 -0.265 0.01772403987 2
0 0.355 -0.255 0.01564999192 2
0 0.355 -0.245 0.01359072681 2
0 0.355 -0.235 0.01155222615 2
0 0.355 -0.225 0.009540700408 2
0 0.355 -0.215 0.007562373871 2
0 0.355 -0.205 0.005623357931 2
0 0.355 -0.195 0.003729591873 2
0 0.355 -0.185 0.001886828341 2
0 0.355 -0.175 0.0001006442562 2
0 0.355 -0.165 -0.001623538806 2
0 0.355 -0.155 -0.003280436344 2
0 0.355 -0.145 -0.004864892293 2
0 0.355 -0.135 -0.006371883731 2
0 0.355 -0.125 -0.007796539376 2
0 0.355 -0.115 -0.009134169837 2
0 0.355 -0.105 -0.01038030591 2
0 0.355 -0.095 -0.01153074051 2
0 0.355 -0.085 -0.01258157002 2
0 0.355 -0.075 -0.01352923138 2
0 0.355 -0.065 -0.01437053287 2
0 0.355 -0.055 -0.01510267727 2
0 0.355 -0.045 -0.0157232776 2
0 0.355 -0.035 -0.01623036622 2
0 0.355 -0.025 -0.01662239835 2
0 0.355 -0.015 -0.01689825134 2
0 0.355 -0.005 -0.01705722064 2
0 0.355 0.005 -0.01709901289 2
0 0.355 0.015 -0.0170237366 2
0 0.355 0.025 -0.01683189 2
0 0.355 0.035 -0.01652434551 2
0 0.355 0.045 -0.01610232994 2
0 0.355 0.055 -0.01556739897 2
0 0.355 0.065 -0.01492140422 2
0 0.355 0.075 -0.01416645078 2
0 0.355 0.085 -0.01330484318 2
0 0.355 0.095 -0.0123390184 2
0 0.355 0.105 -0.01127146687 2
0 0.355 0.115 -0.01010464769 2
0 0.355 0.125 -0.008840911975 2
0 0.355 0.135 -0.007482460761 2
0 0.355 0.145 -0.006031373947 2
0 0.355 0.155 -0.004489751568 2
0 0.355 0.165 -0.002859974976 2
0 0.355 0.175 -0.001145062304 2
0 0.355 0.185 0.0006509930375 2
0 0.355 0.195 0.002523023289 2
0 0.355 0.205 0.004464745186 2
0 0.355 0.215 0.006469110887 2
0 0.355 0.225 0.008528770489 2
0 0.355 0.235 0.01063673491 2
0 0.355 0.245 0.01278674788 2
0 0.355 0.255 0.01497361288 2
0 0.355 0.265 0.01719311943 2
0 0.355 0.275 0.0194418861 2
0 0.355 0.285 0.02171704026 2
0 0.355 0.295 0.02401605369 2
0 0.355 0.305 0.02633659758 2
0 0.355 0.315 0.02867661819 2
0 0.355 0.325 0.03103437829 2
0 0.355 0.335 0.03340860079 2
0 0.355 0.345 0.03579851869 2
0 0.355 0.355 0.03820392152 2
0 0.355 0.365 0.04062514645 2
0 0.355 0.375 0.04306300543 2
0 0.355 0.385 0.04551888347 2
0 0.355 0.395 0.04799426947 2
0 0.355 0.405 0.05049209824 2
0 0.355 0.415 0.05301257905 2
0 0.355 0.425 0.05556607432 2
0 0.355 0.435 0.05813356502 2
0 0.355 0.445 0.06078842537 2
0 0.355 0.455 0.06332202386 2
0 0.355 0.465 0.06639497939 2
0 0.355 0.475 0.06799992441 2
0 0.355 0.485 0.07432039114 2
0 0.355 0.495 0.06644024191 2
0 0.355 0.505 0.04435788232 2
0 0.355 0.515 0.0175838027 2
0 0.355 0.525 0 2
0 0.355 0.535 0 2
0 0.355 0.545 0 2
0 0.355 0.555 0 2
0 0.355 0.565 0 2
0 0.365 -0.555 0 1
0 0.365 -0.545 0 1
0 0.365 -0.535 0 1
0 0.365 -0.525 0 2
0 0.365 -0.515 0.01534628564 2
0 0.365 -0.505 0.03950875129 2
0 0.365 -0.495 0.06040087927 2
0 0.365 -0.485 0.06923552205 2
0 0.365 -0.475 0.06506957531 2
0 0.365 -0.465 0.06403757451 2
0 0.365 -0.455 0.06129867392 2
0 0.365 -0.445 0.0588068907 2
0 0.365 -0.435 0.05613857986 2
0 0.365 -0.425 0.05348412208 2
0 0.365 -0.415 0.05084219525 2
0 0.365 -0.405 0.0482555795 2
0 0.365 -0.395 0.04573565038 2
0 0.365 -0.385 0.04329361342 2
0 0.365 -0.375 0.04093050498 2
0 0.365 -0.365 0.03864225473 2
0 0.365 -0.355 0.0364194841 2
0 0.365 -0.345 0.03424986066 2
0 0.365 -0.335 0.03211989038 2
0 0.365 -0.325 0.03001686194 2
0 0.365 -0.315 0.02793022494 2
0 0.365 -0.305 0.02585240125 2
0 0.365 -0.295 0.02377900137 2
0 0.365 -0.285 0.0217085998 2
0 0.365 -0.275 0.01964225338 2
0 0.365 -0.265 0.01758291542 2
0 0.365 -0.255 0.01553486627 2
0 0.365 -0.245 0.01350321956 2
0 0.365 -0.235 0.01149353653 2
0 0.365 -0.225 0.009511549173 2
0 0.365 -0.215 0.007562983296 2
0 0.365 -0.205 0.005653462348 2
0 0.365 -0.195 0.003788471823 2
0 0.365 -0.185 0.00197336315 2
0 0.365 -0.175 0.0002133782825 2
0 0.365 -0.165 -0.001486321104 2
0 0.365 -0.155 -0.003120631942 2
0 0.365 -0.145 -0.004684503599 2
0 0.365 -0.135 -0.006172950737 2
0 0.365 -0.125 -0.007581084734 2
0 0.365 -0.115 -0.008904159983 2
0 0.365 -0.105 -0.01013762926 2
0 0.365 -0.095 -0.0112772016 2
0 0.365 -0.085 -0.01231889666 2
0 0.365 -0.075 -0.01325909081 2
0 0.365 -0.065 -0.01409455248 2
0 0.365 -0.055 -0.01482246591 2
0 0.365 -0.045 -0.01544044427 2
0 0.365 -0.035 -0.01594653418 2
0 0.365 -0.025 -0.01633921366 2
0 0.365 -0.015 -0.01661738588 2
0 0.365 -0.005 -0.01678037003 2
0 0.365 0.005 -0.0168278905 2
0 0.365 0.015 -0.01676006453 2
0 0.365 0.025 -0.01657738822 2
0 0.365 0.035 -0.01628072005 2
0 0.365 0.045 -0.01587126075 2
0 0.365 0.055 -0.01535052782 2
0 0.365 0.065 -0.0147203223 2
0 0.365 0.075 -0.01398268453 2
0 0.365 0.085 -0.01313983542 2
0 0.365 0.095 -0.0121940985 2
0 0.365 0.105 -0.01114780075 2
0 0.365 0.115 -0.0100031537 2
0 0.365 0.125 -0.00876212586 2
0 0.365 0.135 -0.007426343717 2
0 0.365 0.145 -0.005997075079 2
0 0.365 0.155 -0.004475383882 2
0 0.365 0.165 -0.00286250823 2
0 0.365 0.175 -0.001160491676 2
0 0.365 0.185 0.0006271446718 2
0 0.365 0.195 0.002494911737 2
0 0.365 0.205 0.004435371698 2
0 0.365 0.215 0.006439767643 2
0 0.365 0.225 0.008498779082 2
0 0.365 0.235 0.01060389566 2
0 0.365 0.245 0.01274791092 2
0 0.365 0.255 0.01492555685 2
0 0.365 0.265 0.017133122 2
0 0.365 0.275 0.01936807787 2
0 0.365 0.285 0.02162832292 2
0 0.365 0.295 0.02391194425 2
0 0.365 0.305 0.02621691659 2
0 0.365 0.315 0.02854138043 2
0 0.365 0.325 0.03088366858 2
0 0.365 0.335 0.03324263319 2
0 0.365 0.345 0.03561767518 2
0 0.365 0.355 0.03800884223 2
0 0.365 0.365 0.04041676236 2
0 0.365 0.375 0.0428425485 2
0 0.365 0.385 0.0452878531 2
0 0.365 0.395 0.04775439017 2
0 0.365 0.405 0.05024526747 2
0 0.365 0.415 0.05276082838 2
0 0.365 0.425 0.05531151013 2
0 0.365 0.435 0.05787839879 2
0 0.365 0.445 0.06053476179 2
0 0.365 0.455 0.06307241775 2
0 0.365 0.465 0.06615065274 2
0 0.365 0.475 0.06776619065 2
0 0.365 0.485 0.0740898624 2
0 0.365 0.495 0.06624480521 2
0 0.365 0.505 0.0442359563 2
0 0.365 0.515 0.01753460228 2
0 0.365 0.525 0 2
0 0.365 0.535 0 2
0 0.365 0.545 0 2
0 0.365 0.555 0 2
0 0.365 0.565 0 2
0 0.375 -0.555 0 1
0 0.375 -0.545 0 1
0 0.375 -0.535 0 1
0 0.375 -0.525 0 1
0 0.375 -0.515 0.01421458519 1
0 0.375 -0.505 0.0371332292 2
0 0.375 -0.495 0.05772366479 2
0 0.375 -0.485 0.06756616539 2
0 0.375 -0.475 0.06491987278 2
0 0.375 -0.465 0.06423476845 2
0 0.375 -0.455 0.06148745741 2
0 0.375 -0.445 0.05881060072 2
0 0.375 -0.435 0.05600757021 2
0 0.375 -0.425 0.05324362574 2
0 0.375 -0.415 0.05051610881 2
0 0.375 -0.405 0.04787053863 2
0 0.375 -0.395 0.04531392239 2
0 0.375 -0.385 0.04285608425 2
0 0.375 -0.375 0.0404948386 2
0 0.375 -0.365 0.03822230778 2
0 0.375 -0.355 0.03602452335 2
0 0.375 -0.345 0.03388473011 2
0 0.375 -0.335 0.03178578195 2
0 0.375 -0.325 0.02971259981 2
0 0.375 -0.315 0.02765359438 2
0 0.375 -0.305 0.02560122041 2
0 0.375 -0.295 0.02355176845 2
0 0.375 -0.285 0.02150472284 2
0 0.375 -0.275 0.01946198203 2
0 0.375 -0.265 0.01742710604 2
0 0.375 -0.255 0.01540469595 2
0 0.375 -0.245 0.01339991596 2
0 0.375 -0.235 0.01141815795 2
0 0.375 -0.225 0.009464823928 2
0 0.375 -0.215 0.007545207877 2
0 0.375 -0.205 0.005664451928 2
0 0.375 -0.195 0.003827556069 2
0 0.375 -0.185 0.002039419966 2
0 0.375 -0.175 0.0003048977772 2
0 0.375 -0.165 -0.00137115118 2
0 0.375 -0.155 -0.002983829179 2
0 0.375 -0.145 -0.004528192873 2
0 0.375 -0.135 -0.005999275204 2
0 0.375 -0.125 -0.007392134142 2
0 0.375 -0.115 -0.008701921657 2
0 0.375 -0.105 -0.009923963443 2
0 0.375 -0.095 -0.01105383933 2
0 0.375 -0.085 -0.01208745545 2
0 0.375 -0.075 -0.01302110186 2
0 0.375 -0.065 -0.01385149283 2
0 0.375 -0.055 -0.01457578978 2
0 0.375 -0.045 -0.01519160952 2
0 0.375 -0.035 -0.01569702159 2
0 0.375 -0.025 -0.01609053844 2
0 0.375 -0.015 -0.01637110187 2
0 0.375 -0.005 -0.01653806806 2
0 0.375 0.005 -0.0165911924 2
0 0.375 0.015 -0.01653061452 2
0 0.375 0.025 -0.01635684312 2
0 0.375 0.035 -0.01607073974 2
0 0.375 0.045 -0.01567350003 2
0 0.375 0.055 -0.01516663054 2
0 0.375 0.065 -0.0145519184 2
0 0.375 0.075 -0.01383138914 2
0 0.375 0.085 -0.01300724819 2
0 0.375 0.095 -0.01208179551 2
0 0.375 0.105 -0.01105730871 2
0 0.375 0.115 -0.009935879993 2
0 0.375 0.125 -0.008719212249 2
0 0.375 0.135 -0.007408410821 2
0 0.375 0.145 -0.00600381474 2
0 0.375 0.155 -0.004505056447 2
0 0.375 0.165 -0.002911543642 2
0 0.375 0.175 -0.001223541725 2
0 0.375 0.185 0.0005565678368 2
0 0.375 0.195 0.002423086885 2
0 0.375 0.205 0.004366822789 2
0 0.375 0.215 0.006376224879 2
0 0.375 0.225 0.008438532171 2
0 0.375 0.235 0.01054293317 2
0 0.375 0.245 0.01268093156 2
0 0.375 0.255 0.0148477128 2
0 0.375 0.265 0.01704078145 2
0 0.375 0.275 0.01925919822 2
0 0.375 0.285 0.02150191221 2
0 0.375 0.295 0.02376770081 2
0 0.375 0.305 0.02605456089 2
0 0.375 0.315 0.02836064024 2
0 0.375 0.325 0.0306840974 2
0 0.375 0.335 0.03302389714 2
0 0.375 0.345 0.0353796313 2
0 0.375 0.355 0.03775170698 2
0 0.375 0.365 0.04014113459 2
0 0.375 0.375 0.04254942393 2
0 0.375 0.385 0.04497855495 2
0 0.375 0.395 0.04743049799 2
0 0.375 0.405 0.0499085312 2
0 0.375 0.415 0.05241311655 2
0 0.375 0.425 0.05495471709 2
0 0.375 0.435 0.05751453487 2
0 0.375 0.445 0.06016554213 2
0 0.375 0.455 0.06270043748 2
0 0.375 0.465 0.06577572431 2
0 0.375 0.475 0.06739656887 2
0 0.375 0.485 0.07370770301 2
0 0.375 0.495 0.06591248346 2
0 0.375 0.505 0.04402160196 2
0 0.375 0.515 0.01744886092 2
0 0.375 0.525 0 2
0 0.375 0.535 0 2
0 0.375 0.545 0 2
0 0.375 0.555 0 2
0 0.375 0.565 0 2
0 0.385 -0.555 0 1
0 0.385 -0.545 0 1
0 0.385 -0.535 0 1
0 0.385 -0.525 0 1
0 0.385 -0.515 0.01297044683 1
0 0.385 -0.505 0.03431254875 1
0 0.385 -0.495 0.05450313614 2
0 0.385 -0.485 0.06531155748 2
0 0.385 -0.475 0.06450810164 2
0 0.385 -0.465 0.06439102998 2
0 0.385 -0.455 0.06167444792 2
0 0.385 -0.445 0.05878647057 2
0 0.385 -0.435 0.05577539273 2
0 0.385 -0.425 0.05287678725 2
0 0.385 -0.415 0.05004226812 2
0 0.385 -0.405 0.04732607014 2
0 0.385 -0.395 0.04472885511 2
0 0.385 -0.385 0.04226001703 2
0 0.385 -0.375 0.03991365626 2
0 0.385 -0.365 0.03767622867 2
0 0.385 -0.355 0.0355260792 2
0 0.385 -0.345 0.03343885551 2
0 0.385 -0.335 0.03139115017 2
0 0.385 -0.325 0.02936405471 2
0 0.385 -0.315 0.02734457964 2
0 0.385 -0.305 0.02532562427 2
0 0.385 -0.295 0.02330494684 2
0 0.385 -0.285 0.02128379011 2
0 0.385 -0.275 0.01926565346 2
0 0.385 -0.265 0.01725531011 2
0 0.385 -0.255 0.01525813399 2
0 0.385 -0.245 0.01327964642 2
0 0.385 -0.235 0.01132525638 2
0 0.385 -0.225 0.009400124722 2
0 0.385 -0.215 0.007509128044 2
0 0.385 -0.205 0.005656888893 2
0 0.385 -0.195 0.003847851892 2
0 0.385 -0.185 0.002086383407 2
0 0.385 -0.175 0.0003768745359 2
0 0.385 -0.165 -0.00127617243 2
0 0.385 -0.155 -0.002868089889 2
0 0.385 -0.145 -0.00439403346 2
0 0.385 -0.135 -0.005849015781 2
0 0.385 -0.125 -0.007227980308 2
0 0.385 -0.115 -0.008525903751 2
0 0.385 -0.105 -0.009737911464 2
0 0.385 -0.095 -0.01085939006 2
0 0.385 -0.085 -0.01188608384 2
0 0.385 -0.075 -0.01281416656 2
0 0.385 -0.065 -0.01364028575 2
0 0.385 -0.055 -0.01436158166 2
0 0.385 -0.045 -0.01497568626 2
0 0.385 -0.035 -0.01548070907 2
0 0.385 -0.025 -0.01587521606 2
0 0.385 -0.015 -0.01615820654 2
0 0.385 -0.005 -0.01632909115 2
0 0.385 0.005 -0.0163876721 2
0 0.385 0.015 -0.01633412609 2
0 0.385 0.025 -0.01616898887 2
0 0.385 0.035 -0.01589314058 2
0 0.385 0.045 -0.0155077903 2
0 0.385 0.055 -0.01501445771 2
0 0.385 0.065 -0.01441494952 2
0 0.385 0.075 -0.01371132506 2
0 0.385 0.085 -0.01290584599 2
0 0.385 0.095 -0.01200089291 2
0 0.385 0.105 -0.01099884439 2
0 0.385 0.115 -0.009901868309 2
0 0.385 0.125 -0.00871164373 2
0 0.385 0.135 -0.007428967888 2
0 0.385 0.145 -0.006053253498 2
0 0.385 0.155 -0.004582450183 2
0 0.385 0.165 -0.003013136015 2
0 0.385 0.175 -0.001342024723 2
0 0.385 0.185 0.0004315903625 2
0 0.385 0.195 0.002302495944 2
0 0.385 0.205 0.00425870421 2
0 0.385 0.215 0.006283705221 2
0 0.385 0.225 0.008357789033 2
0 0.385 0.235 0.01046618304 2
0 0.385 0.245 0.01259803383 2
0 0.385 0.255 0.01475029841 2
0 0.385 0.265 0.01692336831 2
0 0.385 0.275 0.01911981065 2
0 0.385 0.285 0.02134026848 2
0 0.385 0.295 0.02358456254 2
0 0.385 0.305 0.0258500899 2
0 0.385 0.315 0.02813483759 2
0 0.385 0.325 0.03043611656 2
0 0.385 0.335 0.0327527667 2
0 0.385 0.345 0.03508441526 2
0 0.385 0.355 0.03743211969 2
0 0.385 0.365 0.03979747151 2
0 0.385 0.375 0.042182525 2
0 0.385 0.385 0.04458965178 2
0 0.385 0.395 0.04702110568 2
0 0.385 0.405 0.04948031891 2
0 0.385 0.415 0.05196783902 2
0 0.385 0.425 0.05449408978 2
0 0.385 0.435 0.05704038774 2
0 0.385 0.445 0.05967921144 2
0 0.385 0.455 0.06220456678 2
0 0.385 0.465 0.06526871196 2
0 0.385 0.475 0.06688963497 2
0 0.385 0.485 0.07317248188 2
0 0.385 0.495 0.06544205153 2
0 0.385 0.505 0.04371404083 2
0 0.385 0.515 0.01732626733 2
0 0.385 0.525 0 2
0 0.385 0.535 0 2
0 0.385 0.545 0 2
0 0.385 0.555 0 2
0 0.385 0.565 0 2
0 0.395 -0.555 0 1
0 0.395 -0.545 0 1
0 0.395 -0.535 0 1
0 0.395 -0.525 0 1
0 0.395 -0.515 0.01193894127 1
0 0.395 -0.505 0.03171695292 1
0 0.395 -0.495 0.05124717615 1
0 0.395 -0.485 0.06267656081 2
0 0.395 -0.475 0.06365613383 2
0 0.395 -0.465 0.06444649019 2
0 0.395 -0.455 0.06184806728 2
0 0.395 -0.445 0.05871457529 2
0 0.395 -0.435 0.05540777634 2
0 0.395 -0.425 0.05235276963 2
0 0.395 -0.415 0.04939320049 2
0 0.395 -0.405 0.04659436966 2
0 0.395 -0.395 0.04395302585 2
0 0.395 -0.385 0.04148082948 2
0 0.395 -0.375 0.03916838814 2
0 0.395 -0.365 0.03699353629 2
0 0.395 -0.355 0.03492157824 2
0 0.395 -0.345 0.03291574405 2
0 0.395 -0.335 0.03094286906 2
0 0.395 -0.325 0.02897891374 2
0 0.395 -0.315 0.02700990512 2
0 0.395 -0.305 0.02503048878 2
0 0.395 -0.295 0.02304140634 2
0 0.395 -0.285 0.02104694611 2
0 0.395 -0.275 0.01905315332 2
0 0.395 -0.265 0.01706663527 2
0 0.395 -0.255 0.01509393789 2
0 0.395 -0.245 0.01314116176 2
0 0.395 -0.235 0.01121383082 2
0 0.395 -0.225 0.009316871285 2
0 0.395 -0.215 0.007454683266 2
0 0.395 -0.205 0.005631265492 2
0 0.395 -0.195 0.003850378715 2
0 0.395 -0.185 0.002115724567 2
0 0.395 -0.175 0.0004311179519 2
0 0.395 -0.165 -0.001199372782 2
0 0.395 -0.155 -0.002771339128 2
0 0.395 -0.145 -0.004280013629 2
0 0.395 -0.135 -0.005720321619 2
0 0.395 -0.125 -0.007086993467 2
0 0.395 -0.115 -0.008374718395 2
0 0.395 -0.105 -0.009578313362 2
0 0.395 -0.095 -0.01069288244 2
0 0.395 -0.085 -0.01171394603 2
0 0.395 -0.075 -0.01263752884 2
0 0.395 -0.065 -0.01346020493 2
0 0.395 -0.055 -0.01417910593 2
0 0.395 -0.045 -0.01479190319 2
0 0.395 -0.035 -0.01529677523 2
0 0.395 -0.025 -0.01569237041 2
0 0.395 -0.015 -0.01597777143 2
0 0.395 -0.005 -0.0161524651 2
0 0.395 0.005 -0.01621631833 2
0 0.395 0.015 -0.0161695596 2
0 0.395 0.025 -0.01601276457 2
0 0.395 0.035 -0.0157468444 2
0 0.395 0.045 -0.01537303516 2
0 0.395 0.055 -0.01489288707 2
0 0.395 0.065 -0.01430825154 2
0 0.395 0.075 -0.01362126102 2
0 0.395 0.085 -0.01283429833 2
0 0.395 0.095 -0.0119499304 2
0 0.395 0.105 -0.01097081259 2
0 0.395 0.115 -0.009899448976 2
0 0.395 0.125 -0.008737911323 2
0 0.395 0.135 -0.007487138245 2
0 0.395 0.145 -0.00614610766 2
0 0.395 0.155 -0.004711192038 2
0 0.395 0.165 -0.003174566245 2
0 0.395 0.175 -0.001526395354 2
0 0.395 0.185 0.000240259679 2
0 0.395 0.195 0.002121956856 2
0 0.395 0.205 0.004102849891 2
0 0.395 0.215 0.006157563628 2
0 0.395 0.225 0.008251627561 2
0 0.395 0.235 0.01036499465 2
0 0.395 0.245 0.01248527521 2
0 0.395 0.255 0.01461641746 2
0 0.395 0.265 0.01676466833 2
0 0.395 0.275 0.01893755926 2
0 0.395 0.285 0.02113615112 2
0 0.395 0.295 0.0233604567 2
0 0.395 0.305 0.02560458934 2
0 0.395 0.315 0.02786618298 2
0 0.395 0.325 0.03014158695 2
0 0.395 0.335 0.03243046703 2
0 0.395 0.345 0.03473258526 2
0 0.395 0.355 0.03705007222 2
0 0.395 0.365 0.03938522919 2
0 0.395 0.375 0.04174091886 2
0 0.395 0.385 0.04411997045 2
0 0.395 0.395 0.04652491949 2
0 0.395 0.405 0.04895930401 2
0 0.395 0.415 0.05142369454 2
0 0.395 0.425 0.05392838517 2
0 0.395 0.435 0.05645478764 2
0 0.395 0.445 0.05907467529 2
0 0.395 0.455 0.06158378309 2
0 0.395 0.465 0.06462865161 2
0 0.395 0.475 0.06624448742 2
0 0.395 0.485 0.07248330715 2
0 0.395 0.495 0.06483275274 2
0 0.395 0.505 0.04331279155 2
0 0.395 0.515 0.01716663053 2
0 0.395 0.525 0 2
0 0.395 0.535 0 2
0 0.395 0.545 0 2
0 0.395 0.555 0 2
0 0.395 0.565 0 2
0 0.405 -0.555 0 1
0 0.405 -0.545 0 1
0 0.405 -0.535 0 1
0 0.405 -0.525 0 1
0 0.405 -0.515 0.01128658601 1
0 0.405 -0.505 0.02995918103 1
0 0.405 -0.495 0.04868989132 1
0 0.405 -0.485 0.06027134526 2
0 0.405 -0.475 0.06219995493 2
0 0.405 -0.465 0.06390115765 2
0 0.405 -0.455 0.06167398582 2
0 0.405 -0.445 0.0584029699 2
0 0.405 -0.435 0.0548347718 2
0 0.405 -0.425 0.05162606978 2
0 0.405 -0.415 0.04852760003 2
0 0.405 -0.405 0.04562646672 2
0 0.405 -0.395 0.04293264475 2
0 0.405 -0.385 0.04046804185 2
0 0.405 -0.375 0.03822105964 2
0 0.405 -0.365 0.03615437196 2
0 0.405 -0.355 0.03420832017 2
0 0.405 -0.345 0.03232475808 2
0 0.405 -0.335 0.03045553824 2
0 0.405 -0.325 0.02857169977 2
0 0.405 -0.315 0.0266611953 2
0 0.405 -0.305 0.02472381077 2
0 0.405 -0.295 0.02276588257 2
0 0.405 -0.285 0.02079628844 2
0 0.405 -0.275 0.01882471422 2
0 0.405 -0.265 0.01686016156 2
0 0.405 -0.255 0.01491062771 2
0 0.405 -0.245 0.01298288302 2
0 0.405 -0.235 0.01108254451 2
0 0.405 -0.225 0.009214205905 2
0 0.405 -0.215 0.007381639627 2
0 0.405 -0.205 0.005588030519 2
0 0.405 -0.195 0.003836246178 2
0 0.405 -0.185 0.002129119221 2
0 0.405 -0.175 0.0004697172108 2
0 0.405 -0.165 -0.001138438024 2
0 0.405 -0.155 -0.002691233782 2
0 0.405 -0.145 -0.004183936693 2
0 0.405 -0.135 -0.005611273655 2
0 0.405 -0.125 -0.006967605344 2
0 0.405 -0.115 -0.008247161627 2
0 0.405 -0.105 -0.009444292481 2
0 0.405 -0.095 -0.01055369621 2
0 0.405 -0.085 -0.01157059235 2
0 0.405 -0.075 -0.01249082588 2
0 0.405 -0.065 -0.01331090444 2
0 0.405 -0.055 -0.01402798308 2
0 0.405 -0.045 -0.01463981665 2
0 0.405 -0.035 -0.01514469862 2
0 0.405 -0.025 -0.01554140098 2
0 0.405 -0.015 -0.01582912339 2
0 0.405 -0.005 -0.01600745443 2
0 0.405 0.005 -0.01607634442 2
0 0.405 0.015 -0.01603608717 2
0 0.405 0.025 -0.01588730829 2
0 0.405 0.035 -0.0156309576 2
0 0.405 0.045 -0.01526830486 2
0 0.405 0.055 -0.01480093795 2
0 0.405 0.065 -0.0142307638 2
0 0.405 0.075 -0.01356000845 2
0 0.405 0.085 -0.01279121787 2
0 0.405 0.095 -0.01192722885 2
0 0.405 0.105 -0.01097114055 2
0 0.405 0.115 -0.009926082914 2
0 0.405 0.125 -0.008795093139 2
0 0.405 0.135 -0.00757996362 2
0 0.405 0.145 -0.00628078408 2
0 0.405 0.155 -0.004893039001 2
0 0.405 0.165 -0.003403018885 2
0 0.405 0.175 -0.001797958847 2
0 0.405 0.185 -4.861145848e-05 2
0 0.405 0.195 0.001857966776 2
0 0.405 0.205 0.003901901807 2
0 0.405 0.215 0.006039610316 2
0 0.405 0.225 0.00819182619 2
0 0.405 0.235 0.01032986986 2
0 0.405 0.245 0.01243048759 2
0 0.405 0.255 0.0145178801 2
0 0.405 0.265 0.01661596592 2
0 0.405 0.275 0.01874507953 2
0 0.405 0.285 0.02090339924 2
0 0.405 0.295 0.02309678542 2
0 0.405 0.305 0.02531470571 2
0 0.405 0.315 0.02755603616 2
0 0.405 0.325 0.02980335148 2
0 0.405 0.335 0.03205924963 2
0 0.405 0.345 0.03432517036 2
0 0.405 0.355 0.03660568379 2
0 0.405 0.365 0.03890391055 2
0 0.405 0.375 0.04122367938 2
0 0.405 0.385 0.04356837249 2
0 0.405 0.395 0.0459407504 2
0 0.405 0.405 0.04834434782 2
0 0.405 0.415 0.05077965438 2
0 0.405 0.425 0.05325670991 2
0 0.405 0.435 0.05575697944 2
0 0.405 0.445 0.05835130541 2
0 0.405 0.455 0.06083756654 2
0 0.405 0.465 0.0638551071 2
0 0.405 0.475 0.06546075623 2
0 0.405 0.485 0.07163983306 2
0 0.405 0.495 0.06408430359 2
0 0.405 0.505 0.04281767167 2
0 0.405 0.515 0.01696988074 2
0 0.405 0.525 0 2
0 0.405 0.535 0 2
0 0.405 0.545 0 2
0 0.405 0.555 0 2
0 0.405 0.565 0 2
0 0.415 -0.555 0 1
0 0.415 -0.545 0 1
0 0.415 -0.535 0 1
0 0.415 -0.525 0 1
0 0.415 -0.515 0.01101581766 1
0 0.415 -0.505 0.02896976364 1
0 0.415 -0.495 0.04662555876 1
0 0.415 -0.485 0.05799605985 1
0 0.415 -0.475 0.06046503824 2
0 0.415 -0.465 0.06303194076 2
0 0.415 -0.455 0.06120390089 2
0 0.415 -0.445 0.05782164497 2
0 0.415 -0.435 0.05405657385 2
0 0.415 -0.425 0.05069855567 2
0 0.415 -0.415 0.04743990147 2
0 0.415 -0.405 0.04439981113 2
0 0.415 -0.395 0.04163366844 2
0 0.415 -0.385 0.03918741511 2
0 0.415 -0.375 0.03705005872 2
0 0.415 -0.365 0.03515702858 2
0 0.415 -0.355 0.03340130346 2
0 0.415 -0.345 0.03169044763 2
0 0.415 -0.335 0.02995531899 2
0 0.415 -0.325 0.02816508829 2
0 0.415 -0.315 0.02631520713 2
0 0.415 -0.305 0.0244162077 2
0 0.415 -0.295 0.02248412461 2
0 0.415 -0.285 0.02053401992 2
0 0.415 -0.275 0.01858017195 2
0 0.415 -0.265 0.01663434556 2
0 0.415 -0.255 0.0147060347 2
0 0.415 -0.245 0.0128025709 2
0 0.415 -0.235 0.01092949621 2
0 0.415 -0.225 0.009090855432 2
0 0.415 -0.215 0.007289538836 2
0 0.415 -0.205 0.005527623664 2
0 0.415 -0.195 0.00380676813 2
0 0.415 -0.185 0.002128626972 2
0 0.415 -0.175 0.000495261059 2
0 0.415 -0.165 -0.001090523423 2
0 0.415 -0.155 -0.002624958913 2
0 0.415 -0.145 -0.004103269462 2
0 0.415 -0.135 -0.005519800829 2
0 0.415 -0.125 -0.006868294106 2
0 0.415 -0.115 -0.008142255203 2
0 0.415 -0.105 -0.009335333898 2
0 0.415 -0.095 -0.01044165491 2
0 0.415 -0.085 -0.01145604733 2
0 0.415 -0.075 -0.01237415909 2
0 0.415 -0.065 -0.01319246744 2
0 0.415 -0.055 -0.01390821673 2
0 0.415 -0.045 -0.01451932009 2
0 0.415 -0.035 -0.01502425498 2
0 0.415 -0.025 -0.01542197294 2
0 0.415 -0.015 -0.01571183147 2
0 0.415 -0.005 -0.01589354869 2
0 0.415 0.005 -0.01596717599 2
0 0.415 0.015 -0.01593308331 2
0 0.415 0.025 -0.01579195202 2
0 0.415 0.035 -0.01554477276 2
0 0.415 0.045 -0.01519284743 2
0 0.415 0.055 -0.0147377963 2
0 0.415 0.065 -0.01418157346 2
0 0.415 0.075 -0.01352649021 2
0 0.415 0.085 -0.01277525643 2
0 0.415 0.095 -0.01193100776 2
0 0.415 0.105 -0.01099738899 2
0 0.415 0.115 -0.009978393943 2
0 0.415 0.125 -0.008878620658 2
0 0.415 0.135 -0.0077016164 2
0 0.415 0.145 -0.006451375202 2
0 0.415 0.155 -0.005123393811 2
0 0.415 0.165 -0.00370645262 2
0 0.415 0.175 -0.002177106269 2
0 0.415 0.185 -0.0004579119866 2
0 0.415 0.195 0.0014831738 2
0 0.415 0.205 0.003621825611 2
0 0.415 0.215 0.00587171855 2
0 0.415 0.225 0.008061475359 2
0 0.415 0.235 0.01016877031 2
0 0.415 0.245 0.01219689202 2
0 0.415 0.255 0.01422348084 2
0 0.415 0.265 0.01629826513 2
0 0.415 0.275 0.01843298814 2
0 0.415 0.285 0.02060722672 2
0 0.415 0.295 0.02280427924 2
0 0.415 0.305 0.02500054411 2
0 0.415 0.315 0.0272153573 2
0 0.415 0.325 0.02942426224 2
0 0.415 0.335 0.03164242755 2
0 0.415 0.345 0.0338640373 2
0 0.415 0.355 0.03609921236 2
0 0.415 0.365 0.03835283476 2
0 0.415 0.375 0.04062970437 2
0 0.415 0.385 0.04293360971 2
0 0.415 0.395 0.04526741794 2
0 0.415 0.405 0.04763444757 2
0 0.415 0.415 0.05003494165 2
0 0.415 0.425 0.05247852056 2
0 0.415 0.435 0.05494663553 2
0 0.415 0.445 0.05750895935 2
0 0.415 0.455 0.05996592258 2
0 0.415 0.465 0.06294819325 2
0 0.415 0.475 0.06453862489 2
0 0.415 0.485 0.07064228008 2
0 0.415 0.495 0.06319691008 2
0 0.415 0.505 0.0422288072 2
0 0.415 0.515 0.01673607325 2
0 0.415 0.525 0 2
0 0.415 0.535 0 2
0 0.415 0.545 0 2
0 0.415 0.555 0 2
0 0.415 0.565 0 2
0 0.425 -0.555 0 1
0 0.425 -0.545 0 1
0 0.425 -0.535 0 1
0 0.425 -0.525 0 1
0 0.425 -0.515 0.01101555352 1
0 0.425 -0.505 0.02872880086 1
0 0.425 -0.495 0.04578654267 1
0 0.425 -0.485 0.05666504461 1
0 0.425 -0.475 0.0588300192 2
0 0.425 -0.465 0.06157572085 2
0 0.425 -0.455 0.06004841586 2
0 0.425 -0.445 0.05684037549 2
0 0.425 -0.435 0.05307605649 2
0 0.425 -0.425 0.04956853658 2
0 0.425 -0.415 0.04606083296 2
0 0.425 -0.405 0.04273594306 2
0 0.425 -0.395 0.03981781784 2
0 0.425 -0.385 0.03741139468 2
0 0.425 -0.375 0.03550501639 2
0 0.425 -0.365 0.03396109748 2
0 0.425 -0.355 0.0325279322 2
0 0.425 -0.345 0.03106907277 2
0 0.425 -0.335 0.02949230402 2
0 0.425 -0.325 0.02779045535 2
0 0.425 -0.315 0.02599289817 2
0 0.425 -0.305 0.02411970342 2
0 0.425 -0.295 0.02220155461 2
0 0.425 -0.285 0.0202612224 2
0 0.425 -0.275 0.01831801089 2
0 0.425 -0.265 0.0163863016 2
0 0.425 -0.255 0.01447677233 2
0 0.425 -0.245 0.01259693252 2
0 0.425 -0.235 0.0107519288 2
0 0.425 -0.225 0.008944929411 2
0 0.425 -0.215 0.007177589207 2
0 0.425 -0.205 0.005450468505 2
0 0.425 -0.195 0.003763561145 2
0 0.425 -0.185 0.002116883237 2
0 0.425 -0.175 0.0005110921401 2
0 0.425 -0.165 -0.00105198381 2
0 0.425 -0.155 -0.002568993396 2
0 0.425 -0.145 -0.004034985146 2
0 0.425 -0.135 -0.005443622265 2
0 0.425 -0.125 -0.00678762266 2
0 0.425 -0.115 -0.008059357643 2
0 0.425 -0.105 -0.00925143357 2
0 0.425 -0.095 -0.01035717861 2
0 0.425 -0.085 -0.01137094003 2
0 0.425 -0.075 -0.01228818843 2
0 0.425 -0.065 -0.0131054624 2
0 0.425 -0.055 -0.01382021752 2
0 0.425 -0.045 -0.0144306449 2
0 0.425 -0.035 -0.01493550449 2
0 0.425 -0.025 -0.01533399826 2
0 0.425 -0.015 -0.015625687 2
0 0.425 -0.005 -0.01581044433 2
0 0.425 0.005 -0.01588843601 2
0 0.425 0.015 -0.01586011372 2
0 0.425 0.025 -0.0157262156 2
0 0.425 0.035 -0.01548776977 2
0 0.425 0.045 -0.01514610122 2
0 0.425 0.055 -0.01470284498 2
0 0.425 0.065 -0.0141599729 2
0 0.425 0.075 -0.01351983811 2
0 0.425 0.085 -0.01278525815 2
0 0.425 0.095 -0.01195960857 2
0 0.425 0.105 -0.01104704775 2
0 0.425 0.115 -0.01005249666 2
0 0.425 0.125 -0.008982462312 2
0 0.425 0.135 -0.007843042715 2
0 0.425 0.145 -0.006645128655 2
0 0.425 0.155 -0.005385966724 2
0 0.425 0.165 -0.004079874464 2
0 0.425 0.175 -0.002672225747 2
0 0.425 0.185 -0.001020837559 2
0 0.425 0.195 0.0009601741308 2
0 0.425 0.205 0.003239408362 2
0 0.425 0.215 0.005531219657 2
0 0.425 0.225 0.007649724328 2
0 0.425 0.235 0.009605635866 2
0 0.425 0.245 0.01147596625 2
0 0.425 0.255 0.01341199533 2
0 0.425 0.265 0.0155259735 2
0 0.425 0.275 0.01779824827 2
0 0.425 0.285 0.02013290425 2
0 0.425 0.295 0.02242147626 2
0 0.425 0.305 0.02465203293 2
0 0.425 0.315 0.02685643752 2
0 0.425 0.325 0.02901502398 2
0 0.425 0.335 0.031181059 2
0 0.425 0.345 0.03335002467 2
0 0.425 0.355 0.03553009928 2
0 0.425 0.365 0.03773051656 2
0 0.425 0.375 0.03995734927 2
0 0.425 0.385 0.04221412048 2
0 0.425 0.395 0.04450364267 2
0 0.425 0.405 0.04682869596 2
0 0.425 0.415 0.04918903019 2
0 0.425 0.425 0.05159364458 2
0 0.425 0.435 0.05402388805 2
0 0.425 0.445 0.05654801782 2
0 0.425 0.455 0.05896942053 2
0 0.425 0.465 0.06190861369 2
0 0.425 0.475 0.06347886571 2
0 0.425 0.485 0.06949146882 2
0 0.425 0.495 0.06217129574 2
0 0.425 0.505 0.04154664998 2
0 0.425 0.515 0.01646539537 2
0 0.425 0.525 0 2
0 0.425 0.535 0 2
0 0.425 0.545 0 2
0 0.425 0.555 0 2
0 0.425 0.565 0 2
0 0.435 -0.555 0 1
0 0.435 -0.545 0 1
0 0.435 -0.535 0 1
0 0.435 -0.525 0 1
0 0.435 -0.515 0.01143040879 1
0 0.435 -0.505 0.02949299832 1
0 0.435 -0.495 0.04629694103 1
0 0.435 -0.485 0.05626585851 1
0 0.435 -0.475 0.05760924411 2
0 0.435 -0.465 0.06007180603 2
0 0.435 -0.455 0.05859052471 2
0 0.435 -0.445 0.05568538588 2
0 0.435 -0.435 0.05206200939 2
0 0.435 -0.425 0.04842842601 2
0 0.435 -0.415 0.04460822632 2
0 0.435 -0.405 0.04083121741 2
0 0.435 -0.395 0.03768099589 2
0 0.435 -0.385 0.03530526996 2
0 0.435 -0.375 0.03371090053 2
0 0.435 -0.365 0.0326805088 2
0 0.435 -0.355 0.03168280957 2
0 0.435 -0.345 0.03053544665 2
0 0.435 -0.335 0.02912820746 2
0 0.435 -0.325 0.02748870282 2
0 0.435 -0.315 0.02571544367 2
0 0.435 -0.305 0.0238447434 2
0 0.435 -0.295 0.02192081596 2
0 0.435 -0.285 0.01997601576 2
0 0.435 -0.275 0.01803417115 2
0 0.435 -0.265 0.01611101089 2
0 0.435 -0.255 0.01421768322 2
0 0.435 -0.245 0.01236120936 2
0 0.435 -0.235 0.01054591678 2
0 0.435 -0.225 0.008773711082 2
0 0.435 -0.215 0.007044592511 2
0 0.435 -0.205 0.005357073801 2
0 0.435 -0.195 0.0037088416 2
0 0.435 -0.185 0.002097576066 2
0 0.435 -0.175 0.0005219047727 2
0 0.435 -0.165 -0.001017748769 2
0 0.435 -0.155 -0.002518561806 2
0 0.435 -0.145 -0.003975175944 2
0 0.435 -0.135 -0.005380064121 2
0 0.435 -0.125 -0.006724249875 2
0 0.435 -0.115 -0.007998319339 2
0 0.435 -0.105 -0.009193325066 2
0 0.435 -0.095 -0.01030151341 2
0 0.435 -0.085 -0.01131668871 2
0 0.435 -0.075 -0.01223425206 2
0 0.435 -0.065 -0.0130510005 2
0 0.435 -0.055 -0.01376481362 2
0 0.435 -0.045 -0.01437434272 2
0 0.435 -0.035 -0.01487876144 2
0 0.435 -0.025 -0.01527760343 2
0 0.435 -0.015 -0.01557067477 2
0 0.435 -0.005 -0.01575802132 2
0 0.435 0.005 -0.01583992654 2
0 0.435 0.015 -0.01581692175 2
0 0.435 0.025 -0.01568979767 2
0 0.435 0.035 -0.01545961305 2
0 0.435 0.045 -0.01512770254 2
0 0.435 0.055 -0.01469568984 2
0 0.435 0.065 -0.01416551749 2
0 0.435 0.075 -0.01353950293 2
0 0.435 0.085 -0.0128204527 2
0 0.435 0.095 -0.01201181565 2
0 0.435 0.105 -0.01111804632 2
0 0.435 0.115 -0.01014476705 2
0 0.435 0.125 -0.009100224801 2
0 0.435 0.135 -0.007993326669 2
0 0.435 0.145 -0.00684343219 2
0 0.435 0.155 -0.0056525067 2
0 0.435 0.165 -0.004487530094 2
0 0.435 0.175 -0.003226284494 2
0 0.435 0.185 -0.00164460199 2
0 0.435 0.195 0.0003518518834 2
0 0.435 0.205 0.002677955691 2
0 0.435 0.215 0.004799105401 2
0 0.435 0.225 0.006728190219 2
0 0.435 0.235 0.008476593598 2
0 0.435 0.245 0.0101949483 2
0 0.435 0.255 0.01204567174 2
0 0.435 0.265 0.01417654168 2
0 0.435 0.275 0.01659534829 2
0 0.435 0.285 0.01921329996 2
0 0.435 0.295 0.02179989892 2
0 0.435 0.305 0.02422722938 2
0 0.435 0.315 0.02647453991 2
0 0.435 0.325 0.02859211184 2
0 0.435 0.335 0.03068605041 2
0 0.435 0.345 0.0327827161 2
0 0.435 0.355 0.03489715464 2
0 0.435 0.365 0.03703462837 2
0 0.435 0.375 0.03920416973 2
0 0.435 0.385 0.04140789682 2
0 0.435 0.395 0.04364799477 2
0 0.435 0.405 0.04592628746 2
0 0.435 0.415 0.04824168215 2
0 0.435 0.425 0.05060233226 2
0 0.435 0.435 0.05298938636 2
0 0.435 0.445 0.05546944278 2
0 0.435 0.455 0.05784925008 2
0 0.435 0.465 0.06073771454 2
0 0.435 0.475 0.06228288951 2
0 0.435 0.485 0.06818886755 2
0 0.435 0.495 0.06100874108 2
0 0.435 0.505 0.04077200229 2
0 0.435 0.515 0.01615817607 2
0 0.435 0.525 0 2
0 0.435 0.535 0 2
0 0.435 0.545 0 2
0 0.435 0.555 0 2
0 0.435 0.565 0 2
0 0.445 -0.555 0 2
0 0.445 -0.545 0 2
0 0.445 -0.535 0 1
0 0.445 -0.525 0 1
0 0.445 -0.515 0.01205867233 1
0 0.445 -0.505 0.03098083215 1
0 0.445 -0.495 0.04816803496 1
0 0.445 -0.485 0.05726627721 2
0 0.445 -0.475 0.05695988006 2
0 0.445 -0.465 0.05846365452 2
0 0.445 -0.455 0.05690889942 2
0 0.445 -0.445 0.05448525563 2
0 0.445 -0.435 0.05117319275 2
0 0.445 -0.425 0.04743102335 2
0 0.445 -0.415 0.04313582969 2
0 0.445 -0.405 0.03868195015 2
0 0.445 -0.395 0.03514078705 2
0 0.445 -0.385 0.03285907936 2
0 0.445 -0.375 0.03179045932 2
0 0.445 -0.365 0.03143694716 2
0 0.445 -0.355 0.03101892995 2
0 0.445 -0.345 0.03019877073 2
0 0.445 -0.335 0.02892645495 2
0 0.445 -0.325 0.02730246902 2
0 0.445 -0.315 0.02550357572 2
0 0.445 -0.305 0.02359567103 2
0 0.445 -0.295 0.02163914286 2
0 0.445 -0.285 0.01967181773 2
0 0.445 -0.275 0.01772099009 2
0 0.445 -0.265 0.01580066766 2
0 0.445 -0.255 0.01392136904 2
0 0.445 -0.245 0.01208876529 2
0 0.445 -0.235 0.01030594798 2
0 0.445 -0.225 0.008573224405 2
0 0.445 -0.215 0.006888535998 2
0 0.445 -0.205 0.005247721172 2
0 0.445 -0.195 0.003645281273 2
0 0.445 -0.185 0.002075500804 2
0 0.445 -0.175 0.000533965132 2
0 0.445 -0.165 -0.0009810414683 2
0 0.445 -0.155 -0.002467425608 2
0 0.445 -0.145 -0.003919022936 2
0 0.445 -0.135 -0.005326253059 2
0 0.445 -0.125 -0.006677305459 2
0 0.445 -0.115 -0.007959949273 2
0 0.445 -0.105 -0.009162935524 2
0 0.445 -0.095 -0.01027709977 2
0 0.445 -0.085 -0.01129574687 2
0 0.445 -0.075 -0.0122144927 2
0 0.445 -0.065 -0.01303076859 2
0 0.445 -0.055 -0.01374322452 2
0 0.445 -0.045 -0.01435123148 2
0 0.445 -0.035 -0.01485453544 2
0 0.445 -0.025 -0.01525307831 2
0 0.445 -0.015 -0.01554693395 2
0 0.445 -0.005 -0.01573631524 2
0 0.445 0.005 -0.01582160881 2
0 0.445 0.015 -0.01580341283 2
0 0.445 0.025 -0.01568256244 2
0 0.445 0.035 -0.01546014086 2
0 0.445 0.045 -0.01513748124 2
0 0.445 0.055 -0.01471616954 2
0 0.445 0.065 -0.01419806419 2
0 0.445 0.075 -0.01358534647 2
0 0.445 0.085 -0.01288064181 2
0 0.445 0.095 -0.01208720297 2
0 0.445 0.105 -0.01120936485 2
0 0.445 0.115 -0.01025286504 2
0 0.445 0.125 -0.009226799164 2
0 0.445 0.135 -0.008142016423 2
0 0.445 0.145 -0.00702450424 2
0 0.445 0.155 -0.005882847257 2
0 0.445 0.165 -0.004839034111 2
0 0.445 0.175 -0.00372037203 2
0 0.445 0.185 -0.002240766852 2
0 0.445 0.195 -0.0003020223245 2
0 0.445 0.205 0.001931694098 2
0 0.445 0.215 0.003899297303 1
0 0.445 0.225 0.005589211582 1
0 0.445 0.235 0.007051800506 1
0 0.445 0.245 0.008531659513 1
0 0.445 0.255 0.01025975143 1
0 0.445 0.265 0.01239984337 2
0 0.445 0.275 0.01492219301 2
0 0.445 0.285 0.01777899076 2
0 0.445 0.295 0.02075998411 2
0 0.445 0.305 0.02359749259 2
0 0.445 0.315 0.02602629626 2
0 0.445 0.325 0.02814303454 2
0 0.445 0.335 0.03015497804 2
0 0.445 0.345 0.0321550139 2
0 0.445 0.355 0.03419510768 2
0 0.445 0.365 0.03626069603 2
0 0.445 0.375 0.03836632363 2
0 0.445 0.385 0.04051228921 2
0 0.445 0.395 0.04269888664 2
0 0.445 0.405 0.04492658017 2
0 0.445 0.415 0.04719303376 2
0 0.445 0.425 0.04950534565 2
0 0.445 0.435 0.05184438253 2
0 0.445 0.445 0.05427485813 2
0 0.445 0.455 0.05660729676 2
0 0.445 0.465 0.05943755471 2
0 0.445 0.475 0.0609528096 2
0 0.445 0.485 0.06673665245 2
0 0.445 0.495 0.05971113304 2
0 0.445 0.505 0.03990604736 2
0 0.445 0.515 0.01581489812 2
0 0.445 0.525 0 2
0 0.445 0.535 0 2
0 0.445 0.545 0 2
0 0.445 0.555 0 2
0 0.445 0.565 0 2
0 0.455 -0.555 0 2
0 0.455 -0.545 0 2
0 0.455 -0.535 0 2
0 0.455 -0.525 0 2
0 0.455 -0.515 0.01286442479 2
0 0.455 -0.505 0.03298843911 2
0 0.455 -0.495 0.05033183151 2
0 0.455 -0.485 0.05827891313 2
0 0.455 -0.475 0.05628774667 2
0 0.455 -0.465 0.05708067165 2
0 0.455 -0.455 0.05554581751 2
0 0.455 -0.445 0.0535075591 2
0 0.455 -0.435 0.05045823 2
0 0.455 -0.425 0.04651471518 2
0 0.455 -0.415 0.04158460319 2
0 0.455 -0.405 0.03659022701 2
0 0.455 -0.395 0.03268016804 2
0 0.455 -0.385 0.03044243583 2
0 0.455 -0.375 0.02985683466 2
0 0.455 -0.365 0.03006706357 2
0 0.455 -0.355 0.0303376336 2
0 0.455 -0.345 0.03003986588 2
0 0.455 -0.335 0.02891764274 2
0 0.455 -0.325 0.02726492016 2
0 0.455 -0.315 0.02536449778 2
0 0.455 -0.305 0.02336038344 2
0 0.455 -0.295 0.02134329609 2
0 0.455 -0.285 0.01933537654 2
0 0.455 -0.275 0.01736632975 2
0 0.455 -0.265 0.01544427065 2
0 0.455 -0.255 0.01357789182 2
0 0.455 -0.245 0.01177075554 2
0 0.455 -0.235 0.01002455635 2
0 0.455 -0.225 0.00833795971 2
0 0.455 -0.215 0.006706646554 2
0 0.455 -0.205 0.005123108396 2
0 0.455 -0.195 0.003577418276 2
0 0.455 -0.185 0.002058724419 2
0 0.455 -0.175 0.0005578024023 2
0 0.455 -0.165 -0.0009305773603 2
0 0.455 -0.155 -0.002405433273 2
0 0.455 -0.145 -0.003859056194 2
0 0.455 -0.135 -0.005278262146 2
0 0.455 -0.125 -0.006646321405 2
0 0.455 -0.115 -0.007946468001 2
0 0.455 -0.105 -0.009164023981 2
0 0.455 -0.095 -0.01028812591 2
0 0.455 -0.085 -0.01131194264 2
0 0.455 -0.075 -0.01223198164 2
0 0.455 -0.065 -0.01304700721 2
0 0.455 -0.055 -0.01375696919 2
0 0.455 -0.045 -0.0143622873 2
0 0.455 -0.035 -0.01486343547 2
0 0.455 -0.025 -0.01526080487 2
0 0.455 -0.015 -0.01555471181 2
0 0.455 -0.005 -0.0157454895 2
0 0.455 0.005 -0.01583358558 2
0 0.455 0.015 -0.01581963938 2
0 0.455 0.025 -0.01570452219 2
0 0.455 0.035 -0.01548934381 2
0 0.455 0.045 -0.01517543703 2
0 0.455 0.055 -0.01476433621 2
0 0.455 0.065 -0.01425776944 2
0 0.455 0.075 -0.01365768056 2
0 0.455 0.085 -0.01296632364 2
0 0.455 0.095 -0.01218642576 2
0 0.455 0.105 -0.01132164433 2
0 0.455 0.115 -0.01037694947 2
0 0.455 0.125 -0.009360791911 2
0 0.455 0.135 -0.008283986654 2
0 0.455 0.145 -0.007174591589 2
0 0.455 0.155 -0.006046770937 2
0 0.455 0.165 -0.005056476671 2
0 0.455 0.175 -0.004024080958 2
0 0.455 0.185 -0.002564088969 2
0 0.455 0.195 -0.0005713840169 2
0 0.455 0.205 0.001452476465 1
0 0.455 0.215 0.003264087532 1
0 0.455 0.225 0.004659110936 1
0 0.455 0.235 0.00594922094 1
0 0.455 0.245 0.007260446842 1
0 0.455 0.255 0.008776293213 1
0 0.455 0.265 0.01063180261 1
0 0.455 0.275 0.012984953 1
0 0.455 0.285 0.01596133903 2
0 0.455 0.295 0.01929209291 2
0 0.455 0.305 0.02261092609 2
0 0.455 0.315 0.02540410827 2
0 0.455 0.325 0.02764181621 2
0 0.455 0.335 0.0295925828 2
0 0.455 0.345 0.03147018366 2
0 0.455 0.355 0.03341606745 2
0 0.455 0.365 0.0354025256 2
0 0.455 0.375 0.03743884174 2
0 0.455 0.385 0.03952420662 2
0 0.455 0.395 0.04165478136 2
0 0.455 0.405 0.04382927867 2
0 0.455 0.415 0.04604375114 2
0 0.455 0.425 0.04830409036 2
0 0.455 0.435 0.050590846 2
0 0.455 0.445 0.05296665272 2
0 0.455 0.455 0.05524623674 2
0 0.455 0.465 0.05801099332 2
0 0.455 0.475 0.05949152087 2
0 0.455 0.485 0.06513777951 2
0 0.455 0.495 0.05828102286 2
0 0.455 0.505 0.03895038388 2
0 0.455 0.515 0.01543621181 2
0 0.455 0.525 0 2
0 0.455 0.535 0 2
0 0.455 0.545 0 2
0 0.455 0.555 0 2
0 0.455 0.565 0 2
0 0.465 -0.555 0 2
0 0.465 -0.545 0 2
0 0.465 -0.535 0 2
0 0.465 -0.525 0 2
0 0.465 -0.515 0.01335916884 2
0 0.465 -0.505 0.03416598765 2
0 0.465 -0.495 0.05164356491 2
0 0.465 -0.485 0.05908950409 2
0 0.465 -0.475 0.05593090023 2
0 0.465 -0.465 0.05613554454 2
0 0.465 -0.455 0.05463989661 2
0 0.465 -0.445 0.052933599 2
0 0.465 -0.435 0.05012704012 2
0 0.465 -0.425 0.04587337567 2
0 0.465 -0.415 0.03999876481 2
0 0.465 -0.405 0.03423431774 1
0 0.465 -0.395 0.02984053164 1
0 0.465 -0.385 0.02780458981 1
0 0.465 -0.375 0.0279052387 1
0 0.465 -0.365 0.02885381857 2
0 0.465 -0.355 0.02972800869 2
0 0.465 -0.345 0.03000034568 2
0 0.465 -0.335 0.02908133227 2
0 0.465 -0.325 0.02736081067 2
0 0.465 -0.315 0.02528564697 2
0 0.465 -0.305 0.02311167311 2
0 0.465 -0.295 0.02100962429 2
0 0.465 -0.285 0.0189470955 2
0 0.465 -0.275 0.01695391105 2
0 0.465 -0.265 0.01502788126 2
0 0.465 -0.255 0.01317485144 2
0 0.465 -0.245 0.01139591195 2
0 0.465 -0.235 0.009691650707 2
0 0.465 -0.225 0.008059538174 2
0 0.465 -0.215 0.006493234205 2
0 0.465 -0.205 0.00498138931 2
0 0.465 -0.195 0.003508168022 2
0 0.465 -0.185 0.002054982068 2
0 0.465 -0.175 0.0006048695468 2
0 0.465 -0.165 -0.0008535829875 2
0 0.465 -0.155 -0.002321356006 2
0 0.465 -0.145 -0.003787927456 2
0 0.465 -0.135 -0.005233834362 2
0 0.465 -0.125 -0.006633624616 2
0 0.465 -0.115 -0.007963356706 2
0 0.465 -0.105 -0.009203399382 2
0 0.465 -0.095 -0.01034117925 2
0 0.465 -0.085 -0.01137071953 2
0 0.465 -0.075 -0.01229068852 2
0 0.465 -0.065 -0.01310232968 2
0 0.465 -0.055 -0.01380763862 2
0 0.465 -0.045 -0.01440844211 2
0 0.465 -0.035 -0.01490602202 2
0 0.465 -0.025 -0.01530116563 2
0 0.465 -0.015 -0.0155943177 2
0 0.465 -0.005 -0.01578581772 2
0 0.465 0.005 -0.01587609446 2
0 0.465 0.015 -0.0158657918 2
0 0.465 0.025 -0.01575581751 2
0 0.465 0.035 -0.01554733065 2
0 0.465 0.045 -0.01524169109 2
0 0.465 0.055 -0.01484039609 2
0 0.465 0.065 -0.01434502599 2
0 0.465 0.075 -0.01375721477 2
0 0.465 0.085 -0.01307868088 2
0 0.465 0.095 -0.01231130654 2
0 0.465 0.105 -0.01145748337 2
0 0.465 0.115 -0.0105203865 2
0 0.465 0.125 -0.009505929375 2
0 0.465 0.135 -0.00842184704 2
0 0.465 0.145 -0.007291174784 2
0 0.465 0.155 -0.006125575908 2
0 0.465 0.165 -0.005059753924 2
0 0.465 0.175 -0.003948740323 2
0 0.465 0.185 -0.002444115707 2
0 0.465 0.195 -0.0004425360037 2
0 0.465 0.205 0.001500329239 1
0 0.465 0.215 0.003292106274 1
0 0.465 0.225 0.00445537023 1
0 0.465 0.235 0.005469908005 1
0 0.465 0.245 0.006521284883 1
0 0.465 0.255 0.007759934352 1
0 0.465 0.265 0.009271769671 1
0 0.465 0.275 0.01127481021 1
0 0.465 0.285 0.01405066534 1
0 0.465 0.295 0.01752201878 2
0 0.465 0.305 0.02124732439 2
0 0.465 0.315 0.0245401012 2
0 0.465 0.325 0.02701780916 2
0 0.465 0.335 0.02894768316 2
0 0.465 0.345 0.0307103467 2
0 0.465 0.355 0.03254205946 2
0 0.465 0.365 0.0344492551 2
0 0.465 0.375 0.0364152818 2
0 0.465 0.385 0.03844029599 2
0 0.465 0.395 0.04051448759 2
0 0.465 0.405 0.04263469292 2
0 0.465 0.415 0.04479523475 2
0 0.465 0.425 0.04700077771 2
0 0.465 0.435 0.04923159953 2
0 0.465 0.445 0.05154810223 2
0 0.465 0.455 0.05376965069 2
0 0.465 0.465 0.05646179601 2
0 0.465 0.475 0.05790279583 2
0 0.465 0.485 0.0633960676 2
0 0.465 0.495 0.05672169084 2
0 0.465 0.505 0.03790706154 2
0 0.465 0.515 0.01502294972 2
0 0.465 0.525 0 2
0 0.465 0.535 0 2
0 0.465 0.545 0 2
0 0.465 0.555 0 2
0 0.465 0.565 0 2
0 0.475 -0.555 0 2
0 0.475 -0.545 0 2
0 0.475 -0.535 0 2
0 0.475 -0.525 0 2
0 0.475 -0.515 0.01351239185 2
0 0.475 -0.505 0.03444290777 2
0 0.475 -0.495 0.05193163612 2
0 0.475 -0.485 0.05917314284 2
0 0.475 -0.475 0.05564246271 2
0 0.475 -0.465 0.05561645642 2
0 0.475 -0.455 0.05417033968 2
0 0.475 -0.445 0.05256336691 2
0 0.475 -0.435 0.04962527954 2
0 0.475 -0.425 0.04478567034 2
0 0.475 -0.415 0.03818267708 2
0 0.475 -0.405 0.03200645086 1
0 0.475 -0.395 0.02763839801 1
0 0.475 -0.385 0.0257182189 1
0 0.475 -0.375 0.02569006746 1
0 0.475 -0.365 0.02697061822 1
0 0.475 -0.355 0.02859582378 2
0 0.475 -0.345 0.0296974502 2
0 0.475 -0.335 0.02919277455 2
0 0.475 -0.325 0.02743804218 2
0 0.475 -0.315 0.0251678604 2
0 0.475 -0.305 0.02279440434 2
0 0.475 -0.295 0.02060118911 2
0 0.475 -0.285 0.01848124948 2
0 0.475 -0.275 0.0164641447 2
0 0.475 -0.265 0.01453538785 2
0 0.475 -0.255 0.01269781876 2
0 0.475 -0.245 0.0109504143 2
0 0.475 -0.235 0.009293860114 2
0 0.475 -0.225 0.007726267366 2
0 0.475 -0.215 0.006241076163 2
0 0.475 -0.205 0.004823453791 2
0 0.475 -0.195 0.003449729177 2
0 0.475 -0.185 0.002088267678 2
0 0.475 -0.175 0.0007081430348 2
0 0.475 -0.165 -0.0007144626377 2
0 0.475 -0.155 -0.002184440159 2
0 0.475 -0.145 -0.003685372271 2
0 0.475 -0.135 -0.005185849231 2
0 0.475 -0.125 -0.006643088365 2
0 0.475 -0.115 -0.008021107524 2
0 0.475 -0.105 -0.009293195894 2
0 0.475 -0.095 -0.01044663384 2
0 0.475 -0.085 -0.01147944207 2
0 0.475 -0.075 -0.01239521443 2
0 0.475 -0.065 -0.01319935737 2
0 0.475 -0.055 -0.01389653583 2
0 0.475 -0.045 -0.01449029574 2
0 0.475 -0.035 -0.01498262362 2
0 0.475 -0.025 -0.01537445487 2
0 0.475 -0.015 -0.01566609972 2
0 0.475 -0.005 -0.01585769402 2
0 0.475 0.005 -0.0159495246 2
0 0.475 0.015 -0.0159422024 2
0 0.475 0.025 -0.01583669783 2
0 0.475 0.035 -0.01563428101 2
0 0.475 0.045 -0.01533640996 2
0 0.475 0.055 -0.01494460468 2
0 0.475 0.065 -0.01446032893 2
0 0.475 0.075 -0.01388489379 2
0 0.475 0.085 -0.01321939575 2
0 0.475 0.095 -0.01246466223 2
0 0.475 0.105 -0.01162138044 2
0 0.475 0.115 -0.01069005506 2
0 0.475 0.125 -0.009672317728 2
0 0.475 0.135 -0.008569923937 2
0 0.475 0.145 -0.007395015584 2
0 0.475 0.155 -0.006149905589 2
0 0.475 0.165 -0.004914304793 2
0 0.475 0.175 -0.003598252376 2
0 0.475 0.185 -0.001944139328 2
0 0.475 0.195 0.0001327814678 2
0 0.475 0.205 0.002235596144 1
0 0.475 0.215 0.003806007494 1
0 0.475 0.225 0.004778468692 1
0 0.475 0.235 0.005494764866 1
0 0.475 0.245 0.006317279806 1
0 0.475 0.255 0.007284410426 1
0 0.475 0.265 0.008429224205 1
0 0.475 0.275 0.009996909348 1
0 0.475 0.285 0.01235677194 1
0 0.475 0.295 0.015674942 1
0 0.475 0.305 0.0195627323 2
0 0.475 0.315 0.02336405388 2
0 0.475 0.325 0.02621689721 2
0 0.475 0.335 0.02820307857 2
0 0.475 0.345 0.02986099257 2
0 0.475 0.355 0.03155720602 2
0 0.475 0.365 0.03338997163 2
0 0.475 0.375 0.0352899813 2
0 0.475 0.385 0.03725813622 2
0 0.475 0.395 0.03927782721 2
0 0.475 0.405 0.04134413786 2
0 0.475 0.415 0.04344987345 2
0 0.475 0.425 0.04559860444 2
0 0.475 0.435 0.04777046551 2
0 0.475 0.445 0.05002350426 2
0 0.475 0.455 0.05218215663 2
0 0.475 0.465 0.05479476357 2
0 0.475 0.475 0.05619140273 2
0 0.475 0.485 0.06151629416 2
0 0.475 0.495 0.05503721753 2
0 0.475 0.505 0.03677861481 2
0 0.475 0.515 0.01457614175 2
0 0.475 0.525 0 2
0 0.475 0.535 0 2
0 0.475 0.545 0 2
0 0.475 0.555 0 2
0 0.475 0.565 0 2
0 0.485 -0.555 0 2
0 0.485 -0.545 0 2
0 0.485 -0.535 0 2
0 0.485 -0.525 0 2
0 0.485 -0.515 0.01313034958 2
0 0.485 -0.505 0.03356275818 2
0 0.485 -0.495 0.05107685487 2
0 0.485 -0.485 0.05857109929 2
0 0.485 -0.475 0.05551781363 2
0 0.485 -0.465 0.05548539051 2
0 0.485 -0.455 0.05407903108 2
0 0.485 -0.445 0.05244310894 2
0 0.485 -0.435 0.04915893571 2
0 0.485 -0.425 0.04348794463 2
0 0.485 -0.415 0.03612024715 1
0 0.485 -0.405 0.02959169328 1
0 0.485 -0.395 0.0255827642 1
0 0.485 -0.385 0.02389111989 1
0 0.485 -0.375 0.02371371433 1
0 0.485 -0.365 0.02493268857 1
0 0.485 -0.355 0.02700690544 1
0 0.485 -0.345 0.028908546 2
0 0.485 -0.335 0.02906669209 2
0 0.485 -0.325 0.02740260319 2
0 0.485 -0.315 0.02493592344 2
0 0.485 -0.305 0.0223560303 2
0 0.485 -0.295 0.02008065315 2
0 0.485 -0.285 0.01791144797 2
0 0.485 -0.275 0.01587707494 2
0 0.485 -0.265 0.0139503187 2
0 0.485 -0.255 0.01213144663 2
0 0.485 -0.245 0.01041852556 2
0 0.485 -0.235 0.008814351446 2
0 0.485 -0.225 0.007320331343 2
0 0.485 -0.215 0.005931792716 2
0 0.485 -0.205 0.004631745554 2
0 0.485 -0.195 0.003388459019 2
0 0.485 -0.185 0.002151709685 2
0 0.485 -0.175 0.0008693104792 2
0 0.485 -0.165 -0.0005064391098 2
0 0.485 -0.155 -0.0019891981 2
0 0.485 -0.145 -0.003552627206 2
0 0.485 -0.135 -0.005145546045 2
0 0.485 -0.125 -0.006692492885 2
0 0.485 -0.115 -0.008139618962 2
0 0.485 -0.105 -0.009451415498 2
0 0.485 -0.095 -0.01061814857 2
0 0.485 -0.085 -0.01164668482 2
0 0.485 -0.075 -0.01254980946 2
0 0.485 -0.065 -0.01333971749 2
0 0.485 -0.055 -0.01402396305 2
0 0.485 -0.045 -0.01460765301 2
0 0.485 -0.035 -0.01509309735 2
0 0.485 -0.025 -0.01548081205 2
0 0.485 -0.015 -0.01577048109 2
0 0.485 -0.005 -0.01596170613 2
0 0.485 0.005 -0.01605448028 2
0 0.485 0.015 -0.01604937405 2
0 0.485 0.025 -0.01594750566 2
0 0.485 0.035 -0.01575038448 2
0 0.485 0.045 -0.01545970083 2
0 0.485 0.055 -0.01507711673 2
0 0.485 0.065 -0.01460407185 2
0 0.485 0.075 -0.01404162063 2
0 0.485 0.085 -0.01339026507 2
0 0.485 0.095 -0.0126497686 2
0 0.485 0.105 -0.01181898223 2
0 0.485 0.115 -0.01089526011 2
0 0.485 0.125 -0.009874996001 2
0 0.485 0.135 -0.008751774495 2
0 0.485 0.145 -0.00752197107 2
0 0.485 0.155 -0.006172215321 2
0 0.485 0.165 -0.004705618664 2
0 0.485 0.175 -0.003078555939 2
0 0.485 0.185 -0.001190376247 2
0 0.485 0.195 0.0009215554525 2
0 0.485 0.205 0.00315020273 2
0 0.485 0.215 0.004579021417 1
0 0.485 0.225 0.005444007301 1
0 0.485 0.235 0.005854624681 1
0 0.485 0.245 0.00637828983 1
0 0.485 0.255 0.007137655222 1
0 0.485 0.265 0.008010080487 1
0 0.485 0.275 0.009148819457 1
0 0.485 0.285 0.01103318063 1
0 0.485 0.295 0.01404360674 1
0 0.485 0.305 0.01791058675 2
0 0.485 0.315 0.0218946062 2
0 0.485 0.325 0.0250681325 2
0 0.485 0.335 0.02722569991 2
0 0.485 0.345 0.02884011971 2
0 0.485 0.355 0.0304333425 2
0 0.485 0.365 0.03221139235 2
0 0.485 0.375 0.03405832839 2
0 0.485 0.385 0.03597690936 2
0 0.485 0.395 0.03794613964 2
0 0.485 0.405 0.03996026331 2
0 0.485 0.415 0.0420112554 2
0 0.485 0.425 0.04410190431 2
0 0.485 0.435 0.0462124004 2
0 0.485 0.445 0.0483983198 2
0 0.485 0.455 0.05048956674 2
0 0.485 0.465 0.05301589456 2
0 0.485 0.475 0.05436326014 2
0 0.485 0.485 0.05950431168 2
0 0.485 0.495 0.05323256614 2
0 0.485 0.505 0.03556809298 2
0 0.485 0.515 0.01409703091 2
0 0.485 0.525 0 2
0 0.485 0.535 0 2
0 0.485 0.545 0 2
0 0.485 0.555 0 2
0 0.485 0.565 0 2
0 0.495 -0.555 0 2
0 0.495 -0.545 0 2
0 0.495 -0.535 0 2
0 0.495 -0.525 0 2
0 0.495 -0.515 0.01218211098 2
0 0.495 -0.505 0.0314042989 2
0 0.495 -0.495 0.04868783852 2
0 0.495 -0.485 0.05685162805 2
0 0.495 -0.475 0.05514906147 2
0 0.495 -0.465 0.05535526976 2
0 0.495 -0.455 0.05395803063 2
0 0.495 -0.445 0.05204308243 2
0 0.495 -0.435 0.04821257729 2
0 0.495 -0.425 0.04191979923 2
0 0.495 -0.415 0.03418470009 1
0 0.495 -0.405 0.02760274671 1
0 0.495 -0.395 0.02384013679 1
0 0.495 -0.385 0.02221426975 1
0 0.495 -0.375 0.02178136212 1
0 0.495 -0.365 0.02283058946 1
0 0.495 -0.355 0.02524837135 1
0 0.495 -0.345 0.02768271044 2
0 0.495 -0.335 0.02837695369 2
0 0.495 -0.325 0.02693762493 2
0 0.495 -0.315 0.02443025013 2
0 0.495 -0.305 0.02172608874 2
0 0.495 -0.295 0.01940715037 2
0 0.495 -0.285 0.01721204168 2
0 0.495 -0.275 0.01517447395 2
0 0.495 -0.265 0.01325779657 2
0 0.495 -0.255 0.01146113853 2
0 0.495 -0.245 0.009783458987 2
0 0.495 -0.235 0.008231385492 2
0 0.495 -0.225 0.006812577145 2
0 0.495 -0.215 0.005538584935 2
0 0.495 -0.205 0.004404141761 2
0 0.495 -0.195 0.003374259004 2
0 0.495 -0.185 0.002362324371 2
0 0.495 -0.175 0.001269938727 2
0 0.495 -0.165 -2.81225318e-05 2
0 0.495 -0.155 -0.001567466506 2
0 0.495 -0.145 -0.003292026562 2
0 0.495 -0.135 -0.005101401514 2
0 0.495 -0.125 -0.006816640009 2
0 0.495 -0.115 -0.00836766746 2
0 0.495 -0.105 -0.009713066345 2
0 0.495 -0.095 -0.01087115735 2
0 0.495 -0.085 -0.01188106581 2
0 0.495 -0.075 -0.01275764007 2
0 0.495 -0.065 -0.01352318688 2
0 0.495 -0.055 -0.01418846805 2
0 0.495 -0.045 -0.01475912781 2
0 0.495 -0.035 -0.01523670944 2
0 0.495 -0.025 -0.01562028436 2
0 0.495 -0.015 -0.01590811006 2
0 0.495 -0.005 -0.01609879303 2
0 0.495 0.005 -0.01619189782 2
0 0.495 0.015 -0.0161880341 2
0 0.495 0.025 -0.01608866226 2
0 0.495 0.035 -0.01589576334 2
0 0.495 0.045 -0.01561147816 2
0 0.495 0.055 -0.0152377976 2
0 0.495 0.065 -0.01477629162 2
0 0.495 0.075 -0.01422790226 2
0 0.495 0.085 -0.01359268217 2
0 0.495 0.095 -0.01286957174 2
0 0.495 0.105 -0.01205583952 2
0 0.495 0.115 -0.01114614043 2
0 0.495 0.125 -0.01013201022 2
0 0.495 0.135 -0.008997740282 2
0 0.495 0.145 -0.007721923293 2
0 0.495 0.155 -0.006274868814 2
0 0.495 0.165 -0.004611149308 2
0 0.495 0.175 -0.002721227313 2
0 0.495 0.185 -0.0005827971774 2
0 0.495 0.195 0.001664287273 2
0 0.495 0.205 0.003905550334 2
0 0.495 0.215 0.005421721104 1
0 0.495 0.225 0.006201437285 1
0 0.495 0.235 0.00646346158 1
0 0.495 0.245 0.006690898675 1
0 0.495 0.255 0.007199635738 1
0 0.495 0.265 0.00789395272 1
0 0.495 0.275 0.008747248528 1
0 0.495 0.285 0.010148322 1
0 0.495 0.295 0.01257011443 1
0 0.495 0.305 0.01619816753 1
0 0.495 0.315 0.02021852199 2
0 0.495 0.325 0.02368843253 2
0 0.495 0.335 0.02603530587 2
0 0.495 0.345 0.02762986989 2
0 0.495 0.355 0.02916600983 2
0 0.495 0.365 0.0309118723 2
0 0.495 0.375 0.03272157881 2
0 0.495 0.385 0.03459931049 2
0 0.495 0.395 0.0365230543 2
0 0.495 0.405 0.03848738298 2
0 0.495 0.415 0.04048431683 2
0 0.495 0.425 0.04251623834 2
0 0.495 0.435 0.04456359118 2
0 0.495 0.445 0.04667930885 2
0 0.495 0.455 0.04869907188 2
0 0.495 0.465 0.05113259815 2
0 0.495 0.475 0.05242565088 2
0 0.495 0.485 0.05736719939 2
0 0.495 0.495 0.05131368546 2
0 0.495 0.505 0.03427908405 2
0 0.495 0.515 0.01358709091 2
0 0.495 0.525 0 2
0 0.495 0.535 0 2
0 0.495 0.545 0 2
0 0.495 0.555 0 2
0 0.495 0.565 0 2
0 0.505 -0.555 0 2
0 0.505 -0.545 0 2
0 0.505 -0.535 0 2
0 0.505 -0.525 0 2
0 0.505 -0.515 0.01090674467 2
0 0.505 -0.505 0.02840575945 2
0 0.505 -0.495 0.04497513465 2
0 0.505 -0.485 0.05375686435 2
0 0.505 -0.475 0.05383464775 2
0 0.505 -0.465 0.05473631308 2
0 0.505 -0.455 0.05351471975 2
0 0.505 -0.445 0.05132000669 2
0 0.505 -0.435 0.04700967383 2
0 0.505 -0.425 0.04028149956 2
0 0.505 -0.415 0.03221822124 1
0 0.505 -0.405 0.02579128125 1
0 0.505 -0.395 0.02222468733 1
0 0.505 -0.385 0.02067792411 1
0 0.505 -0.375 0.02009063041 1
0 0.505 -0.365 0.02091232116 1
0 0.505 -0.355 0.02337095031 1
0 0.505 -0.345 0.02618747874 2
0 0.505 -0.335 0.02728248981 2
0 0.505 -0.325 0.02607429207 2
0 0.505 -0.315 0.02362220233 2
0 0.505 -0.305 0.02087475761 2
0 0.505 -0.295 0.01855694992 2
0 0.505 -0.285 0.01636653332 2
0 0.505 -0.275 0.01434413427 2
0 0.505 -0.265 0.01244747553 2
0 0.505 -0.255 0.01067574413 2
0 0.505 -0.245 0.009029991005 2
0 0.505 -0.235 0.007521008378 2
0 0.505 -0.225 0.006176141537 2
0 0.505 -0.215 0.005021731847 2
0 0.505 -0.205 0.004063645233 2
0 0.505 -0.195 0.003250781822 2
0 0.505 -0.185 0.002477155716 2
0 0.505 -0.175 0.001610667727 2
0 0.505 -0.165 0.0004137576735 2
0 0.505 -0.155 -0.001160328271 2
0 0.505 -0.145 -0.00305467047 2
0 0.505 -0.135 -0.00514464571 2
0 0.505 -0.125 -0.007074182685 2
0 0.505 -0.115 -0.008745934821 2
0 0.505 -0.105 -0.01011252328 2
0 0.505 -0.095 -0.01122281403 2
0 0.505 -0.085 -0.01218327041 2
0 0.505 -0.075 -0.01301613698 2
0 0.505 -0.065 -0.01374493853 2
0 0.505 -0.055 -0.01438508192 2
0 0.505 -0.045 -0.01494124096 2
0 0.505 -0.035 -0.01541203673 2
0 0.505 -0.025 -0.01579314687 2
0 0.505 -0.015 -0.01608030008 2
0 0.505 -0.005 -0.0162706156 2
0 0.505 0.005 -0.01636326959 2
0 0.505 0.015 -0.01635921664 2
0 0.505 0.025 -0.01626064045 2
0 0.505 0.035 -0.01607036678 2
0 0.505 0.045 -0.01579129792 2
0 0.505 0.055 -0.01542600499 2
0 0.505 0.065 -0.01497638837 2
0 0.505 0.075 -0.01444346857 2
0 0.505 0.085 -0.01382707196 2
0 0.505 0.095 -0.01312574966 2
0 0.505 0.105 -0.01233573968 2
0 0.505 0.115 -0.01145071847 2
0 0.505 0.125 -0.01045878808 2
0 0.505 0.135 -0.009334921624 2
0 0.505 0.145 -0.008051860964 2
0 0.505 0.155 -0.006550609595 2
0 0.505 0.165 -0.004753610954 2
0 0.505 0.175 -0.002636053508 2
0 0.505 0.185 -0.0002293842714 2
0 0.505 0.195 0.002225811884 2
0 0.505 0.205 0.004491291431 2
0 0.505 0.215 0.006261475169 2
0 0.505 0.225 0.007169450294 1
0 0.505 0.235 0.007446878771 1
0 0.505 0.245 0.007478099706 1
0 0.505 0.255 0.007657325236 1
0 0.505 0.265 0.008050292287 1
0 0.505 0.275 0.008564245038 1
0 0.505 0.285 0.00952320901 1
0 0.505 0.295 0.01145435219 1
0 0.505 0.305 0.014723191 1
0 0.505 0.315 0.01857146563 2
0 0.505 0.325 0.02203465511 2
0 0.505 0.335 0.0244877636 2
0 0.505 0.345 0.02617393765 2
0 0.505 0.355 0.02774830041 2
0 0.505 0.365 0.0294945847 2
0 0.505 0.375 0.03128532138 2
0 0.505 0.385 0.03313123861 2
0 0.505 0.395 0.03501442524 2
0 0.505 0.405 0.0369314218 2
0 0.505 0.415 0.03887528381 2
0 0.505 0.425 0.04084836355 2
0 0.505 0.435 0.04283149471 2
0 0.505 0.445 0.04487467091 2
0 0.505 0.455 0.04681949302 2
0 0.505 0.465 0.04915401524 2
0 0.505 0.475 0.05038756454 2
0 0.505 0.485 0.0551134997 2
0 0.505 0.495 0.04928767053 2
0 0.505 0.505 0.03291573909 2
0 0.505 0.515 0.01304805281 2
0 0.505 0.525 0 2
0 0.505 0.535 0 2
0 0.505 0.545 0 2
0 0.505 0.555 0 2
0 0.505 0.565 0 2
0 0.515 -0.555 0 2
0 0.515 -0.545 0 2
0 0.515 -0.535 0 1
0 0.515 -0.525 0 1
0 0.515 -0.515 0.009520690992 1
0 0.515 -0.505 0.02501127352 1
0 0.515 -0.495 0.04061773244 1
0 0.515 -0.485 0.05005404097 2
0 0.515 -0.475 0.05160298836 2
0 0.515 -0.465 0.05326520449 2
0 0.515 -0.455 0.05233979166 2
0 0.515 -0.445 0.04996504116 2
0 0.515 -0.435 0.04541420609 2
0 0.515 -0.425 0.03863656577 2
0 0.515 -0.415 0.03056044697 1
0 0.515 -0.405 0.02429968678 1
0 0.515 -0.395 0.02079715255 1
0 0.515 -0.385 0.01923501242 1
0 0.515 -0.375 0.01860593564 1
0 0.515 -0.365 0.01933533074 1
0 0.515 -0.355 0.02170916082 1
0 0.515 -0.345 0.02460692467 2
0 0.515 -0.335 0.02583090763 2
0 0.515 -0.325 0.02479085972 2
0 0.515 -0.315 0.02246423631 2
0 0.515 -0.305 0.0197807081 2
0 0.515 -0.295 0.01751623558 2
0 0.515 -0.285 0.01536755869 2
0 0.515 -0.275 0.0133815172 2
0 0.515 -0.265 0.01151570419 2
0 0.515 -0.255 0.009770267697 2
0 0.515 -0.245 0.008148100099 2
0 0.515 -0.235 0.006663043121 2
0 0.515 -0.225 0.005364113571 2
0 0.515 -0.215 0.004274645369 2
0 0.515 -0.205 0.003424755271 2
0 0.515 -0.195 0.002714894264 2
0 0.515 -0.185 0.002105351716 2
0 0.515 -0.175 0.001417280476 2
0 0.515 -0.165 0.0004016329567 2
0 0.515 -0.155 -0.00107915589 2
0 0.515 -0.145 -0.00304012589 2
0 0.515 -0.135 -0.005314254222 2
0 0.515 -0.125 -0.007498543232 2
0 0.515 -0.115 -0.009301400565 2
0 0.515 -0.105 -0.01066665857 2
0 0.515 -0.095 -0.01169291926 2
0 0.515 -0.085 -0.01255815867 2
0 0.515 -0.075 -0.01331627974 2
0 0.515 -0.065 -0.01399528511 2
0 0.515 -0.055 -0.01460561251 2
0 0.515 -0.045 -0.01514892268 2
0 0.515 -0.035 -0.01561762781 2
0 0.515 -0.025 -0.01600051716 2
0 0.515 -0.015 -0.01628952939 2
0 0.515 -0.005 -0.01647994759 2
0 0.515 0.005 -0.01657089385 2
0 0.515 0.015 -0.01656435013 2
0 0.515 0.025 -0.01646390642 2
0 0.515 0.035 -0.01627381662 2
0 0.515 0.045 -0.01599814947 2
0 0.515 0.055 -0.01564034727 2
0 0.515 0.065 -0.01520284535 2
0 0.515 0.075 -0.01468693104 2
0 0.515 0.085 -0.0140924416 2
0 0.515 0.095 -0.01341798608 2
0 0.515 0.105 -0.01265936577 2
0 0.515 0.115 -0.01181195763 2
0 0.515 0.125 -0.01086171206 2
0 0.515 0.135 -0.009788401253 2
0 0.515 0.145 -0.008556839569 2
0 0.515 0.155 -0.007051857558 2
0 0.515 0.165 -0.005176690907 2
0 0.515 0.175 -0.002887631577 2
0 0.515 0.185 -0.0002590021379 2
0 0.515 0.195 0.002410716114 2
0 0.515 0.205 0.004814573496 2
0 0.515 0.215 0.006716069242 2
0 0.515 0.225 0.007829661688 2
0 0.515 0.235 0.008257443082 1
0 0.515 0.245 0.00824742704 1
0 0.515 0.255 0.008175607254 1
0 0.515 0.265 0.008319153014 1
0 0.515 0.275 0.008575107268 1
0 0.515 0.285 0.009208273022 1
0 0.515 0.295 0.01073265314 1
0 0.515 0.305 0.01345551399 1
0 0.515 0.315 0.0170328671 2
0 0.515 0.325 0.02031183972 2
0 0.515 0.335 0.02275848842 2
0 0.515 0.345 0.02456040367 2
0 0.515 0.355 0.02621793259 2
0 0.515 0.365 0.02798082502 2
0 0.515 0.375 0.02976305376 2
0 0.515 0.385 0.03158257804 2
0 0.515 0.395 0.03342834031 2
0 0.515 0.405 0.03529971171 2
0 0.515 0.415 0.03719142714 2
0 0.515 0.425 0.03910601603 2
0 0.515 0.435 0.04102471838 2
0 0.515 0.445 0.04299409484 2
0 0.515 0.455 0.04486155784 2
0 0.515 0.465 0.04709146774 2
0 0.515 0.475 0.0482602404 2
0 0.515 0.485 0.05275358403 2
0 0.515 0.495 0.04716301917 2
0 0.515 0.505 0.03148278441 2
0 0.515 0.515 0.01248194642 2
0 0.515 0.525 0 2
0 0.515 0.535 0 2
0 0.515 0.545 0 2
0 0.515 0.555 0 2
0 0.515 0.565 0 2
0 0.525 -0.555 0 1
0 0.525 -0.545 0 1
0 0.525 -0.535 0 1
0 0.525 -0.525 0 1
0 0.525 -0.515 0.008563151372 1
0 0.525 -0.505 0.02256616439 1
0 0.525 -0.495 0.03668705639 1
0 0.525 -0.485 0.04584055548 1
0 0.525 -0.475 0.04828721078 2
0 0.525 -0.465 0.05071485741 2
0 0.525 -0.455 0.05018963843 2
0 0.525 -0.445 0.0478569653 2
0 0.525 -0.435 0.04339518617 2
0 0.525 -0.425 0.03688066683 2
0 0.525 -0.415 0.0291108125 1
0 0.525 -0.405 0.02296534039 1
0 0.525 -0.395 0.01944083194 1
0 0.525 -0.385 0.01783103758 1
0 0.525 -0.375 0.0171902191 1
0 0.525 -0.365 0.01791770197 1
0 0.525 -0.355 0.02023746502 1
0 0.525 -0.345 0.02298224454 2
0 0.525 -0.335 0.02416151988 2
0 0.525 -0.325 0.02319122519 2
0 0.525 -0.315 0.02100064571 2
0 0.525 -0.305 0.01846163519 2
0 0.525 -0.295 0.01629358383 2
0 0.525 -0.285 0.01422154297 2
0 0.525 -0.275 0.01229227624 2
0 0.525 -0.265 0.01046764039 2
0 0.525 -0.255 0.008748755274 2
0 0.525 -0.245 0.007138570552 2
0 0.525 -0.235 0.005651910409 2
0 0.525 -0.225 0.004343856631 2
0 0.525 -0.215 0.003228606166 2
0 0.525 -0.205 0.002345154334 2
0 0.525 -0.195 0.00161487061 2
0 0.525 -0.185 0.001116762825 2
0 0.525 -0.175 0.0004844630425 2
0 0.525 -0.165 -0.0003754352554 2
0 0.525 -0.155 -0.001709188824 2
0 0.525 -0.145 -0.003529467413 2
0 0.525 -0.135 -0.005632684741 2
0 0.525 -0.125 -0.007920959949 2
0 0.525 -0.115 -0.009889265128 2
0 0.525 -0.105 -0.01129464193 2
0 0.525 -0.095 -0.01224132357 2
0 0.525 -0.085 -0.01298281237 2
0 0.525 -0.075 -0.01363148396 2
0 0.525 -0.065 -0.01424522466 2
0 0.525 -0.055 -0.0148322692 2
0 0.525 -0.045 -0.01537441769 2
0 0.525 -0.035 -0.01585384583 2
0 0.525 -0.025 -0.01624699319 2
0 0.525 -0.015 -0.01654140793 2
0 0.525 -0.005 -0.01673161632 2
0 0.525 0.005 -0.01681811719 2
0 0.525 0.015 -0.01680523054 2
0 0.525 0.025 -0.01669874326 2
0 0.525 0.035 -0.01650516043 2
0 0.525 0.045 -0.01623019079 2
0 0.525 0.055 -0.01587842278 2
0 0.525 0.065 -0.01545297545 2
0 0.525 0.075 -0.01495554238 2
0 0.525 0.085 -0.01438614221 2
0 0.525 0.095 -0.01374360394 2
0 0.525 0.105 -0.01302379883 2
0 0.525 0.115 -0.01222586632 2
0 0.525 0.125 -0.01133399542 2
0 0.525 0.135 -0.01035808069 2
0 0.525 0.145 -0.009235175881 2
0 0.525 0.155 -0.007784845769 2
0 0.525 0.165 -0.005859442956 2
0 0.525 0.175 -0.003400743845 2
0 0.525 0.185 -0.0006795080143 2
0 0.525 0.195 0.002001392725 2
0 0.525 0.205 0.004416001744 2
0 0.525 0.215 0.006357112161 2
0 0.525 0.225 0.007617877654 2
0 0.525 0.235 0.008294104301 2
0 0.525 0.245 0.008490238564 2
0 0.525 0.255 0.008395499041 1
0 0.525 0.265 0.008386543279 1
0 0.525 0.275 0.00852130685 1
0 0.525 0.285 0.009042936382 1
0 0.525 0.295 0.0103743513 1
0 0.525 0.305 0.01267038239 2
0 0.525 0.315 0.01574205721 2
0 0.525 0.325 0.01857243003 2
0 0.525 0.335 0.02091488554 2
0 0.525 0.345 0.02284405417 2
0 0.525 0.355 0.0246102036 2
0 0.525 0.365 0.02639378375 2
0 0.525 0.375 0.02817065023 2
0 0.525 0.385 0.02996496012 2
0 0.525 0.395 0.03177402394 2
0 0.525 0.405 0.03360029909 2
0 0.525 0.415 0.03544052877 2
0 0.525 0.425 0.03729749938 2
0 0.525 0.435 0.03915283518 2
0 0.525 0.445 0.0410489322 2
0 0.525 0.455 0.04283849903 2
0 0.525 0.465 0.04495936282 2
0 0.525 0.475 0.04605825151 2
0 0.525 0.485 0.05030039414 2
0 0.525 0.495 0.04495018744 2
0 0.525 0.505 0.02998555866 2
0 0.525 0.515 0.01189118517 2
0 0.525 0.525 0 2
0 0.525 0.535 0 2
0 0.525 0.545 0 2
0 0.525 0.555 0 2
0 0.525 0.565 0 2
0 0.535 -0.555 0 1
0 0.535 -0.545 0 1
0 0.535 -0.535 0 1
0 0.535 -0.525 0 1
0 0.535 -0.515 0.007931504878 1
0 0.535 -0.505 0.02076625094 1
0 0.535 -0.495 0.03359623119 1
0 0.535 -0.485 0.04201521726 1
0 0.535 -0.475 0.04445117917 2
0 0.535 -0.465 0.04707667449 2
0 0.535 -0.455 0.04682948893 2
0 0.535 -0.445 0.04481392278 2
0 0.535 -0.435 0.04079869281 2
0 0.535 -0.425 0.03492711326 2
0 0.535 -0.415 0.02780907493 1
0 0.535 -0.405 0.0219118341 1
0 0.535 -0.395 0.01825095606 1
0 0.535 -0.385 0.01650159761 1
0 0.535 -0.375 0.01589578305 1
0 0.535 -0.365 0.01668330348 1
0 0.535 -0.355 0.01889063075 1
0 0.535 -0.345 0.02129554558 2
0 0.535 -0.335 0.02224337519 2
0 0.535 -0.325 0.0213000014 2
0 0.535 -0.315 0.01926487628 2
0 0.535 -0.305 0.01694409327 2
0 0.535 -0.295 0.01491095708 2
0 0.535 -0.285 0.01294599397 2
0 0.535 -0.275 0.01109162567 2
0 0.535 -0.265 0.009317543738 2
0 0.535 -0.255 0.007625490526 2
0 0.535 -0.245 0.006015729806 2
0 0.535 -0.235 0.004501049613 2
0 0.535 -0.225 0.003118093839 2
0 0.535 -0.215 0.001878334022 2
0 0.535 -0.205 0.0007891499521 2
0 0.535 -0.195 -7.768625609e-05 2
0 0.535 -0.185 -0.0005095454355 2
0 0.535 -0.175 -0.0009413551555 1
0 0.535 -0.165 -0.001470915234 1
0 0.535 -0.155 -0.002597583356 1
0 0.535 -0.145 -0.004308785152 1
0 0.535 -0.135 -0.00628988894 2
0 0.535 -0.125 -0.008465182441 2
0 0.535 -0.115 -0.01045165357 2
0 0.535 -0.105 -0.0119517722 2
0 0.535 -0.095 -0.01284304376 2
0 0.535 -0.085 -0.0134407475 2
0 0.535 -0.075 -0.01394026585 2
0 0.535 -0.065 -0.01446757631 2
0 0.535 -0.055 -0.01505029059 2
0 0.535 -0.045 -0.01561276128 2
0 0.535 -0.035 -0.01612316016 2
0 0.535 -0.025 -0.01653933475 2
0 0.535 -0.015 -0.01684428969 2
0 0.535 -0.005 -0.0170331166 2
0 0.535 0.005 -0.01710983258 2
0 0.535 0.015 -0.01708394303 2
0 0.535 0.025 -0.01696485234 2
0 0.535 0.035 -0.01676247632 2
0 0.535 0.045 -0.01648441594 2
0 0.535 0.055 -0.01613654822 2
0 0.535 0.065 -0.01572269289 2
0 0.535 0.075 -0.01524499511 2
0 0.535 0.085 -0.01470369576 2
0 0.535 0.095 -0.0140978609 2
0 0.535 0.105 -0.0134236545 2
0 0.535 0.115 -0.01268310168 2
0 0.535 0.125 -0.01185723459 2
0 0.535 0.135 -0.01100829296 2
0 0.535 0.145 -0.0100051824 2
0 0.535 0.155 -0.008592830754 2
0 0.535 0.165 -0.006585510703 2
0 0.535 0.175 -0.004018838905 2
0 0.535 0.185 -0.001439775001 2
0 0.535 0.195 0.001029765688 2
0 0.535 0.205 0.00321248506 2
0 0.535 0.215 0.005054668609 2
0 0.535 0.225 0.006418888066 2
0 0.535 0.235 0.007271303241 2
0 0.535 0.245 0.007620564632 2
0 0.535 0.255 0.007749326608 2
0 0.535 0.265 0.007964903961 2
0 0.535 0.275 0.008334223944 2
0 0.535 0.285 0.0090592366 2
0 0.535 0.295 0.01026109114 2
0 0.535 0.305 0.0120914554 2
0 0.535 0.315 0.01451922845 2
0 0.535 0.325 0.01695667952 2
0 0.535 0.335 0.01918889813 2
0 0.535 0.345 0.02115378474 2
0 0.535 0.355 0.02297736584 2
0 0.535 0.365 0.02476297126 2
0 0.535 0.375 0.02652622066 2
0 0.535 0.385 0.02829091368 2
0 0.535 0.395 0.03006098517 2
0 0.535 0.405 0.03184117459 2
0 0.535 0.415 0.03363012206 2
0 0.535 0.425 0.03543089023 2
0 0.535 0.435 0.03722552668 2
0 0.535 0.445 0.03905126906 2
0 0.535 0.455 0.04076587605 2
0 0.535 0.465 0.0427760414 2
0 0.535 0.475 0.04380138094 2
0 0.535 0.485 0.04777073889 2
0 0.535 0.495 0.04266257512 2
0 0.535 0.505 0.02842993242 2
0 0.535 0.515 0.01127883171 2
0 0.535 0.525 0 2
0 0.535 0.535 0 2
0 0.535 0.545 0 1
0 0.535 0.555 0 1
0 0.535 0.565 0 1
0 0.545 -0.555 0 1
0 0.545 -0.545 0 1
0 0.545 -0.535 0 1
0 0.545 -0.525 0 1
0 0.545 -0.515 0.0075386461 1
0 0.545 -0.505 0.01941714867 1
0 0.545 -0.495 0.03103758777 1
0 0.545 -0.485 0.03833532035 1
0 0.545 -0.475 0.04023958564 2
0 0.545 -0.465 0.04269531764 2
0 0.545 -0.455 0.04257615204 2
0 0.545 -0.445 0.0410118631 2
0 0.545 -0.435 0.03769880735 2
0 0.545 -0.425 0.03266905601 2
0 0.545 -0.415 0.02634133623 1
0 0.545 -0.405 0.02093679353 1
0 0.545 -0.395 0.01718747611 1
0 0.545 -0.385 0.01521194119 1
0 0.545 -0.375 0.01462434437 1
0 0.545 -0.365 0.01547092807 1
0 0.545 -0.355 0.01742874636 1
0 0.545 -0.345 0.01951172908 2
0 0.545 -0.335 0.02014461337 2
0 0.545 -0.325 0.01920591696 2
0 0.545 -0.315 0.01734668454 2
0 0.545 -0.305 0.01528028817 2
0 0.545 -0.295 0.0134068701 2
0 0.545 -0.285 0.01156932565 2
0 0.545 -0.275 0.009803468843 2
0 0.545 -0.265 0.008087925106 2
0 0.545 -0.255 0.006424388229 2
0 0.545 -0.245 0.004807630087 2
0 0.545 -0.235 0.003246267461 2
0 0.545 -0.225 0.001732826 2
0 0.545 -0.215 0.0003032838098 2
0 0.545 -0.205 -0.0009639776269 2
0 0.545 -0.195 -0.001746757476 2
0 0.545 -0.185 -0.00198773926 1
0 0.545 -0.175 -0.002186217191 1
0 0.545 -0.165 -0.002644955388 1
0 0.545 -0.155 -0.003581362533 1
0 0.545 -0.145 -0.004860611184 1
0 0.545 -0.135 -0.006574943176 1
0 0.545 -0.125 -0.008641441186 2
0 0.545 -0.115 -0.01064801495 2
0 0.545 -0.105 -0.01230563472 2
0 0.545 -0.095 -0.01320020986 2
0 0.545 -0.085 -0.01367952912 2
0 0.545 -0.075 -0.01406411524 2
0 0.545 -0.065 -0.01455288472 2
0 0.545 -0.055 -0.0152246217 2
0 0.545 -0.045 -0.0158753863 2
0 0.545 -0.035 -0.01645676732 2
0 0.545 -0.025 -0.01690369748 2
0 0.545 -0.015 -0.01721179253 2
0 0.545 -0.005 -0.0173944755 2
0 0.545 0.005 -0.01745171713 2
0 0.545 0.015 -0.01740207846 2
0 0.545 0.025 -0.01726061144 2
0 0.545 0.035 -0.01704225198 2
0 0.545 0.045 -0.01675628405 2
0 0.545 0.055 -0.01640953521 2
0 0.545 0.065 -0.0160063578 2
0 0.545 0.075 -0.01554925097 2
0 0.545 0.085 -0.01503895785 2
0 0.545 0.095 -0.01447483475 2
0 0.545 0.105 -0.01385233344 2
0 0.545 0.115 -0.01317057983 2
0 0.545 0.125 -0.01241562718 2
0 0.545 0.135 -0.01167857933 2
0 0.545 0.145 -0.01075199907 2
0 0.545 0.155 -0.009321970235 2
0 0.545 0.165 -0.007220712615 2
0 0.545 0.175 -0.004649843496 2
0 0.545 0.185 -0.002183893329 1
0 0.545 0.195 -1.124190746e-05 1
0 0.545 0.205 0.001747659881 1
0 0.545 0.215 0.003249529499 1
0 0.545 0.225 0.004523994708 1
0 0.545 0.235 0.005475233266 1
0 0.545 0.245 0.006061866767 1
0 0.545 0.255 0.006495781325 1
0 0.545 0.265 0.006998358609 2
0 0.545 0.275 0.007687722402 2
0 0.545 0.285 0.008710917366 2
0 0.545 0.295 0.009988738244 2
0 0.545 0.305 0.01161538469 2
0 0.545 0.315 0.0135467157 2
0 0.545 0.325 0.0155793655 2
0 0.545 0.335 0.01761746366 2
0 0.545 0.345 0.01952879994 2
0 0.545 0.355 0.02134623267 2
0 0.545 0.365 0.02310889665 2
0 0.545 0.375 0.02484430427 2
0 0.545 0.385 0.02657132214 2
0 0.545 0.395 0.02829765019 2
0 0.545 0.405 0.03002930176 2
0 0.545 0.415 0.03176660281 2
0 0.545 0.425 0.03351312709 2
0 0.545 0.435 0.03525161396 2
0 0.545 0.445 0.03701423218 2
0 0.545 0.455 0.03866432531 2
0 0.545 0.465 0.0405683519 2
0 0.545 0.475 0.0415193207 2
0 0.545 0.485 0.04518804195 2
0 0.545 0.495 0.04031830226 2
0 0.545 0.505 0.02682222677 2
0 0.545 0.515 0.01064902651 2
0 0.545 0.525 0 2
0 0.545 0.535 0 2
0 0.545 0.545 0 1
0 0.545 0.555 0 1
0 0.545 0.565 0 1
0 0.555 -0.555 0 1
0 0.555 -0.545 0 1
0 0.555 -0.535 0 1
0 0.555 -0.525 0 1
0 0.555 -0.515 0.0071512776 1
0 0.555 -0.505 0.01841198633 1
0 0.555 -0.495 0.02898448025 1
0 0.555 -0.485 0.03509377934 1
0 0.555 -0.475 0.03615773844 2
0 0.555 -0.465 0.03799682246 2
0 0.555 -0.455 0.03780270137 2
0 0.555 -0.445 0.03665447319 2
0 0.555 -0.435 0.03412726396 2
0 0.555 -0.425 0.03015833927 2
0 0.555 -0.415 0.02482526512 2
0 0.555 -0.405 0.01984711203 1
0 0.555 -0.395 0.0160307704 1
0 0.555 -0.385 0.01383108097 1
0 0.555 -0.375 0.01330057458 1
0 0.555 -0.365 0.01425204682 1
0 0.555 -0.355 0.01587930467 2
0 0.555 -0.345 0.01747668481 2
0 0.555 -0.335 0.01775825326 2
0 0.555 -0.325 0.01688316262 2
0 0.555 -0.315 0.01529015189 2
0 0.555 -0.305 0.01351745924 2
0 0.555 -0.295 0.01182230194 2
0 0.555 -0.285 0.01012471256 2
0 0.555 -0.275 0.008456834076 2
0 0.555 -0.265 0.006806988532 2
0 0.555 -0.255 0.00517679978 2
0 0.555 -0.245 0.00355462666 2
0 0.555 -0.235 0.001946444507 2
0 0.555 -0.225 0.0002892708077 2
0 0.555 -0.215 -0.001303805101 2
0 0.555 -0.205 -0.002651877455 2
0 0.555 -0.195 -0.003298266927 2
0 0.555 -0.185 -0.003336492262 1
0 0.555 -0.175 -0.003142486444 1
0 0.555 -0.165 -0.003318546059 1
0 0.555 -0.155 -0.004044069389 1
0 0.555 -0.145 -0.005075156861 1
0 0.555 -0.135 -0.006540186764 1
0 0.555 -0.125 -0.008493592892 1
0 0.555 -0.115 -0.01057951315 2
0 0.555 -0.105 -0.01239359041 2
0 0.555 -0.095 -0.01342380253 2
0 0.555 -0.085 -0.01383621336 2
0 0.555 -0.075 -0.01410473074 2
0 0.555 -0.065 -0.01455629296 2
0 0.555 -0.055 -0.0153634061 2
0 0.555 -0.045 -0.0161397846 2
0 0.555 -0.035 -0.01684584531 2
0 0.555 -0.025 -0.01735647226 2
0 0.555 -0.015 -0.01767144594 2
0 0.555 -0.005 -0.01783572317 2
0 0.555 0.005 -0.0178487906 2
0 0.555 0.015 -0.01775896305 2
0 0.555 0.025 -0.01758178833 2
0 0.555 0.035 -0.01733858239 2
0 0.555 0.045 -0.0170393885 2
0 0.555 0.055 -0.01669060333 2
0 0.555 0.065 -0.01629672226 2
0 0.555 0.075 -0.01586033961 2
0 0.555 0.085 -0.01538361603 2
0 0.555 0.095 -0.01486608512 2
0 0.555 0.105 -0.01430016914 2
0 0.555 0.115 -0.01368710703 2
0 0.555 0.125 -0.01300856356 2
0 0.555 0.135 -0.01232240997 2
0 0.555 0.145 -0.0113580385 2
0 0.555 0.155 -0.009725891437 2
0 0.555 0.165 -0.007310889071 2
0 0.555 0.175 -0.004715624999 1
0 0.555 0.185 -0.002417686162 1
0 0.555 0.195 -0.0006938090861 1
0 0.555 0.205 0.0006426900692 1
0 0.555 0.215 0.001784414096 1
0 0.555 0.225 0.002816251936 1
0 0.555 0.235 0.003666683459 1
0 0.555 0.245 0.004343152593 1
0 0.555 0.255 0.004975470454 1
0 0.555 0.265 0.005699476025 1
0 0.555 0.275 0.006710092063 2
0 0.555 0.285 0.008030144241 2
0 0.555 0.295 0.009493390248 2
0 0.555 0.305 0.01101684167 2
0 0.555 0.315 0.01260692498 2
0 0.555 0.325 0.01432341797 2
0 0.555 0.335 0.0161711416 2
0 0.555 0.345 0.01797452048 2
0 0.555 0.355 0.01973027301 2
0 0.555 0.365 0.02144476172 2
0 0.555 0.375 0.0231354718 2
0 0.555 0.385 0.02481466106 2
0 0.555 0.395 0.02649062827 2
0 0.555 0.405 0.02816984137 2
0 0.555 0.415 0.0298542311 2
0 0.555 0.425 0.03154842654 2
0 0.555 0.435 0.0332364198 2
0 0.555 0.445 0.03494721284 2
0 0.555 0.455 0.03654958019 2
0 0.555 0.465 0.03835655056 2
0 0.555 0.475 0.03926365437 2
0 0.555 0.485 0.04259263645 2
0 0.555 0.495 0.03795166657 2
0 0.555 0.505 0.0251595668 2
0 0.555 0.515 0.009995424475 2
0 0.555 0.525 0 2
0 0.555 0.535 0 1
0 0.555 0.545 0 1
0 0.555 0.555 0 1
0 0.555 0.565 0 1
0 0.565 -0.555 0 1
0 0.565 -0.545 0 1
0 0.565 -0.535 0 1
0 0.565 -0.525 0 1
0 0.565 -0.515 0.0068593562 1
0 0.565 -0.505 0.01780421747 1
0 0.565 -0.495 0.02749171064 1
0 0.565 -0.485 0.03261099051 2
0 0.565 -0.475 0.03236397049 2
0 0.565 -0.465 0.03334444944 2
0 0.565 -0.455 0.03305572682 2
0 0.565 -0.445 0.03227667973 2
0 0.565 -0.435 0.03041371694 2
0 0.565 -0.425 0.02734188922 2
0 0.565 -0.415 0.02307205685 2
0 0.565 -0.405 0.01870751004 2
0 0.565 -0.395 0.01502569826 1
0 0.565 -0.385 0.01261207297 1
0 0.565 -0.375 0.01199577948 1
0 0.565 -0.365 0.01280718406 1
0 0.565 -0.355 0.01419500831 2
0 0.565 -0.345 0.01536862222 2
0 0.565 -0.335 0.01542366249 2
0 0.565 -0.325 0.01459487607 2
0 0.565 -0.315 0.01323312541 2
0 0.565 -0.305 0.01172791032 2
0 0.565 -0.295 0.01020648132 2
0 0.565 -0.285 0.008649161773 2
0 0.565 -0.275 0.00708322554 2
0 0.565 -0.265 0.005505128036 2
0 0.565 -0.255 0.003916302454 2
0 0.565 -0.245 0.002299480741 2
0 0.565 -0.235 0.0006598464095 2
0 0.565 -0.225 -0.00111925369 2
0 0.565 -0.215 -0.002817779784 2
0 0.565 -0.205 -0.004167313383 2
0 0.565 -0.195 -0.004631473817 2
0 0.565 -0.185 -0.004352989261 1
0 0.565 -0.175 -0.003832102186 1
0 0.565 -0.165 -0.003757543637 1
0 0.565 -0.155 -0.004253923392 1
0 0.565 -0.145 -0.005059220066 1
0 0.565 -0.135 -0.006276457682 1
0 0.565 -0.125 -0.008083362335 1
0 0.565 -0.115 -0.01026998299 1
0 0.565 -0.105 -0.01225145047 2
0 0.565 -0.095 -0.01358033441 2
0 0.565 -0.085 -0.01406226307 2
0 0.565 -0.075 -0.01426131216 2
0 0.565 -0.065 -0.01469127079 2
0 0.565 -0.055 -0.01558201314 2
0 0.565 -0.045 -0.01649312242 2
0 0.565 -0.035 -0.01734611665 2
0 0.565 -0.025 -0.01793049726 2
0 0.565 -0.015 -0.01824472301 2
0 0.565 -0.005 -0.01837205401 2
0 0.565 0.005 -0.01830463011 2
0 0.565 0.015 -0.01814716693 2
0 0.565 0.025 -0.01791975104 2
0 0.565 0.035 -0.01764257142 2
0 0.565 0.045 -0.01732543085 2
0 0.565 0.055 -0.01697163411 2
0 0.565 0.065 -0.0165852315 2
0 0.565 0.075 -0.01616857623 2
0 0.565 0.085 -0.0157268455 2
0 0.565 0.095 -0.01525892105 2
0 0.565 0.105 -0.01476605404 2
0 0.565 0.115 -0.01424056841 2
0 0.565 0.125 -0.01362435802 2
0 0.565 0.135 -0.01287119257 2
0 0.565 0.145 -0.01165126893 2
0 0.565 0.155 -0.009669435079 2
0 0.565 0.165 -0.007033368519 2
0 0.565 0.175 -0.004411295288 1
0 0.565 0.185 -0.002203234674 1
0 0.565 0.195 -0.0007733622062 1
0 0.565 0.205 0.0001767478631 1
0 0.565 0.215 0.0009542042479 1
0 0.565 0.225 0.001699933719 1
0 0.565 0.235 0.002344430965 1
0 0.565 0.245 0.002897172561 1
0 0.565 0.255 0.003505209249 1
0 0.565 0.265 0.004276144883 1
0 0.565 0.275 0.005441650347 1
0 0.565 0.285 0.006951187884 2
0 0.565 0.295 0.008629975968 2
0 0.565 0.305 0.01017843935 2
0 0.565 0.315 0.01159892995 2
0 0.565 0.325 0.0131055502 2
0 0.565 0.335 0.01477680106 2
0 0.565 0.345 0.01645515402 2
0 0.565 0.355 0.01812503385 2
0 0.565 0.365 0.01977368487 2
0 0.565 0.375 0.02140522767 2
0 0.565 0.385 0.02302635728 2
0 0.565 0.395 0.02464428614 2
0 0.565 0.405 0.02626571859 2
0 0.565 0.415 0.02789450418 2
0 0.565 0.425 0.02953720236 2
0 0.565 0.435 0.03118128348 2
0 0.565 0.445 0.032856245 2
0 0.565 0.455 0.03443392557 2
0 0.565 0.465 0.03620701085 2
0 0.565 0.475 0.03715008834 2
0 0.565 0.485 0.04006688651 2
0 0.565 0.495 0.0356002346 2
0 0.565 0.505 0.02340161984 2
0 0.565 0.515 0.009283417775 2
0 0.565 0.525 0 2
0 0.565 0.535 0 1
0 0.565 0.545 0 1
0 0.565 0.555 0 1
0 0.565 0.565 0 1
0 0.575 -0.555 0 1
0 0.575 -0.545 0 1
0 0.575 -0.535 0 1
0 0.575 -0.525 0 1
0 0.575 -0.515 0.006705151935 1
0 0.575 -0.505 0.01749081332 1
0 0.575 -0.495 0.02627744343 2
0 0.575 -0.485 0.03031000123 2
0 0.575 -0.475 0.02877128303 2
0 0.575 -0.465 0.02923068731 2
0 0.575 -0.455 0.02886532001 2
0 0.575 -0.445 0.02821757339 2
0 0.575 -0.435 0.02677088437 2
0 0.575 -0.425 0.02440097389 2
0 0.575 -0.415 0.02105163868 2
0 0.575 -0.405 0.0173596452 2
0 0.575 -0.395 0.01410741104 2
0 0.575 -0.385 0.0119264788 2
0 0.575 -0.375 0.01116345885 2
0 0.575 -0.365 0.01149595367 2
0 0.575 -0.355 0.01242697274 2
0 0.575 -0.345 0.01309750658 2
0 0.575 -0.335 0.01304699416 2
0 0.575 -0.325 0.01234796364 2
0 0.575 -0.315 0.01122485603 2
0 0.575 -0.305 0.009957501304 2
0 0.575 -0.295 0.008598767682 2
0 0.575 -0.285 0.007175642338 2
0 0.575 -0.275 0.005712015929 2
0 0.575 -0.265 0.004211119884 2
0 0.575 -0.255 0.002674698035 2
0 0.575 -0.245 0.00108298723 2
0 0.575 -0.235 -0.0005576975264 2
0 0.575 -0.225 -0.002389251884 2
0 0.575 -0.215 -0.004129610271 2
0 0.575 -0.205 -0.005423608596 2
0 0.575 -0.195 -0.005788374895 2
0 0.575 -0.185 -0.005290395213 1
0 0.575 -0.175 -0.004517066641 1
0 0.575 -0.165 -0.004170114318 1
0 0.575 -0.155 -0.004446454639 1
0 0.575 -0.145 -0.005082972582 1
0 0.575 -0.135 -0.006059340009 1
0 0.575 -0.125 -0.007671753918 1
0 0.575 -0.115 -0.009909994971 1
0 0.575 -0.105 -0.01206319217 2
0 0.575 -0.095 -0.01355357005 2
0 0.575 -0.085 -0.0142031949 2
0 0.575 -0.075 -0.01449876947 2
0 0.575 -0.065 -0.01492967729 2
0 0.575 -0.055 -0.01575977765 2
0 0.575 -0.045 -0.01681951897 2
0 0.575 -0.035 -0.01786595889 2
0 0.575 -0.025 -0.01863936069 2
0 0.575 -0.015 -0.01896391992 2
0 0.575 -0.005 -0.01900885754 2
0 0.575 0.005 -0.01881089294 2
0 0.575 0.015 -0.01854781497 2
0 0.575 0.025 -0.01825943611 2
0 0.575 0.035 -0.01794226793 2
0 0.575 0.045 -0.0176047052 2
0 0.575 0.055 -0.01724386933 2
0 0.575 0.065 -0.01686273407 2
0 0.575 0.075 -0.016463071 2
0 0.575 0.085 -0.01605444732 2
0 0.575 0.095 -0.0156340119 2
0 0.575 0.105 -0.01523203074 2
0 0.575 0.115 -0.01480236657 2
0 0.575 0.125 -0.01421778029 2
0 0.575 0.135 -0.01328355027 2
0 0.575 0.145 -0.01164320419 2
0 0.575 0.155 -0.009285928585 2
0 0.575 0.165 -0.006538178734 2
0 0.575 0.175 -0.003844164734 1
0 0.575 0.185 -0.001810062029 1
0 0.575 0.195 -0.0006017235817 1
0 0.575 0.205 9.184876203e-05 1
0 0.575 0.215 0.0006469916426 1
0 0.575 0.225 0.001155680927 1
0 0.575 0.235 0.00155307182 1
0 0.575 0.245 0.001851903203 1
0 0.575 0.255 0.00222851557 1
0 0.575 0.265 0.00285962953 1
0 0.575 0.275 0.004035016283 1
0 0.575 0.285 0.005629578774 2
0 0.575 0.295 0.007394001822 2
0 0.575 0.305 0.008991523094 2
0 0.575 0.315 0.01038323139 2
0 0.575 0.325 0.01180043765 2
0 0.575 0.335 0.01335581364 2
0 0.575 0.345 0.01493465668 2
0 0.575 0.355 0.01652001915 2
0 0.575 0.365 0.01809383713 2
0 0.575 0.375 0.01965582858 2
0 0.575 0.385 0.0212095197 2
0 0.575 0.395 0.02276106658 2
0 0.575 0.405 0.02431767571 2
0 0.575 0.415 0.0258857047 2
0 0.575 0.425 0.02747450584 2
0 0.575 0.435 0.02907891382 2
0 0.575 0.445 0.03073040937 2
0 0.575 0.455 0.03230133616 2
0 0.575 0.465 0.03410328097 2
0 0.575 0.475 0.03511266757 2
0 0.575 0.485 0.03751055552 2
0 0.575 0.495 0.03305339643 2
0 0.575 0.505 0.02134812088 2
0 0.575 0.515 0.008414132702 2
0 0.575 0.525 0 2
0 0.575 0.535 0 1
0 0.575 0.545 0 1
0 0.575 0.555 0 1
0 0.575 0.565 0 1
0 0.585 -0.555 0 1
0 0.585 -0.545 0 1
0 0.585 -0.535 0 1
0 0.585 -0.525 0 1
0 0.585 -0.515 0.006544912431 1
0 0.585 -0.505 0.01700768499 2
0 0.585 -0.495 0.02492500919 2
0 0.585 -0.485 0.02796671659 2
0 0.585 -0.475 0.02565516562 2
0 0.585 -0.465 0.02579316706 2
0 0.585 -0.455 0.02529718405 2
0 0.585 -0.445 0.02464808053 2
0 0.585 -0.435 0.02339542768 2
0 0.585 -0.425 0.02151769073 2
0 0.585 -0.415 0.0190013686 2
0 0.585 -0.405 0.01611613659 2
0 0.585 -0.395 0.01334637899 2
0 0.585 -0.385 0.01137936743 2
0 0.585 -0.375 0.01044909882 2
0 0.585 -0.365 0.01040744332 2
0 0.585 -0.355 0.01089029225 2
0 0.585 -0.345 0.0111365366 2
0 0.585 -0.335 0.01095213417 2
0 0.585 -0.325 0.01031567889 2
0 0.585 -0.315 0.009358047151 2
0 0.585 -0.305 0.008257914711 2
0 0.585 -0.295 0.007036034535 2
0 0.585 -0.285 0.005733030764 2
0 0.585 -0.275 0.004368294631 2
0 0.585 -0.265 0.002948771366 2
0 0.585 -0.255 0.001476679828 2
0 0.585 -0.245 -6.682218925e-05 2
0 0.585 -0.235 -0.0016748476 2
0 0.585 -0.225 -0.003483696205 2
0 0.585 -0.215 -0.005228022361 2
0 0.585 -0.205 -0.006481854755 2
0 0.585 -0.195 -0.006853675485 2
0 0.585 -0.185 -0.006284399425 1
0 0.585 -0.175 -0.005386578938 1
0 0.585 -0.165 -0.004769116668 1
0 0.585 -0.155 -0.004807189582 1
0 0.585 -0.145 -0.005350614227 1
0 0.585 -0.135 -0.006242361136 1
0 0.585 -0.125 -0.007646456758 1
0 0.585 -0.115 -0.009562562411 1
0 0.585 -0.105 -0.01163368118 1
0 0.585 -0.095 -0.01313009314 1
0 0.585 -0.085 -0.01391716396 1
0 0.585 -0.075 -0.01435898052 1
0 0.585 -0.065 -0.01496566475 1
0 0.585 -0.055 -0.01595895521 2
0 0.585 -0.045 -0.01716264253 2
0 0.585 -0.035 -0.01827025403 2
0 0.585 -0.025 -0.01928169825 2
0 0.585 -0.015 -0.01971521778 2
0 0.585 -0.005 -0.01967720508 2
0 0.585 0.005 -0.0193302048 2
0 0.585 0.015 -0.01893080207 2
0 0.585 0.025 -0.01858054729 2
0 0.585 0.035 -0.01822425463 2
0 0.585 0.045 -0.0178675292 2
0 0.585 0.055 -0.01749922665 2
0 0.585 0.065 -0.01712085575 2
0 0.585 0.075 -0.01673341974 2
0 0.585 0.085 -0.0163513732 2
0 0.585 0.095 -0.01596977997 2
0 0.585 0.105 -0.01566488012 2
0 0.585 0.115 -0.01531038552 2
0 0.585 0.125 -0.01469377142 2
0 0.585 0.135 -0.01347124517 2
0 0.585 0.145 -0.01142254855 2
0 0.585 0.155 -0.008794131646 2
0 0.585 0.165 -0.005991945026 1
0 0.585 0.175 -0.003412953564 1
0 0.585 0.185 -0.001662513471 1
0 0.585 0.195 -0.0005819757946 1
0 0.585 0.205 4.605518067e-05 1
0 0.585 0.215 0.0005033085481 1
0 0.585 0.225 0.0008386153841 1
0 0.585 0.235 0.001025084249 1
0 0.585 0.245 0.001080457557 1
0 0.585 0.255 0.001154134694 1
0 0.585 0.265 0.001527033919 1
0 0.585 0.275 0.002524002027 1
0 0.585 0.285 0.004086616913 2
0 0.585 0.295 0.005857566105 2
0 0.585 0.305 0.007505119633 2
0 0.585 0.315 0.008962779162 2
0 0.585 0.325 0.01039811873 2
0 0.585 0.335 0.01189656995 2
0 0.585 0.345 0.0134014222 2
0 0.585 0.355 0.01490721026 2
0 0.585 0.365 0.01640295773 2
0 0.585 0.375 0.0178883433 2
0 0.585 0.385 0.01936615013 2
0 0.585 0.395 0.02084237503 2
0 0.585 0.405 0.02232512145 2
0 0.585 0.415 0.02382381778 2
0 0.585 0.425 0.02535135136 2
0 0.585 0.435 0.02691485683 2
0 0.585 0.445 0.02854667684 2
0 0.585 0.455 0.03016549614 2
0 0.585 0.465 0.03206811347 2
0 0.585 0.475 0.03313260865 2
0 0.585 0.485 0.0347621032 2
0 0.585 0.495 0.03001201047 2
0 0.585 0.505 0.01888630901 2
0 0.585 0.515 0.007354970143 2
0 0.585 0.525 0 2
0 0.585 0.535 0 1
0 0.585 0.545 0 1
0 0.585 0.555 0 1
0 0.585 0.565 0 1
0 0.595 -0.555 0 1
0 0.595 -0.545 0 1
0 0.595 -0.535 0 1
0 0.595 -0.525 0 2
0 0.595 -0.515 0.006206374016 2
0 0.595 -0.505 0.01591615783 2
0 0.595 -0.495 0.02299417704 2
0 0.595 -0.485 0.02552683944 2
0 0.595 -0.475 0.02304679174 2
0 0.595 -0.465 0.0229649364 2
0 0.595 -0.455 0.02230685355 2
0 0.595 -0.445 0.02156792579 2
0 0.595 -0.435 0.02039967247 2
0 0.595 -0.425 0.018833371 2
0 0.595 -0.415 0.01688703424 2
0 0.595 -0.405 0.01473527564 2
0 0.595 -0.395 0.01262453552 2
0 0.595 -0.385 0.0110013569 2
0 0.595 -0.375 0.01000623443 2
0 0.595 -0.365 0.009580286254 2
0 0.595 -0.355 0.009527931093 2
0 0.595 -0.345 0.009408349385 2
0 0.595 -0.335 0.009082075671 2
0 0.595 -0.325 0.008475610495 2
0 0.595 -0.315 0.007634617548 2
0 0.595 -0.305 0.006648896185 2
0 0.595 -0.295 0.005539240291 2
0 0.595 -0.285 0.004340945925 2
0 0.595 -0.275 0.003070078488 2
0 0.595 -0.265 0.00173493504 2
0 0.595 -0.255 0.000338562442 2
0 0.595 -0.245 -0.001133494517 2
0 0.595 -0.235 -0.002673670325 2
0 0.595 -0.225 -0.004381997247 2
0 0.595 -0.215 -0.006061795656 2
0 0.595 -0.205 -0.007315447719 2
0 0.595 -0.195 -0.007812906028 2
0 0.595 -0.185 -0.007382597088 2
0 0.595 -0.175 -0.006486616247 1
0 0.595 -0.165 -0.005575351555 1
0 0.595 -0.155 -0.005270553602 1
0 0.595 -0.145 -0.005627566286 1
0 0.595 -0.135 -0.00643381775 1
0 0.595 -0.125 -0.007642670954 1
0 0.595 -0.115 -0.00919130476 1
0 0.595 -0.105 -0.01096944681 1
0 0.595 -0.095 -0.01233775892 1
0 0.595 -0.085 -0.0132628711 1
0 0.595 -0.075 -0.01390043441 1
0 0.595 -0.065 -0.01440283466 1
0 0.595 -0.055 -0.01524858293 1
0 0.595 -0.045 -0.01663809085 1
0 0.595 -0.035 -0.01827853398 2
0 0.595 -0.025 -0.01971095022 2
0 0.595 -0.015 -0.02034744276 2
0 0.595 -0.005 -0.02025289747 2
0 0.595 0.005 -0.01977752978 2
0 0.595 0.015 -0.01925570923 2
0 0.595 0.025 -0.01886028487 2
0 0.595 0.035 -0.01847614853 2
0 0.595 0.045 -0.01810621505 2
0 0.595 0.055 -0.01773189679 2
0 0.595 0.065 -0.01735348402 2
0 0.595 0.075 -0.0169715827 2
0 0.595 0.085 -0.0166042051 2
0 0.595 0.095 -0.01624285698 2
0 0.595 0.105 -0.01600428314 2
0 0.595 0.115 -0.01567750941 2
0 0.595 0.125 -0.01493710114 2
0 0.595 0.135 -0.01336288232 2
0 0.595 0.145 -0.01101414754 2
0 0.595 0.155 -0.008234158449 1
0 0.595 0.165 -0.005553618928 1
0 0.595 0.175 -0.003322340528 1
0 0.595 0.185 -0.00181425679 1
0 0.595 0.195 -0.0008094776609 1
0 0.595 0.205 -0.0002026069501 1
0 0.595 0.215 0.0001831395772 1
0 0.595 0.225 0.0003753710508 1
0 0.595 0.235 0.000416320186 1
0 0.595 0.245 0.0003044288135 1
0 0.595 0.255 0.000154824475 1
0 0.595 0.265 0.0003503254158 1
0 0.595 0.275 0.001138881475 1
0 0.595 0.285 0.00258821584 2
0 0.595 0.295 0.004270673029 2
0 0.595 0.305 0.005930057907 2
0 0.595 0.315 0.007470829625 2
0 0.595 0.325 0.008949952896 2
0 0.595 0.335 0.01041093882 2
0 0.595 0.345 0.0118545448 2
0 0.595 0.355 0.01328542374 2
0 0.595 0.365 0.01470148309 2
0 0.595 0.375 0.01610463884 2
0 0.595 0.385 0.01749857643 2
0 0.595 0.395 0.01888980664 2
0 0.595 0.405 0.02028740733 2
0 0.595 0.415 0.02170379962 2
0 0.595 0.425 0.023155239 2
0 0.595 0.435 0.02466364169 2
0 0.595 0.445 0.02625840168 2
0 0.595 0.455 0.02795138991 2
0 0.595 0.465 0.02990949608 2
0 0.595 0.475 0.03095197844 2
0 0.595 0.485 0.03169370464 2
0 0.595 0.495 0.02662605689 2
0 0.595 0.505 0.01630201315 2
0 0.595 0.515 0.006275677019 1
0 0.595 0.525 0 1
0 0.595 0.535 0 1
0 0.595 0.545 0 1
0 0.595 0.555 0 1
0 0.595 0.565 0 1
0 0.605 -0.555 0 1
0 0.605 -0.545 0 1
0 0.605 -0.535 0 2
0 0.605 -0.525 0 2
0 0.605 -0.515 0.005637235091 2
0 0.605 -0.505 0.01434958316 2
0 0.605 -0.495 0.02078030115 2
0 0.605 -0.485 0.02309790447 2
0 0.605 -0.475 0.02075293833 2
0 0.605 -0.465 0.02049294797 2
0 0.605 -0.455 0.01967796278 2
0 0.605 -0.445 0.0188540627 2
0 0.605 -0.435 0.01775098115 2
0 0.605 -0.425 0.01642469732 2
0 0.605 -0.415 0.01487984851 2
0 0.605 -0.405 0.01323286946 2
0 0.605 -0.395 0.01163384496 2
0 0.605 -0.385 0.01029801902 2
0 0.605 -0.375 0.009323309333 2
0 0.605 -0.365 0.008695059166 2
0 0.605 -0.355 0.008298134088 2
0 0.605 -0.345 0.007926156213 2
0 0.605 -0.335 0.007462339996 2
0 0.605 -0.325 0.006838361993 2
0 0.605 -0.315 0.006054722802 2
0 0.605 -0.305 0.005141821164 2
0 0.605 -0.295 0.004119884177 2
0 0.605 -0.285 0.00301107221 2
0 0.605 -0.275 0.001828064648 2
0 0.605 -0.265 0.000578585557 2
0 0.605 -0.255 -0.0007335818926 2
0 0.605 -0.245 -0.002117036867 2
0 0.605 -0.235 -0.00356508798 2
0 0.605 -0.225 -0.005136867112 2
0 0.605 -0.215 -0.006730742841 2
0 0.605 -0.205 -0.008039308146 2
0 0.605 -0.195 -0.008684248425 2
0 0.605 -0.185 -0.008396455338 2
0 0.605 -0.175 -0.007561601976 1
0 0.605 -0.165 -0.00662940763 1
0 0.605 -0.155 -0.006061557364 1
0 0.605 -0.145 -0.006100538076 1
0 0.605 -0.135 -0.006701594425 1
0 0.605 -0.125 -0.007670130586 1
0 0.605 -0.115 -0.008844565443 1
0 0.605 -0.105 -0.01015210352 1
0 0.605 -0.095 -0.01125655343 1
0 0.605 -0.085 -0.01214063995 1
0 0.605 -0.075 -0.01285388875 1
0 0.605 -0.065 -0.01343121196 1
0 0.605 -0.055 -0.01430046965 1
0 0.605 -0.045 -0.01562726289 1
0 0.605 -0.035 -0.01757195649 1
0 0.605 -0.025 -0.01946770478 2
0 0.605 -0.015 -0.0205789049 2
0 0.605 -0.005 -0.02061552848 2
0 0.605 0.005 -0.02008439749 2
0 0.605 0.015 -0.01949296517 2
0 0.605 0.025 -0.01908368155 2
0 0.605 0.035 -0.01869133209 2
0 0.605 0.045 -0.01831777318 2
0 0.605 0.055 -0.01794017195 2
0 0.605 0.065 -0.0175584578 2
0 0.605 0.075 -0.01717402835 2
0 0.605 0.085 -0.01680592363 2
0 0.605 0.095 -0.01644095461 2
0 0.605 0.105 -0.01621876138 2
0 0.605 0.115 -0.0158568484 2
0 0.605 0.125 -0.01490759362 2
0 0.605 0.135 -0.01298612142 2
0 0.605 0.145 -0.01042113452 1
0 0.605 0.155 -0.007644720056 1
0 0.605 0.165 -0.005257755535 1
0 0.605 0.175 -0.003419050651 1
0 0.605 0.185 -0.002120828006 1
0 0.605 0.195 -0.001169161159 1
0 0.605 0.205 -0.0005961867428 1
0 0.605 0.215 -0.0003204462503 1
0 0.605 0.225 -0.0002879540415 1
0 0.605 0.235 -0.0003914550411 1
0 0.605 0.245 -0.0006326263655 1
0 0.605 0.255 -0.0009129144056 1
0 0.605 0.265 -0.0007952936155 1
0 0.605 0.275 -9.820631067e-05 2
0 0.605 0.285 0.001227209918 2
0 0.605 0.295 0.00277675916 2
0 0.605 0.305 0.004414958792 2
0 0.605 0.315 0.006002066817 2
0 0.605 0.325 0.007499516584 2
0 0.605 0.335 0.008921000551 2
0 0.605 0.345 0.01030426464 2
0 0.605 0.355 0.01165991494 2
0 0.605 0.365 0.01299320607 2
0 0.605 0.375 0.014308486 2
0 0.605 0.385 0.01561061827 2
0 0.605 0.395 0.01690654163 2
0 0.605 0.405 0.01820582606 2
0 0.605 0.415 0.01952288242 2
0 0.605 0.425 0.02087614804 2
0 0.605 0.435 0.02230156525 2
0 0.605 0.445 0.02382483667 2
0 0.605 0.455 0.02557437223 2
0 0.605 0.465 0.02748624187 2
0 0.605 0.475 0.02834830095 2
0 0.605 0.485 0.02829586225 2
0 0.605 0.495 0.02328013912 2
0 0.605 0.505 0.01392650483 1
0 0.605 0.515 0.005367427316 1
0 0.605 0.525 0 1
0 0.605 0.535 0 1
0 0.605 0.545 0 1
0 0.605 0.555 0 1
0 0.605 0.565 0 1
0 0.615 -0.555 0 1
0 0.615 -0.545 0 1
0 0.615 -0.535 0 1
0 0.615 -0.525 0 2
0 0.615 -0.515 0.00498289441 2
0 0.615 -0.505 0.01266111171 2
0 0.615 -0.495 0.01853294472 2
0 0.615 -0.485 0.02061166106 2
0 0.615 -0.475 0.01850398298 2
0 0.615 -0.465 0.01808805211 2
0 0.615 -0.455 0.01718364106 2
0 0.615 -0.445 0.01635288321 2
0 0.615 -0.435 0.01534537093 2
0 0.615 -0.425 0.01421174156 2
0 0.615 -0.415 0.01296262237 2
0 0.615 -0.405 0.01167612819 2
0 0.615 -0.395 0.01043947536 2
0 0.615 -0.385 0.009344893834 2
0 0.615 -0.375 0.008439748234 2
0 0.615 -0.365 0.007718623915 2
0 0.615 -0.355 0.007128463178 2
0 0.615 -0.345 0.00658188664 2
0 0.615 -0.335 0.006006543342 2
0 0.615 -0.325 0.005349705412 2
0 0.615 -0.315 0.004590594852 2
0 0.615 -0.305 0.003729898242 2
0 0.615 -0.295 0.002777898164 2
0 0.615 -0.285 0.001746789519 2
0 0.615 -0.275 0.0006459541894 2
0 0.615 -0.265 -0.0005180321244 2
0 0.615 -0.255 -0.001740665578 2
0 0.615 -0.245 -0.003024233674 2
0 0.615 -0.235 -0.004362565264 2
0 0.615 -0.225 -0.0057723126 2
0 0.615 -0.215 -0.007232805749 2
0 0.615 -0.205 -0.008531239288 2
0 0.615 -0.195 -0.009333332529 2
0 0.615 -0.185 -0.009354467157 2
0 0.615 -0.175 -0.008713159913 2
0 0.615 -0.165 -0.007834211359 1
0 0.615 -0.155 -0.007072141058 1
0 0.615 -0.145 -0.006769497801 1
0 0.615 -0.135 -0.007022948008 1
0 0.615 -0.125 -0.007676064411 1
0 0.615 -0.115 -0.008526374742 1
0 0.615 -0.105 -0.009440585899 1
0 0.615 -0.095 -0.01029683669 1
0 0.615 -0.085 -0.01107991537 1
0 0.615 -0.075 -0.01173860848 1
0 0.615 -0.065 -0.0122177461 1
0 0.615 -0.055 -0.01291148516 1
0 0.615 -0.045 -0.01427728723 1
0 0.615 -0.035 -0.01653010082 1
0 0.615 -0.025 -0.01881912156 2
0 0.615 -0.015 -0.02030085362 2
0 0.615 -0.005 -0.02058771672 2
0 0.615 0.005 -0.0201710123 2
0 0.615 0.015 -0.01962291155 2
0 0.615 0.025 -0.019245995 2
0 0.615 0.035 -0.01887115818 2
0 0.615 0.045 -0.0185055801 2
0 0.615 0.055 -0.01812773535 2
0 0.615 0.065 -0.01773869108 2
0 0.615 0.075 -0.01734230174 2
0 0.615 0.085 -0.01695511145 2
0 0.615 0.095 -0.01657239449 2
0 0.615 0.105 -0.01630455219 2
0 0.615 0.115 -0.01581918643 2
0 0.615 0.125 -0.01464687148 2
0 0.615 0.135 -0.01250998996 2
0 0.615 0.145 -0.009788391637 1
0 0.615 0.155 -0.007130811763 1
0 0.615 0.165 -0.005103832644 1
0 0.615 0.175 -0.003666120228 1
0 0.615 0.185 -0.002570421537 1
0 0.615 0.195 -0.001674515112 1
0 0.615 0.205 -0.001204629562 1
0 0.615 0.215 -0.001139068134 1
0 0.615 0.225 -0.001308453925 2
0 0.615 0.235 -0.00152269051 2
0 0.615 0.245 -0.001766673757 2
0 0.615 0.255 -0.001954808119 2
0 0.615 0.265 -0.001755550351 2
0 0.615 0.275 -0.001098224153 2
0 0.615 0.285 5.409711233e-05 2
0 0.615 0.295 0.001502009125 2
0 0.615 0.305 0.003087855099 2
0 0.615 0.315 0.004634786719 2
0 0.615 0.325 0.006088114749 2
0 0.615 0.335 0.007450588141 2
0 0.615 0.345 0.008763751804 2
0 0.615 0.355 0.01003886003 2
0 0.615 0.365 0.01128442989 2
0 0.615 0.375 0.01250581622 2
0 0.615 0.385 0.01370827393 2
0 0.615 0.395 0.01489843605 2
0 0.615 0.405 0.01608527168 2
0 0.615 0.415 0.0172831007 2
0 0.615 0.425 0.01850985045 2
0 0.615 0.435 0.01980865421 2
0 0.615 0.445 0.0211973735 2
0 0.615 0.455 0.02289237549 2
0 0.615 0.465 0.02460697033 2
0 0.615 0.475 0.02508847487 2
0 0.615 0.485 0.02455135264 2
0 0.615 0.495 0.02010085679 2
0 0.615 0.505 0.01190013667 1
0 0.615 0.515 0.004619253292 1
0 0.615 0.525 0 1
0 0.615 0.535 0 1
0 0.615 0.545 0 1
0 0.615 0.555 0 1
0 0.615 0.565 0 1
0 0.625 -0.555 0 1
0 0.625 -0.545 0 1
0 0.625 -0.535 0 1
0 0.625 -0.525 0 2
0 0.625 -0.515 0.004314247074 2
0 0.625 -0.505 0.01094870786 2
0 0.625 -0.495 0.01615882149 2
0 0.625 -0.485 0.01795529279 2
0 0.625 -0.475 0.01613789053 2
0 0.625 -0.465 0.01564673296 2
0 0.625 -0.455 0.01476140634 2
0 0.625 -0.445 0.01397969311 2
0 0.625 -0.435 0.01308167255 2
0 0.625 -0.425 0.01211689471 2
0 0.625 -0.415 0.01108630172 2
0 0.625 -0.405 0.01003733256 2
0 0.625 -0.395 0.009019305652 2
0 0.625 -0.385 0.008081741336 2
0 0.625 -0.375 0.007251038619 2
0 0.625 -0.365 0.006526093647 2
0 0.625 -0.355 0.005879691322 2
0 0.625 -0.345 0.005265761598 2
0 0.625 -0.335 0.004639524814 2
0 0.625 -0.325 0.003964673028 2
0 0.625 -0.315 0.003220812395 2
0 0.625 -0.305 0.002401221154 2
0 0.625 -0.295 0.001507670617 2
0 0.625 -0.285 0.0005458352522 2
0 0.625 -0.275 -0.0004779536453 2
0 0.625 -0.265 -0.00155818835 2
0 0.625 -0.255 -0.002689866697 2
0 0.625 -0.245 -0.003870307462 2
0 0.625 -0.235 -0.005094097908 2
0 0.625 -0.225 -0.006351224607 2
0 0.625 -0.215 -0.007658180213 2
0 0.625 -0.205 -0.008882039958 2
0 0.625 -0.195 -0.009791633656 2
0 0.625 -0.185 -0.01012351298 2
0 0.625 -0.175 -0.009764307486 2
0 0.625 -0.165 -0.009023923911 2
0 0.625 -0.155 -0.008177469392 1
0 0.625 -0.145 -0.007579288493 1
0 0.625 -0.135 -0.00745743082 1
0 0.625 -0.125 -0.007810268755 1
0 0.625 -0.115 -0.008358268478 1
0 0.625 -0.105 -0.008931508753 1
0 0.625 -0.095 -0.009494945505 1
0 0.625 -0.085 -0.01009376401 1
0 0.625 -0.075 -0.0106941145 1
0 0.625 -0.065 -0.01117534246 1
0 0.625 -0.055 -0.01177780631 1
0 0.625 -0.045 -0.01312896512 1
0 0.625 -0.035 -0.0153765916 1
0 0.625 -0.025 -0.01793482652 2
0 0.625 -0.015 -0.0196925464 2
0 0.625 -0.005 -0.02028500095 2
0 0.625 0.005 -0.02008377586 2
0 0.625 0.015 -0.01966968482 2
0 0.625 0.025 -0.01936383895 2
0 0.625 0.035 -0.01902884241 2
0 0.625 0.045 -0.01868100869 2
0 0.625 0.055 -0.01830465243 2
0 0.625 0.065 -0.01790306104 2
0 0.625 0.075 -0.01748333938 2
0 0.625 0.085 -0.01705715683 2
0 0.625 0.095 -0.01664561825 2
0 0.625 0.105 -0.01628310028 2
0 0.625 0.115 -0.01564666159 2
0 0.625 0.125 -0.0142715544 2
0 0.625 0.135 -0.0119994291 2
0 0.625 0.145 -0.009239369656 1
0 0.625 0.155 -0.006848491043 1
0 0.625 0.165 -0.005161353833 1
0 0.625 0.175 -0.004015013675 1
0 0.625 0.185 -0.003096717597 1
0 0.625 0.195 -0.002380072225 1
0 0.625 0.205 -0.002092272707 1
0 0.625 0.215 -0.002191431993 1
0 0.625 0.225 -0.002492507186 2
0 0.625 0.235 -0.002793618547 2
0 0.625 0.245 -0.002988356186 2
0 0.625 0.255 -0.002991985188 2
0 0.625 0.265 -0.002652257459 2
0 0.625 0.275 -0.001953078372 2
0 0.625 0.285 -0.0008719862622 2
0 0.625 0.295 0.0004713200709 2
0 0.625 0.305 0.001932148414 2
0 0.625 0.315 0.003372925864 2
0 0.625 0.325 0.004732438874 2
0 0.625 0.335 0.006013693008 2
0 0.625 0.345 0.007243763248 2
0 0.625 0.355 0.008430904773 2
0 0.625 0.365 0.009582884413 2
0 0.625 0.375 0.01070440997 2
0 0.625 0.385 0.01179995055 2
0 0.625 0.395 0.01287476559 2
0 0.625 0.405 0.01393582388 2
0 0.625 0.415 0.0149947564 2
0 0.625 0.425 0.01606569017 2
0 0.625 0.435 0.01718880481 2
0 0.625 0.445 0.01837142731 2
0 0.625 0.455 0.01986751471 2
0 0.625 0.465 0.02126697769 2
0 0.625 0.475 0.02142231271 2
0 0.625 0.485 0.02073344221 2
0 0.625 0.495 0.01677713947 1
0 0.625 0.505 0.009972964441 1
0 0.625 0.515 0.003862902573 1
0 0.625 0.525 0 1
0 0.625 0.535 0 1
0 0.625 0.545 0 1
0 0.625 0.555 0 1
0 0.625 0.565 0 1
0 0.635 -0.555 0 1
0 0.635 -0.545 0 1
0 0.635 -0.535 0 1
0 0.635 -0.525 0 2
0 0.635 -0.515 0.003630861005 2
0 0.635 -0.505 0.009193513645 2
0 0.635 -0.495 0.01363057259 2
0 0.635 -0.485 0.01514151689 2
0 0.635 -0.475 0.01362974657 2
0 0.635 -0.465 0.01316119409 2
0 0.635 -0.455 0.01237123105 2
0 0.635 -0.445 0.01166977785 2
0 0.635 -0.435 0.0108896459 2
0 0.635 -0.425 0.01007411165 2
0 0.635 -0.415 0.009218627207 2
0 0.635 -0.405 0.008351752227 2
0 0.635 -0.395 0.007500636886 2
0 0.635 -0.385 0.006692134608 2
0 0.635 -0.375 0.00594091251 2
0 0.635 -0.365 0.005246961009 2
0 0.635 -0.355 0.004595882219 2
0 0.635 -0.345 0.003962749434 2
0 0.635 -0.335 0.003320678946 2
0 0.635 -0.325 0.002645876105 2
0 0.635 -0.315 0.001922025807 2
0 0.635 -0.305 0.001140775225 2
0 0.635 -0.295 0.0003001414135 2
0 0.635 -0.285 -0.0005977853698 2
0 0.635 -0.275 -0.001548871907 2
0 0.635 -0.265 -0.002548271335 2
0 0.635 -0.255 -0.003590574282 2
0 0.635 -0.245 -0.004669726541 2
0 0.635 -0.235 -0.005779371171 2
0 0.635 -0.225 -0.006900158484 2
0 0.635 -0.215 -0.00804026988 2
0 0.635 -0.205 -0.009145162108 2
0 0.635 -0.195 -0.0100913982 2
0 0.635 -0.185 -0.01067856901 2
0 0.635 -0.175 -0.01067777071 2
0 0.635 -0.165 -0.01015865169 2
0 0.635 -0.155 -0.009371322795 2
0 0.635 -0.145 -0.008656423401 1
0 0.635 -0.135 -0.008229384606 1
0 0.635 -0.125 -0.008247918828 1
0 0.635 -0.115 -0.008488419353 1
0 0.635 -0.105 -0.00879056666 1
0 0.635 -0.095 -0.009114465502 1
0 0.635 -0.085 -0.009544524588 1
0 0.635 -0.075 -0.01006135491 1
0 0.635 -0.065 -0.01052896617 1
0 0.635 -0.055 -0.01117602971 1
0 0.635 -0.045 -0.01255855137 1
0 0.635 -0.035 -0.01468236114 1
0 0.635 -0.025 -0.01726062937 2
0 0.635 -0.015 -0.01905509593 2
0 0.635 -0.005 -0.01985178284 2
0 0.635 0.005 -0.01990122716 2
0 0.635 0.015 -0.0196792543 2
0 0.635 0.025 -0.0194678379 2
0 0.635 0.035 -0.01918708226 2
0 0.635 0.045 -0.0188626294 2
0 0.635 0.055 -0.01848734247 2
0 0.635 0.065 -0.01806696985 2
0 0.635 0.075 -0.01761107846 2
0 0.635 0.085 -0.0171263807 2
0 0.635 0.095 -0.01666923421 2
0 0.635 0.105 -0.01617343257 2
0 0.635 0.115 -0.0153624253 2
0 0.635 0.125 -0.01382173167 2
0 0.635 0.135 -0.0115960717 2
0 0.635 0.145 -0.008971461188 1
0 0.635 0.155 -0.006859097786 1
0 0.635 0.165 -0.005364154845 1
0 0.635 0.175 -0.004396375822 1
0 0.635 0.185 -0.003661330911 1
0 0.635 0.195 -0.00321764362 1
0 0.635 0.205 -0.003203734361 1
0 0.635 0.215 -0.003515590975 1
0 0.635 0.225 -0.003902841237 2
0 0.635 0.235 -0.004172077312 2
0 0.635 0.245 -0.004192245557 2
0 0.635 0.255 -0.003921144348 2
0 0.635 0.265 -0.003385372744 2
0 0.635 0.275 -0.00262471921 2
0 0.635 0.285 -0.00159862141 2
0 0.635 0.295 -0.0003910146095 2
0 0.635 0.305 0.0009048101993 2
0 0.635 0.315 0.002196271264 2
0 0.635 0.325 0.003433029001 2
0 0.635 0.335 0.004615990563 2
0 0.635 0.345 0.005751647862 2
0 0.635 0.355 0.006843752725 2
0 0.635 0.365 0.007896739167 2
0 0.635 0.375 0.008913366086 2
0 0.635 0.385 0.009896227062 2
0 0.635 0.395 0.01084818897 2
0 0.635 0.405 0.01177290867 2
0 0.635 0.415 0.01267682763 2
0 0.635 0.425 0.0135669274 2
0 0.635 0.435 0.01446858551 2
0 0.635 0.445 0.01537597493 2
0 0.635 0.455 0.01648168114 2
0 0.635 0.465 0.01739583299 2
0 0.635 0.475 0.01728966469 2
0 0.635 0.485 0.01674553791 2
0 0.635 0.495 0.01338316936 1
0 0.635 0.505 0.008143488425 1
0 0.635 0.515 0.003089557137 1
0 0.635 0.525 0 1
0 0.635 0.535 0 1
0 0.635 0.545 0 1
0 0.635 0.555 0 1
0 0.635 0.565 0 1
0 0.645 -0.555 0 1
0 0.645 -0.545 0 1
0 0.645 -0.535 0 1
0 0.645 -0.525 0 2
0 0.645 -0.515 0.00293419877 2
0 0.645 -0.505 0.007411517269 2
0 0.645 -0.495 0.01102252563 2
0 0.645 -0.485 0.01225011632 2
0 0.645 -0.475 0.01104936333 2
0 0.645 -0.465 0.01065324239 2
0 0.645 -0.455 0.009989464614 2
0 0.645 -0.445 0.009392121619 2
0 0.645 -0.435 0.008736492078 2
0 0.645 -0.425 0.00805764 2
0 0.645 -0.415 0.00734956618 2
0 0.645 -0.405 0.006629824339 2
0 0.645 -0.395 0.005913512457 2
0 0.645 -0.385 0.00521582766 2
0 0.645 -0.375 0.004545215487 2
0 0.645 -0.365 0.003901976628 2
0 0.645 -0.355 0.00327810815 2
0 0.645 -0.345 0.002659374866 2
0 0.645 -0.335 0.002029299353 2
0 0.645 -0.325 0.00137238831 2
0 0.645 -0.315 0.0006768641237 2
0 0.645 -0.305 -6.437541454e-05 2
0 0.645 -0.295 -0.0008540480815 2
0 0.645 -0.285 -0.001691485879 2
0 0.645 -0.275 -0.002573713262 2
0 0.645 -0.265 -0.00349622124 2
0 0.645 -0.255 -0.004453310184 2
0 0.645 -0.245 -0.005437386687 2
0 0.645 -0.235 -0.006440389153 2
0 0.645 -0.225 -0.007447179629 2
0 0.645 -0.215 -0.00844506572 2
0 0.645 -0.205 -0.009412544002 2
0 0.645 -0.195 -0.01029363725 2
0 0.645 -0.185 -0.0109814006 2
0 0.645 -0.175 -0.01128115321 2
0 0.645 -0.165 -0.01106600315 2
0 0.645 -0.155 -0.01046094538 2
0 0.645 -0.145 -0.009855572515 2
0 0.645 -0.135 -0.009488349197 2
0 0.645 -0.125 -0.009342661535 2
0 0.645 -0.115 -0.009307989213 2
0 0.645 -0.105 -0.009294265233 1
0 0.645 -0.095 -0.009395209877 1
0 0.645 -0.085 -0.009693856588 1
0 0.645 -0.075 -0.01015117391 1
0 0.645 -0.065 -0.01063743531 1
0 0.645 -0.055 -0.01139928693 1
0 0.645 -0.045 -0.01281847801 1
0 0.645 -0.035 -0.01480388169 2
0 0.645 -0.025 -0.0170427093 2
0 0.645 -0.015 -0.01863653139 2
0 0.645 -0.005 -0.01949085245 2
0 0.645 0.005 -0.01974895231 2
0 0.645 0.015 -0.01971629344 2
0 0.645 0.025 -0.01959986505 2
0 0.645 0.035 -0.01937583578 2
0 0.645 0.045 -0.0190747277 2
0 0.645 0.055 -0.01869763507 2
0 0.645 0.065 -0.01825171721 2
0 0.645 0.075 -0.0177462859 2
0 0.645 0.085 -0.01718311416 2
0 0.645 0.095 -0.01663007913 2
0 0.645 0.105 -0.0159645323 2
0 0.645 0.115 -0.0149378838 2
0 0.645 0.125 -0.01326539371 2
0 0.645 0.135 -0.01119906106 2
0 0.645 0.145 -0.008800661589 1
0 0.645 0.155 -0.006959173579 1
0 0.645 0.165 -0.005630126563 1
0 0.645 0.175 -0.004810417943 1
0 0.645 0.185 -0.004267016837 1
0 0.645 0.195 -0.004139630268 1
0 0.645 0.205 -0.00445864427 1
0 0.645 0.215 -0.005004597841 2
0 0.645 0.225 -0.005403037886 2
0 0.645 0.235 -0.005515039372 2
0 0.645 0.245 -0.005290490485 2
0 0.645 0.255 -0.004758991664 2
0 0.645 0.265 -0.004048778446 2
0 0.645 0.275 -0.003241926381 2
0 0.645 0.285 -0.002278234246 2
0 0.645 0.295 -0.001202129987 2
0 0.645 0.305 -6.921158748e-05 2
0 0.645 0.315 0.001068600098 2
0 0.645 0.325 0.002179913917 2
0 0.645 0.335 0.003256446154 2
0 0.645 0.345 0.004291290198 2
0 0.645 0.355 0.005283685256 2
0 0.645 0.365 0.006234044852 2
0 0.645 0.375 0.007142554339 2
0 0.645 0.385 0.008009297227 2
0 0.645 0.395 0.008834129537 2
0 0.645 0.405 0.00961663781 2
0 0.645 0.415 0.01035661108 2
0 0.645 0.425 0.01105217687 2
0 0.645 0.435 0.01170636355 2
0 0.645 0.445 0.01230286642 2
0 0.645 0.455 0.012897448 2
0 0.645 0.465 0.01329495454 2
0 0.645 0.475 0.01296926006 2
0 0.645 0.485 0.01274564401 2
0 0.645 0.495 0.01028407877 1
0 0.645 0.505 0.006503218439 1
0 0.645 0.515 0.00240107201 1
0 0.645 0.525 0 1
0 0.645 0.535 0 1
0 0.645 0.545 0 1
0 0.645 0.555 0 1
0 0.645 0.565 0 1
0 0.655 -0.555 0 1
0 0.655 -0.545 0 1
0 0.655 -0.535 0 1
0 0.655 -0.525 0 2
0 0.655 -0.515 0.002229790523 2
0 0.655 -0.505 0.005620584282 2
0 0.655 -0.495 0.008386608345 2
0 0.655 -0.485 0.009330687533 2
0 0.655 -0.475 0.008440481222 2
0 0.655 -0.465 0.008133242761 2
0 0.655 -0.455 0.007613188606 2
0 0.655 -0.445 0.007133936951 2
0 0.655 -0.435 0.00660611229 2
0 0.655 -0.425 0.006056923719 2
0 0.655 -0.415 0.005481366731 2
0 0.655 -0.405 0.004890359574 2
0 0.655 -0.395 0.004292409817 2
0 0.655 -0.385 0.003696331021 2
0 0.655 -0.375 0.003107073009 2
0 0.655 -0.365 0.002524978315 2
0 0.655 -0.355 0.001945528158 2
0 0.655 -0.345 0.001360449217 2
0 0.655 -0.335 0.0007597157139 2
0 0.655 -0.325 0.0001334998745 2
0 0.655 -0.315 -0.0005261363225 2
0 0.655 -0.305 -0.001224351016 2
0 0.655 -0.295 -0.001963335878 2
0 0.655 -0.285 -0.002742627206 2
0 0.655 -0.275 -0.003559598083 2
0 0.655 -0.265 -0.004409832083 2
0 0.655 -0.255 -0.005287394307 2
0 0.655 -0.245 -0.0061842833 2
0 0.655 -0.235 -0.007090969788 2
0 0.655 -0.225 -0.007994477141 2
0 0.655 -0.215 -0.008875393794 2
0 0.655 -0.205 -0.00971741507 2
0 0.655 -0.195 -0.01050134774 2
0 0.655 -0.185 -0.01118363388 2
0 0.655 -0.175 -0.01163884458 2
0 0.655 -0.165 -0.01175441534 2
0 0.655 -0.155 -0.01152063851 2
0 0.655 -0.145 -0.01114548515 2
0 0.655 -0.135 -0.01086130537 2
0 0.655 -0.125 -0.01065046303 2
0 0.655 -0.115 -0.0105141582 2
0 0.655 -0.105 -0.01043583392 2
0 0.655 -0.095 -0.01055109003 2
0 0.655 -0.085 -0.01080368106 2
0 0.655 -0.075 -0.01121439906 2
0 0.655 -0.065 -0.01175016695 2
0 0.655 -0.055 -0.01258671236 2
0 0.655 -0.045 -0.01385194353 2
0 0.655 -0.035 -0.01551724785 2
0 0.655 -0.025 -0.01725066259 2
0 0.655 -0.015 -0.01857391892 2
0 0.655 -0.005 -0.01937498393 2
0 0.655 0.005 -0.01974201633 2
0 0.655 0.015 -0.01984448095 2
0 0.655 0.025 -0.01980364601 2
0 0.655 0.035 -0.01962753888 2
0 0.655 0.045 -0.01934458766 2
0 0.655 0.055 -0.01896116307 2
0 0.655 0.065 -0.0184840783 2
0 0.655 0.075 -0.01791953696 2
0 0.655 0.085 -0.01726434546 2
0 0.655 0.095 -0.01656510333 2
0 0.655 0.105 -0.01571199738 2
0 0.655 0.115 -0.01447042438 2
0 0.655 0.125 -0.0127071584 2
0 0.655 0.135 -0.01070711251 1
0 0.655 0.145 -0.008641428915 1
0 0.655 0.155 -0.007084299976 1
0 0.655 0.165 -0.005969253352 1
0 0.655 0.175 -0.005302480205 1
0 0.655 0.185 -0.005018291021 1
0 0.655 0.195 -0.005206709781 1
0 0.655 0.205 -0.005783001983 1
0 0.655 0.215 -0.006478274596 2
0 0.655 0.225 -0.006866755157 2
0 0.655 0.235 -0.006787693109 2
0 0.655 0.245 -0.006289840327 2
0 0.655 0.255 -0.005552568754 2
0 0.655 0.265 -0.004742921059 2
0 0.655 0.275 -0.00391488913 2
0 0.655 0.285 -0.003011741802 2
0 0.655 0.295 -0.002049775396 2
0 0.655 0.305 -0.001049246323 2
0 0.655 0.315 -3.767705132e-05 2
0 0.655 0.325 0.0009613170031 2
0 0.655 0.335 0.001931714667 2
0 0.655 0.345 0.002864726737 2
0 0.655 0.355 0.003755968161 2
0 0.655 0.365 0.00460253964 2
0 0.655 0.375 0.00540209211 2
0 0.655 0.385 0.00615212772 2
0 0.655 0.395 0.006849434071 2
0 0.655 0.405 0.007489545687 2
0 0.655 0.415 0.008065585784 2
0 0.655 0.425 0.008567196223 2
0 0.655 0.435 0.00897394377 2
0 0.655 0.445 0.009262579789 2
0 0.655 0.455 0.009329120142 2
0 0.655 0.465 0.009232181709 2
0 0.655 0.475 0.008773698413 2
0 0.655 0.485 0.009135689869 2
0 0.655 0.495 0.007734116219 1
0 0.655 0.505 0.005303450186 1
0 0.655 0.515 0.001919954168 1
0 0.655 0.525 0 1
0 0.655 0.535 0 1
0 0.655 0.545 0 1
0 0.655 0.555 0 1
0 0.655 0.565 0 2
0 0.665 -0.555 0 1
0 0.665 -0.545 0 1
0 0.665 -0.535 0 2
0 0.665 -0.525 0 2
0 0.665 -0.515 0.001525204009 2
0 0.665 -0.505 0.003834333428 2
0 0.665 -0.495 0.005749454241 2
0 0.665 -0.485 0.006410447197 2
0 0.665 -0.475 0.005827986243 2
0 0.665 -0.465 0.005617032801 2
0 0.665 -0.455 0.005248543061 2
0 0.665 -0.445 0.00489380622 2
0 0.665 -0.435 0.004494923458 2
0 0.665 -0.425 0.004071065884 2
0 0.665 -0.415 0.003619135578 2
0 0.665 -0.405 0.003146060588 2
0 0.665 -0.395 0.002656915986 2
0 0.665 -0.385 0.00215701074 2
0 0.665 -0.375 0.001649392769 2
0 0.665 -0.365 0.001134452625 2
0 0.665 -0.355 0.00060970734 2
0 0.665 -0.345 7.039889257e-05 2
0 0.665 -0.335 -0.0004894357301 2
0 0.665 -0.325 -0.001075785065 2
0 0.665 -0.315 -0.001693592961 2
0 0.665 -0.305 -0.002346060321 2
0 0.665 -0.295 -0.003034339282 2
0 0.665 -0.285 -0.003757542419 2
0 0.665 -0.275 -0.004512918308 2
0 0.665 -0.265 -0.005295998378 2
0 0.665 -0.255 -0.006100726402 2
0 0.665 -0.245 -0.006919243339 2
0 0.665 -0.235 -0.007741719139 2
0 0.665 -0.225 -0.00855608026 2
0 0.665 -0.215 -0.009347253119 2
0 0.665 -0.205 -0.01009491747 2
0 0.665 -0.195 -0.01078252753 2
0 0.665 -0.185 -0.01139982051 2
0 0.665 -0.175 -0.01187409051 2
0 0.665 -0.165 -0.01215395616 2
0 0.665 -0.155 -0.01222851161 2
0 0.665 -0.145 -0.01218355792 2
0 0.665 -0.135 -0.01212005409 2
0 0.665 -0.125 -0.01205383382 2
0 0.665 -0.115 -0.01199827057 2
0 0.665 -0.105 -0.01197108211 2
0 0.665 -0.095 -0.01209605431 2
0 0.665 -0.085 -0.01236092473 2
0 0.665 -0.075 -0.01277756128 2
0 0.665 -0.065 -0.01333889 2
0 0.665 -0.055 -0.01415708104 2
0 0.665 -0.045 -0.01524548444 2
0 0.665 -0.035 -0.01654335726 2
0 0.665 -0.025 -0.01780694975 2
0 0.665 -0.015 -0.0188202856 2
0 0.665 -0.005 -0.01951514705 2
0 0.665 0.005 -0.01992458522 2
0 0.665 0.015 -0.0201059042 2
0 0.665 0.025 -0.02011497882 2
0 0.665 0.035 -0.01997209749 2
0 0.665 0.045 -0.01969928849 2
0 0.665 0.055 -0.019304611 2
0 0.665 0.065 -0.01879302254 2
0 0.665 0.075 -0.01816554255 2
0 0.665 0.085 -0.01741300484 2
0 0.665 0.095 -0.01653677469 2
0 0.665 0.105 -0.01547214802 2
0 0.665 0.115 -0.01404256502 2
0 0.665 0.125 -0.01224366877 2
0 0.665 0.135 -0.01020051061 1
0 0.665 0.145 -0.008464622758 1
0 0.665 0.155 -0.00717797693 1
0 0.665 0.165 -0.006390395649 1
0 0.665 0.175 -0.005992201949 1
0 0.665 0.185 -0.00603884386 1
0 0.665 0.195 -0.006503881312 1
0 0.665 0.205 -0.007220447892 1
0 0.665 0.215 -0.007883754717 2
0 0.665 0.225 -0.008168837003 2
0 0.665 0.235 -0.007904363106 2
0 0.665 0.245 -0.007217918684 2
0 0.665 0.255 -0.006379102904 2
0 0.665 0.265 -0.005545928846 2
0 0.665 0.275 -0.004709882656 2
0 0.665 0.285 -0.0038429886 2
0 0.665 0.295 -0.00295002047 2
0 0.665 0.305 -0.002039646392 2
0 0.665 0.315 -0.001128019678 2
0 0.665 0.325 -0.000230749541 2
0 0.665 0.335 0.0006395483104 2
0 0.665 0.345 0.001473764212 2
0 0.665 0.355 0.002265458508 2
0 0.665 0.365 0.003009632984 2
0 0.665 0.375 0.00370188743 2
0 0.665 0.385 0.004337546269 2
0 0.665 0.395 0.004910821084 2
0 0.665 0.405 0.005413999756 2
0 0.665 0.415 0.005835049294 2
0 0.665 0.425 0.006157704005 2
0 0.665 0.435 0.00634461009 2
0 0.665 0.445 0.006371020626 2
0 0.665 0.455 0.006028300241 2
0 0.665 0.465 0.005530517127 2
0 0.665 0.475 0.004992223727 2
0 0.665 0.485 0.005933635382 2
0 0.665 0.495 0.005432991767 1
0 0.665 0.505 0.004260117159 1
0 0.665 0.515 0.001519212769 1
0 0.665 0.525 0 1
0 0.665 0.535 0 1
0 0.665 0.545 0 2
0 0.665 0.555 0 2
0 0.665 0.565 0 2
0 0.675 -0.555 0 1
0 0.675 -0.545 0 1
0 0.675 -0.535 0 2
0 0.675 -0.525 0 2
0 0.675 -0.515 0.0008252539734 2
0 0.675 -0.505 0.002062252497 2
0 0.675 -0.495 0.003129046871 2
0 0.675 -0.485 0.003508721668 2
0 0.675 -0.475 0.003230195201 2
0 0.675 -0.465 0.00311814871 2
0 0.675 -0.455 0.00290392088 2
0 0.675 -0.445 0.002676100837 2
0 0.675 -0.435 0.002406075301 2
0 0.675 -0.425 0.002104618375 2
0 0.675 -0.415 0.001770994668 2
0 0.675 -0.405 0.001409579648 2
0 0.675 -0.395 0.001023727302 2
0 0.675 -0.385 0.0006168099094 2
0 0.675 -0.375 0.0001908878372 2
0 0.675 -0.365 -0.0002535371374 2
0 0.675 -0.355 -0.0007176512415 2
0 0.675 -0.345 -0.001203992976 2
0 0.675 -0.335 -0.001715845547 2
0 0.675 -0.325 -0.002256515544 2
0 0.675 -0.315 -0.002828647695 2
0 0.675 -0.305 -0.003433714959 2
0 0.675 -0.295 -0.004071725031 2
0 0.675 -0.285 -0.004741118863 2
0 0.675 -0.275 -0.005438794494 2
0 0.675 -0.265 -0.006160149914 2
0 0.675 -0.255 -0.006899118365 2
0 0.675 -0.245 -0.007648104654 2
0 0.675 -0.235 -0.008397798877 2
0 0.675 -0.225 -0.009137109576 2
0 0.675 -0.215 -0.009853270244 2
0 0.675 -0.205 -0.01053198284 2
0 0.675 -0.195 -0.01115273251 2
0 0.675 -0.185 -0.01170679214 2
0 0.675 -0.175 -0.01216555836 2
0 0.675 -0.165 -0.01250940875 2
0 0.675 -0.155 -0.01272963787 2
0 0.675 -0.145 -0.01287730511 2
0 0.675 -0.135 -0.01298855165 2
0 0.675 -0.125 -0.01309725039 2
0 0.675 -0.115 -0.01322498085 2
0 0.675 -0.105 -0.01337662555 2
0 0.675 -0.095 -0.01360334264 2
0 0.675 -0.085 -0.01392884295 2
0 0.675 -0.075 -0.01437124182 2
0 0.675 -0.065 -0.01495661162 2
0 0.675 -0.055 -0.01569796433 2
0 0.675 -0.045 -0.01657632458 2
0 0.675 -0.035 -0.01753918073 2
0 0.675 -0.025 -0.01848129515 2
0 0.675 -0.015 -0.01929067284 2
0 0.675 -0.005 -0.01990986794 2
0 0.675 0.005 -0.02031616813 2
0 0.675 0.015 -0.02052616139 2
0 0.675 0.025 -0.02056031636 2
0 0.675 0.035 -0.02043475591 2
0 0.675 0.045 -0.02016352428 2
0 0.675 0.055 -0.01975349092 2
0 0.675 0.065 -0.01920739852 2
0 0.675 0.075 -0.01852155349 2
0 0.675 0.085 -0.01768315162 2
0 0.675 0.095 -0.0166528036 2
0 0.675 0.105 -0.01541149119 2
0 0.675 0.115 -0.01387712211 2
0 0.675 0.125 -0.01207209678 2
0 0.675 0.135 -0.01003521166 1
0 0.675 0.145 -0.008511356153 1
0 0.675 0.155 -0.007488390607 1
0 0.675 0.165 -0.007072403583 1
0 0.675 0.175 -0.007052533761 1
0 0.675 0.185 -0.00743778335 1
0 0.675 0.195 -0.008116993903 1
0 0.675 0.205 -0.008836312191 2
0 0.675 0.215 -0.00931451998 2
0 0.675 0.225 -0.009367686633 2
0 0.675 0.235 -0.008885821932 2
0 0.675 0.245 -0.008075572219 2
0 0.675 0.255 -0.007190004391 2
0 0.675 0.265 -0.00635898041 2
0 0.675 0.275 -0.005531314055 2
0 0.675 0.285 -0.004701325991 2
0 0.675 0.295 -0.003866913621 2
0 0.675 0.305 -0.003031916879 2
0 0.675 0.315 -0.002205507835 2
0 0.675 0.325 -0.001398107453 2
0 0.675 0.335 -0.0006197426165 2
0 0.675 0.345 0.0001210177013 2
0 0.675 0.355 0.0008170995739 2
0 0.675 0.365 0.001462431634 2
0 0.675 0.375 0.002051249264 2
0 0.675 0.385 0.002577381379 2
0 0.675 0.395 0.003033332408 2
0 0.675 0.405 0.003409468187 2
0 0.675 0.415 0.003691089261 2
0 0.675 0.425 0.003859774276 2
0 0.675 0.435 0.003872239741 2
0 0.675 0.445 0.003707637797 2
0 0.675 0.455 0.003142289321 2
0 0.675 0.465 0.00243481276 2
0 0.675 0.475 0.001832968223 2
0 0.675 0.485 0.002932889324 2
0 0.675 0.495 0.003111112722 2
0 0.675 0.505 0.002943956274 2
0 0.675 0.515 0.001042452625 1
0 0.675 0.525 0 2
0 0.675 0.535 0 2
0 0.675 0.545 0 2
0 0.675 0.555 0 2
0 0.675 0.565 0 2
0 0.685 -0.555 0 1
0 0.685 -0.545 0 2
0 0.685 -0.535 0 2
0 0.685 -0.525 0 2
0 0.685 -0.515 0.0001333636399 2
0 0.685 -0.505 0.0003117142422 2
0 0.685 -0.495 0.0005385959238 2
0 0.685 -0.485 0.0006401990535 2
0 0.685 -0.475 0.0006613733083 2
0 0.685 -0.465 0.0006487822265 2
0 0.685 -0.455 0.000589008603 2
0 0.685 -0.445 0.0004884077347 2
0 0.685 -0.435 0.0003462868662 2
0 0.685 -0.425 0.0001648825751 2
0 0.685 -0.415 -5.398091212e-05 2
0 0.685 -0.405 -0.000307719922 2
0 0.685 -0.395 -0.000593768189 2
0 0.685 -0.385 -0.0009098208772 2
0 0.685 -0.375 -0.001254283826 2
0 0.685 -0.365 -0.001626488499 2
0 0.685 -0.355 -0.002026723972 2
0 0.685 -0.345 -0.002456038851 2
0 0.685 -0.335 -0.002915871672 2
0 0.685 -0.325 -0.003407600223 2
0 0.685 -0.315 -0.003932097531 2
0 0.685 -0.305 -0.004489374586 2
0 0.685 -0.295 -0.005078345164 2
0 0.685 -0.285 -0.005696709255 2
0 0.685 -0.275 -0.006340924647 2
0 0.685 -0.265 -0.007006215739 2
0 0.685 -0.255 -0.00768658484 2
0 0.685 -0.245 -0.00837480605 2
0 0.685 -0.235 -0.009062403204 2
0 0.685 -0.225 -0.009739604308 2
0 0.685 -0.215 -0.01039534243 2
0 0.685 -0.205 -0.01101817728 2
0 0.685 -0.195 -0.01159442143 2
0 0.685 -0.185 -0.01210986091 2
0 0.685 -0.175 -0.01255128917 2
0 0.685 -0.165 -0.0129168694 2
0 0.685 -0.155 -0.01321265287 2
0 0.685 -0.145 -0.0134703119 2
0 0.685 -0.135 -0.01371022542 2
0 0.685 -0.125 -0.01394951016 2
0 0.685 -0.115 -0.01419471181 2
0 0.685 -0.105 -0.01445766459 2
0 0.685 -0.095 -0.0147669759 2
0 0.685 -0.085 -0.01515045056 2
0 0.685 -0.075 -0.01562939335 2
0 0.685 -0.065 -0.01621765099 2
0 0.685 -0.055 -0.01691043766 2
0 0.685 -0.045 -0.0176837095 2
0 0.685 -0.035 -0.01849225597 2
0 0.685 -0.025 -0.0192740484 2
0 0.685 -0.015 -0.01996280293 2
0 0.685 -0.005 -0.02051428319 2
0 0.685 0.005 -0.02089985432 2
0 0.685 0.015 -0.02111311253 2
0 0.685 0.025 -0.02115566462 2
0 0.685 0.035 -0.02103490797 2
0 0.685 0.045 -0.02075804502 2
0 0.685 0.055 -0.02032977657 2
0 0.685 0.065 -0.01975161568 2
0 0.685 0.075 -0.01901790978 2
0 0.685 0.085 -0.01811685089 2
0 0.685 0.095 -0.01699232084 2
0 0.685 0.105 -0.0156518853 2
0 0.685 0.115 -0.01411361716 2
0 0.685 0.125 -0.01240032124 2
0 0.685 0.135 -0.01062393349 2
0 0.685 0.145 -0.009234905995 1
0 0.685 0.155 -0.008420703518 1
0 0.685 0.165 -0.008246333791 1
0 0.685 0.175 -0.008555230006 1
0 0.685 0.185 -0.009179087923 1
0 0.685 0.195 -0.009907632736 2
0 0.685 0.205 -0.01048759018 2
0 0.685 0.215 -0.01070632637 2
0 0.685 0.225 -0.01043523633 2
0 0.685 0.235 -0.009733621495 2
0 0.685 0.245 -0.008864077595 2
0 0.685 0.255 -0.00798479424 2
0 0.685 0.265 -0.007169752169 2
0 0.685 0.275 -0.00636418917 2
0 0.685 0.285 -0.00557219402 2
0 0.685 0.295 -0.004789399838 2
0 0.685 0.305 -0.004018605663 2
0 0.685 0.315 -0.003265590738 2
0 0.685 0.325 -0.002537865525 2
0 0.685 0.335 -0.001843390879 2
0 0.685 0.345 -0.001189740037 2
0 0.685 0.355 -0.0005838691849 2
0 0.685 0.365 -3.227386527e-05 2
0 0.685 0.375 0.0004586039276 2
0 0.685 0.385 0.0008818497825 2
0 0.685 0.395 0.001229261437 2
0 0.685 0.405 0.001490742493 2
0 0.685 0.415 0.001651616492 2
0 0.685 0.425 0.001694956817 2
0 0.685 0.435 0.00158264409 2
0 0.685 0.445 0.001303090942 2
0 0.685 0.455 0.0006840693567 2
0 0.685 0.465 -3.142133628e-05 2
0 0.685 0.475 -0.0006550676195 2
0 0.685 0.485 6.285577834e-05 2
0 0.685 0.495 0.0005792585462 2
0 0.685 0.505 0.001193881709 2
0 0.685 0.515 0.0004226442556 2
0 0.685 0.525 0 2
0 0.685 0.535 0 2
0 0.685 0.545 0 2
0 0.685 0.555 0 2
0 0.685 0.565 0 2
0 0.695 -0.555 0 2
0 0.695 -0.545 0 2
0 0.695 -0.535 0 2
0 0.695 -0.525 0 2
0 0.695 -0.515 -0.0005476058626 2
0 0.695 -0.505 -0.001410719689 2
0 0.695 -0.495 -0.002010784926 2
0 0.695 -0.485 -0.002182507802 2
0 0.695 -0.475 -0.001866151142 2
0 0.695 -0.465 -0.001779664923 2
0 0.695 -0.455 -0.00168608994 2
0 0.695 -0.445 -0.00166026961 2
0 0.695 -0.435 -0.001675912219 2
0 0.695 -0.425 -0.001739318575 2
0 0.695 -0.415 -0.001846039234 2
0 0.695 -0.405 -0.001994880301 2
0 0.695 -0.395 -0.00218356801 2
0 0.695 -0.385 -0.002410398717 2
0 0.695 -0.375 -0.002673964498 2
0 0.695 -0.365 -0.002973407069 2
0 0.695 -0.355 -0.003308355134 2
0 0.695 -0.345 -0.003678799313 2
0 0.695 -0.335 -0.004084846676 2
0 0.695 -0.325 -0.00452643208 2
0 0.695 -0.315 -0.005003029759 2
0 0.695 -0.305 -0.005513414841 2
0 0.695 -0.295 -0.006055498985 2
0 0.695 -0.285 -0.006626243205 2
0 0.695 -0.275 -0.007221633024 2
0 0.695 -0.265 -0.007836691456 2
0 0.695 -0.255 -0.008465507224 2
0 0.695 -0.245 -0.00910126957 2
0 0.695 -0.235 -0.009736313227 2
0 0.695 -0.225 -0.01036223672 2
0 0.695 -0.215 -0.01096986741 2
0 0.695 -0.205 -0.01154986077 2
0 0.695 -0.195 -0.01209270544 2
0 0.695 -0.185 -0.01259011177 2
0 0.695 -0.175 -0.01303578009 2
0 0.695 -0.165 -0.01343017071 2
0 0.695 -0.155 -0.01377925107 2
0 0.695 -0.145 -0.01409559629 2
0 0.695 -0.135 -0.01439409517 2
0 0.695 -0.125 -0.01469213405 2
0 0.695 -0.115 -0.01500530474 2
0 0.695 -0.105 -0.01534955812 2
0 0.695 -0.095 -0.01574155234 2
0 0.695 -0.085 -0.0161959932 2
0 0.695 -0.075 -0.01672428309 2
0 0.695 -0.065 -0.01732919342 2
0 0.695 -0.055 -0.01800251019 2
0 0.695 -0.045 -0.01872289693 2
0 0.695 -0.035 -0.01945514281 2
0 0.695 -0.025 -0.02015662362 2
0 0.695 -0.015 -0.02078174966 2
0 0.695 -0.005 -0.02129243298 2
0 0.695 0.005 -0.02166017934 2
0 0.695 0.015 -0.02186879457 2
0 0.695 0.025 -0.02191152057 2
0 0.695 0.035 -0.02178771908 2
0 0.695 0.045 -0.02149982964 2
0 0.695 0.055 -0.02105104571 2
0 0.695 0.065 -0.0204436178 2
0 0.695 0.075 -0.01967419717 2
0 0.695 0.085 -0.01873688113 2
0 0.695 0.095 -0.01758867371 2
0 0.695 0.105 -0.01623521766 2
0 0.695 0.115 -0.01475191666 2
0 0.695 0.125 -0.01321238657 2
0 0.695 0.135 -0.01182460346 2
0 0.695 0.145 -0.01066524499 1
0 0.695 0.155 -0.01009595153 1
0 0.695 0.165 -0.01008861958 1
0 0.695 0.175 -0.01052473277 1
0 0.695 0.185 -0.01114337741 2
0 0.695 0.195 -0.01170778561 2
0 0.695 0.205 -0.01201513052 2
0 0.695 0.215 -0.01187273614 2
0 0.695 0.225 -0.01129575652 2
0 0.695 0.235 -0.01047442533 2
0 0.695 0.245 -0.009602308388 2
0 0.695 0.255 -0.008757195727 2
0 0.695 0.265 -0.007962742176 2
0 0.695 0.275 -0.007188315835 2
0 0.695 0.285 -0.006435764598 2
0 0.695 0.295 -0.00570165254 2
0 0.695 0.305 -0.004988684812 2
0 0.695 0.315 -0.00430115613 2
0 0.695 0.325 -0.00364504197 2
0 0.695 0.335 -0.003026982724 2
0 0.695 0.345 -0.002453742364 2
0 0.695 0.355 -0.001931939234 2
0 0.695 0.365 -0.00146805251 2
0 0.695 0.375 -0.001068648182 2
0 0.695 0.385 -0.0007407217815 2
0 0.695 0.395 -0.0004922890429 2
0 0.695 0.405 -0.0003326921975 2
0 0.695 0.415 -0.0002744746049 2
0 0.695 0.425 -0.000330661893 2
0 0.695 0.435 -0.0005272226095 2
0 0.695 0.445 -0.0008655151935 2
0 0.695 0.455 -0.001430591693 2
0 0.695 0.465 -0.00205939019 2
0 0.695 0.475 -0.002613775125 2
0 0.695 0.485 -0.002415788775 2
0 0.695 0.495 -0.001871216761 2
0 0.695 0.505 -0.0006994957747 2
0 0.695 0.515 -0.0002814665024 2
0 0.695 0.525 0 2
0 0.695 0.535 0 2
0 0.695 0.545 0 2
0 0.695 0.555 0 2
0 0.695 0.565 0 2
0 0.705 -0.555 0 2
0 0.705 -0.545 0 2
0 0.705 -0.535 0 2
0 0.705 -0.525 0 2
0 0.705 -0.515 -0.001215022722 2
0 0.705 -0.505 -0.003098742336 2
0 0.705 -0.495 -0.004508886435 2
0 0.705 -0.485 -0.0049477443 2
0 0.705 -0.475 -0.004341066522 2
0 0.705 -0.465 -0.004156261339 2
0 0.705 -0.455 -0.003911125166 2
0 0.705 -0.445 -0.003760252958 2
0 0.705 -0.435 -0.003651120359 2
0 0.705 -0.425 -0.00359846679 2
0 0.705 -0.415 -0.003595215952 2
0 0.705 -0.405 -0.003641349888 2
0 0.705 -0.395 -0.003734639674 2
0 0.705 -0.385 -0.003873749251 2
0 0.705 -0.375 -0.00405732745 2
0 0.705 -0.365 -0.004284340278 2
0 0.705 -0.355 -0.004553917865 2
0 0.705 -0.345 -0.004865267238 2
0 0.705 -0.335 -0.005217489922 2
0 0.705 -0.325 -0.005609391828 2
0 0.705 -0.315 -0.006039298863 2
0 0.705 -0.305 -0.006504911961 2
0 0.705 -0.295 -0.007003215048 2
0 0.705 -0.285 -0.007530438624 2
0 0.705 -0.275 -0.008082069597 2
0 0.705 -0.265 -0.00865289299 2
0 0.705 -0.255 -0.009237052319 2
0 0.705 -0.245 -0.009828124245 2
0 0.705 -0.235 -0.01041920216 2
0 0.705 -0.225 -0.01100304957 2
0 0.705 -0.215 -0.01157224576 2
0 0.705 -0.205 -0.01211950537 2
0 0.705 -0.195 -0.01263810167 2
0 0.705 -0.185 -0.01312297741 2
0 0.705 -0.175 -0.01357155963 2
0 0.705 -0.165 -0.0139855186 2
0 0.705 -0.155 -0.01437037943 2
0 0.705 -0.145 -0.01473547506 2
0 0.705 -0.135 -0.01509185199 2
0 0.705 -0.125 -0.01545225168 2
0 0.705 -0.115 -0.01582959429 2
0 0.705 -0.105 -0.01623707026 2
0 0.705 -0.095 -0.01668729056 2
0 0.705 -0.085 -0.01719058352 2
0 0.705 -0.075 -0.0177533805 2
0 0.705 -0.065 -0.01837540583 2
0 0.705 -0.055 -0.01904730575 2
0 0.705 -0.045 -0.01974966973 2
0 0.705 -0.035 -0.0204537016 2
0 0.705 -0.025 -0.02112471825 2
0 0.705 -0.015 -0.02172556311 2
0 0.705 -0.005 -0.02222192904 2
0 0.705 0.005 -0.02258505117 2
0 0.705 0.015 -0.02279415317 2
0 0.705 0.025 -0.02283642021 2
0 0.705 0.035 -0.02270609392 2
0 0.705 0.045 -0.02240296184 2
0 0.705 0.055 -0.02193042221 2
0 0.705 0.065 -0.02129384243 2
0 0.705 0.075 -0.0204965621 2
0 0.705 0.085 -0.01954213813 2
0 0.705 0.095 -0.01842005457 2
0 0.705 0.105 -0.017127333 2
0 0.705 0.115 -0.01578432537 2
0 0.705 0.125 -0.01451125855 2
0 0.705 0.135 -0.01347145761 2
0 0.705 0.145 -0.01267147709 2
0 0.705 0.155 -0.0123102797 2
0 0.705 0.165 -0.01235404355 2
0 0.705 0.175 -0.01268558858 2
0 0.705 0.185 -0.01308006041 2
0 0.705 0.195 -0.01330393026 2
0 0.705 0.205 -0.01319530963 2
0 0.705 0.215 -0.01269414471 2
0 0.705 0.225 -0.01195027764 2
0 0.705 0.235 -0.01111827076 2
0 0.705 0.245 -0.01029043059 2
0 0.705 0.255 -0.009495590542 2
0 0.705 0.265 -0.008732980347 2
0 0.705 0.275 -0.007994777839 2
0 0.705 0.285 -0.007282096596 2
0 0.705 0.295 -0.006594093449 2
0 0.705 0.305 -0.005933800554 2
0 0.705 0.315 -0.005305220465 2
0 0.705 0.325 -0.004713676621 2
0 0.705 0.335 -0.004165077877 2
0 0.705 0.345 -0.003665600537 2
0 0.705 0.355 -0.003221457635 2
0 0.705 0.365 -0.002838857216 2
0 0.705 0.375 -0.002524108963 2
0 0.705 0.385 -0.002283806883 2
0 0.705 0.395 -0.002125156384 2
0 0.705 0.405 -0.002056008689 2
0 0.705 0.415 -0.002085704072 2
0 0.705 0.425 -0.002222681776 2
0 0.705 0.435 -0.002479475293 2
0 0.705 0.445 -0.002851844333 2
0 0.705 0.455 -0.003344422229 2
0 0.705 0.465 -0.00387781351 2
0 0.705 0.475 -0.004312833898 2
0 0.705 0.485 -0.004552841976 2
0 0.705 0.495 -0.004006598731 2
0 0.705 0.505 -0.002435175886 2
0 0.705 0.515 -0.0009732703429 2
0 0.705 0.525 0 2
0 0.705 0.535 0 2
0 0.705 0.545 0 2
0 0.705 0.555 0 2
0 0.705 0.565 0 2
0 0.715 -0.555 0 2
0 0.715 -0.545 0 2
0 0.715 -0.535 0 2
0 0.715 -0.525 0 2
0 0.715 -0.515 -0.001866319742 2
0 0.715 -0.505 -0.004746037552 2
0 0.715 -0.495 -0.006945802061 2
0 0.715 -0.485 -0.007644216854 2
0 0.715 -0.475 -0.006752546678 2
0 0.715 -0.465 -0.006470335727 2
0 0.715 -0.455 -0.006075831785 2
0 0.715 -0.445 -0.00580159174 2
0 0.715 -0.435 -0.005569557066 2
0 0.715 -0.425 -0.005402739808 2
0 0.715 -0.415 -0.005291474843 2
0 0.715 -0.405 -0.005236811127 2
0 0.715 -0.395 -0.005236461375 2
0 0.715 -0.385 -0.005289364339 2
0 0.715 -0.375 -0.005394196138 2
0 0.715 -0.365 -0.005549798444 2
0 0.715 -0.355 -0.005754935474 2
0 0.715 -0.345 -0.006008222079 2
0 0.715 -0.335 -0.006307968266 2
0 0.715 -0.325 -0.006652049387 2
0 0.715 -0.315 -0.007037794907 2
0 0.715 -0.305 -0.007461921134 2
0 0.715 -0.295 -0.007920511978 2
0 0.715 -0.285 -0.008409046162 2
0 0.715 -0.275 -0.008922460589 2
0 0.715 -0.265 -0.009455237128 2
0 0.715 -0.255 -0.01000150147 2
0 0.715 -0.245 -0.01055513243 2
0 0.715 -0.235 -0.0111098779 2
0 0.715 -0.225 -0.01165950929 2
0 0.715 -0.215 -0.01219801408 2
0 0.715 -0.205 -0.01271991211 2
0 0.715 -0.195 -0.01322064467 2
0 0.715 -0.185 -0.0136972336 2
0 0.715 -0.175 -0.01414883129 2
0 0.715 -0.165 -0.01457735951 2
0 0.715 -0.155 -0.01498747048 2
0 0.715 -0.145 -0.01538649744 2
0 0.715 -0.135 -0.01578363826 2
0 0.715 -0.125 -0.01618956233 2
0 0.715 -0.115 -0.01661546901 2
0 0.715 -0.105 -0.01707246418 2
0 0.715 -0.095 -0.01757063391 2
0 0.715 -0.085 -0.01811764624 2
0 0.715 -0.075 -0.01871724505 2
0 0.715 -0.065 -0.01936741197 2
0 0.715 -0.055 -0.02005878118 2
0 0.715 -0.045 -0.02077386792 2
0 0.715 -0.035 -0.0214874353 2
0 0.715 -0.025 -0.02216828738 2
0 0.715 -0.015 -0.02278191716 2
0 0.715 -0.005 -0.0232939806 2
0 0.715 0.005 -0.02367345282 2
0 0.715 0.015 -0.02389522367 2
0 0.715 0.025 -0.02394191306 2
0 0.715 0.035 -0.02380434313 2
0 0.715 0.045 -0.02348139076 2
0 0.715 0.055 -0.02297863002 2
0 0.715 0.065 -0.02230690688 2
0 0.715 0.075 -0.02147944849 2
0 0.715 0.085 -0.02051138753 2
0 0.715 0.095 -0.01942281811 2
0 0.715 0.105 -0.01821727404 2
0 0.715 0.115 -0.01701013967 2
0 0.715 0.125 -0.01593037403 2
0 0.715 0.135 -0.01508250652 2
0 0.715 0.145 -0.01458035182 2
0 0.715 0.155 -0.01437467447 2
0 0.715 0.165 -0.01441508517 2
0 0.715 0.175 -0.01455096807 2
0 0.715 0.185 -0.01459402761 2
0 0.715 0.195 -0.01440768536 2
0 0.715 0.205 -0.01395157396 2
0 0.715 0.215 -0.01327455531 2
0 0.715 0.225 -0.0124987162 2
0 0.715 0.235 -0.01171396821 2
0 0.715 0.245 -0.01094902294 2
0 0.715 0.255 -0.0102035879 2
0 0.715 0.265 -0.009478113134 2
0 0.715 0.275 -0.008777389081 2
0 0.715 0.285 -0.008103580706 2
0 0.715 0.295 -0.007458658602 2
0 0.715 0.305 -0.006846298402 2
0 0.715 0.315 -0.006270841422 2
0 0.715 0.325 -0.005737479497 2
0 0.715 0.335 -0.005251802909 2
0 0.715 0.345 -0.004819610294 2
0 0.715 0.355 -0.004446734202 2
0 0.715 0.365 -0.004138989044 2
0 0.715 0.375 -0.003902203882 2
0 0.715 0.385 -0.003742291283 2
0 0.715 0.395 -0.003665342846 2
0 0.715 0.405 -0.003677495375 2
0 0.715 0.415 -0.003784840868 2
0 0.715 0.425 -0.003991926571 2
0 0.715 0.435 -0.00430038009 2
0 0.715 0.445 -0.004704788841 2
0 0.715 0.455 -0.005166145725 2
0 0.715 0.465 -0.005670878907 2
0 0.715 0.475 -0.00603307439 2
0 0.715 0.485 -0.006667926454 2
0 0.715 0.495 -0.006008823025 2
0 0.715 0.505 -0.003969118365 2
0 0.715 0.515 -0.001583910081 2
0 0.715 0.525 0 2
0 0.715 0.535 0 2
0 0.715 0.545 0 2
0 0.715 0.555 0 2
0 0.715 0.565 0 2
0 0.725 -0.555 0 2
0 0.725 -0.545 0 2
0 0.725 -0.535 0 2
0 0.725 -0.525 0 2
0 0.725 -0.515 -0.002498929273 2
0 0.725 -0.505 -0.006346196363 2
0 0.725 -0.495 -0.009311681537 2
0 0.725 -0.485 -0.01026074052 2
0 0.725 -0.475 -0.009090004876 2
0 0.725 -0.465 -0.008711379844 2
0 0.725 -0.455 -0.008169997326 2
0 0.725 -0.445 -0.007774273003 2
0 0.725 -0.435 -0.007421331376 2
0 0.725 -0.425 -0.007142242018 2
0 0.725 -0.415 -0.006924817255 2
0 0.725 -0.405 -0.006771124994 2
0 0.725 -0.395 -0.006678806495 2
0 0.725 -0.385 -0.006647075397 2
0 0.725 -0.375 -0.006674679959 2
0 0.725 -0.365 -0.0067604287 2
0 0.725 -0.355 -0.006902851578 2
0 0.725 -0.345 -0.007100123712 2
0 0.725 -0.335 -0.007349911114 2
0 0.725 -0.325 -0.007649276055 2
0 0.725 -0.315 -0.00799462082 2
0 0.725 -0.305 -0.008381691186 2
0 0.725 -0.295 -0.008805634506 2
0 0.725 -0.285 -0.009261103544 2
0 0.725 -0.275 -0.009742389477 2
0 0.725 -0.265 -0.01024356703 2
0 0.725 -0.255 -0.01075863781 2
0 0.725 -0.245 -0.01128166761 2
0 0.725 -0.235 -0.0118069193 2
0 0.725 -0.225 -0.01232899844 2
0 0.725 -0.215 -0.01284302599 2
0 0.725 -0.205 -0.01334488235 2
0 0.725 -0.195 -0.01383150493 2
0 0.725 -0.185 -0.01430127732 2
0 0.725 -0.175 -0.01475436026 2
0 0.725 -0.165 -0.01519298488 2
0 0.725 -0.155 -0.0156214411 2
0 0.725 -0.145 -0.01604598022 2
0 0.725 -0.135 -0.01647442692 2
0 0.725 -0.125 -0.01691583719 2
0 0.725 -0.115 -0.01737989589 2
0 0.725 -0.105 -0.01787628621 2
0 0.725 -0.095 -0.01841382318 2
0 0.725 -0.085 -0.01899930128 2
0 0.725 -0.075 -0.01963612838 2
0 0.725 -0.065 -0.02032269647 2
0 0.725 -0.055 -0.02105085226 2
0 0.725 -0.045 -0.02180474797 2
0 0.725 -0.035 -0.02256066144 2
0 0.725 -0.025 -0.02328773255 2
0 0.725 -0.015 -0.0239502264 2
0 0.725 -0.005 -0.02451021332 2
0 0.725 0.005 -0.02493170612 2
0 0.725 0.015 -0.02518359978 2
0 0.725 0.025 -0.02524348926 2
0 0.725 0.035 -0.02509909965 2
0 0.725 0.045 -0.02474962238 2
0 0.725 0.055 -0.02420469981 2
0 0.725 0.065 -0.02348307026 2
0 0.725 0.075 -0.02260995302 2
0 0.725 0.085 -0.02161425261 2
0 0.725 0.095 -0.02053586334 2
0 0.725 0.105 -0.01940092327 2
0 0.725 0.115 -0.01829738088 2
0 0.725 0.125 -0.0173349694 2
0 0.725 0.135 -0.016587724 2
0 0.725 0.145 -0.01615518017 2
0 0.725 0.155 -0.0159364469 2
0 0.725 0.165 -0.01584799872 2
0 0.725 0.175 -0.01573997146 2
0 0.725 0.185 -0.01548465428 2
0 0.725 0.195 -0.01504892988 2
0 0.725 0.205 -0.01445781122 2
0 0.725 0.215 -0.01376735426 2
0 0.725 0.225 -0.01303554695 2
0 0.725 0.235 -0.01231167127 2
0 0.725 0.245 -0.01159452633 2
0 0.725 0.255 -0.01088704379 2
0 0.725 0.265 -0.01019825239 2
0 0.725 0.275 -0.009532956225 2
0 0.725 0.285 -0.008895264439 2
0 0.725 0.295 -0.008289341074 2
0 0.725 0.305 -0.007719806636 2
0 0.725 0.315 -0.007191642715 2
0 0.725 0.325 -0.00671023485 2
0 0.725 0.335 -0.006281130225 2
0 0.725 0.345 -0.005909911217 2
0 0.725 0.355 -0.005602074943 2
0 0.725 0.365 -0.005362990806 2
0 0.725 0.375 -0.005197900481 2
0 0.725 0.385 -0.005111930243 2
0 0.725 0.395 -0.005110033401 2
0 0.725 0.405 -0.005196825453 2
0 0.725 0.415 -0.005375867643 2
0 0.725 0.425 -0.005649372568 2
0 0.725 0.435 -0.006012944755 2
0 0.725 0.445 -0.006464075827 2
0 0.725 0.455 -0.006959925347 2
0 0.725 0.465 -0.00754632046 2
0 0.725 0.475 -0.007947283253 2
0 0.725 0.485 -0.008921205637 2
0 0.725 0.495 -0.008081839564 2
0 0.725 0.505 -0.005455041974 2
0 0.725 0.515 -0.002162453225 2
0 0.725 0.525 0 2
0 0.725 0.535 0 2
0 0.725 0.545 0 2
0 0.725 0.555 0 2
0 0.725 0.565 0 2
0 0.735 -0.555 0 2
0 0.735 -0.545 0 2
0 0.735 -0.535 0 2
0 0.735 -0.525 0 2
0 0.735 -0.515 -0.003110265182 2
0 0.735 -0.505 -0.007892715797 2
0 0.735 -0.495 -0.01159665308 2
0 0.735 -0.485 -0.01278615353 2
0 0.735 -0.475 -0.01134298973 2
0 0.735 -0.465 -0.01086901529 2
0 0.735 -0.455 -0.01018351253 2
0 0.735 -0.445 -0.009668346801 2
0 0.735 -0.435 -0.009196597524 2
0 0.735 -0.425 -0.008807134901 2
0 0.735 -0.415 -0.008485336549 2
0 0.735 -0.405 -0.008234279632 2
0 0.735 -0.395 -0.008051583883 2
0 0.735 -0.385 -0.007936808866 2
0 0.735 -0.375 -0.007888886108 2
0 0.735 -0.365 -0.007906730733 2
0 0.735 -0.355 -0.007988792243 2
0 0.735 -0.345 -0.008132950343 2
0 0.735 -0.335 -0.008336337478 2
0 0.735 -0.325 -0.008595259765 2
0 0.735 -0.315 -0.008905185617 2
0 0.735 -0.305 -0.009260821909 2
0 0.735 -0.295 -0.009656262118 2
0 0.735 -0.285 -0.0100851862 2
0 0.735 -0.275 -0.01054108363 2
0 0.735 -0.265 -0.01101747232 2
0 0.735 -0.255 -0.01150809296 2
0 0.735 -0.245 -0.01200707059 2
0 0.735 -0.235 -0.01250904674 2
0 0.735 -0.225 -0.01300929812 2
0 0.735 -0.215 -0.01350385904 2
0 0.735 -0.205 -0.01398967278 2
0 0.735 -0.195 -0.01446476978 2
0 0.735 -0.185 -0.01492847606 2
0 0.735 -0.175 -0.0153815921 2
0 0.735 -0.165 -0.01582653297 2
0 0.735 -0.155 -0.01626733738 2
0 0.735 -0.145 -0.01670960217 2
0 0.735 -0.135 -0.01716028093 2
0 0.735 -0.125 -0.0176274415 2
0 0.735 -0.115 -0.01811988796 2
0 0.735 -0.105 -0.01864669211 2
0 0.735 -0.095 -0.01921653157 2
0 0.735 -0.085 -0.01983674526 2
0 0.735 -0.075 -0.02051208059 2
0 0.735 -0.065 -0.02124301025 2
0 0.735 -0.055 -0.02202391928 2
0 0.735 -0.045 -0.02284108739 2
0 0.735 -0.035 -0.0236716738 2
0 0.735 -0.025 -0.02448300026 2
0 0.735 -0.015 -0.02523492984 2
0 0.735 -0.005 -0.02588168679 2
0 0.735 0.005 -0.02637857042 2
0 0.735 0.015 -0.02668470702 2
0 0.735 0.025 -0.02677064908 2
0 0.735 0.035 -0.02661993729 2
0 0.735 0.045 -0.0262328893 2
0 0.735 0.055 -0.02562511688 2
0 0.735 0.065 -0.02482635046 2
0 0.735 0.075 -0.02387593421 2
0 0.735 0.085 -0.02281912643 2
0 0.735 0.095 -0.02170748006 2
0 0.735 0.105 -0.02059120577 2
0 0.735 0.115 -0.01953735908 2
0 0.735 0.125 -0.01861728413 2
0 0.735 0.135 -0.01787616444 2
0 0.735 0.145 -0.01734889865 2
0 0.735 0.155 -0.016978139 2
0 0.735 0.165 -0.01669319451 2
0 0.735 0.175 -0.01639122875 2
0 0.735 0.185 -0.01600036889 2
0 0.735 0.195 -0.01550174644 2
0 0.735 0.205 -0.01490906188 2
0 0.735 0.215 -0.01426168328 2
0 0.735 0.225 -0.01358716862 2
0 0.735 0.235 -0.01290735654 2
0 0.735 0.245 -0.01222468775 2
0 0.735 0.255 -0.01155133401 2
0 0.735 0.265 -0.010894288 2
0 0.735 0.275 -0.01025966902 2
0 0.735 0.285 -0.009653388044 2
0 0.735 0.295 -0.009081142699 2
0 0.735 0.305 -0.008548615682 2
0 0.735 0.315 -0.008061562023 2
0 0.735 0.325 -0.007625771239 2
0 0.735 0.335 -0.007246928604 2
0 0.735 0.345 -0.006930515911 2
0 0.735 0.355 -0.006681734536 2
0 0.735 0.365 -0.006505488334 2
0 0.735 0.375 -0.006406391376 2
0 0.735 0.385 -0.006388785747 2
0 0.735 0.395 -0.006456627284 2
0 0.735 0.405 -0.006613409409 2
0 0.735 0.415 -0.0068611371 2
0 0.735 0.425 -0.007201195263 2
0 0.735 0.435 -0.0076272186 2
0 0.735 0.445 -0.008142150791 2
0 0.735 0.455 -0.008700102516 2
0 0.735 0.465 -0.009391825373 2
0 0.735 0.475 -0.009876032365 2
0 0.735 0.485 -0.01116548342 2
0 0.735 0.495 -0.01014333445 2
0 0.735 0.505 -0.006896587414 2
0 0.735 0.515 -0.002722942732 2
0 0.735 0.525 0 2
0 0.735 0.535 0 2
0 0.735 0.545 0 2
0 0.735 0.555 0 2
0 0.735 0.565 0 2
0 0.745 -0.555 0 2
0 0.745 -0.545 0 2
0 0.745 -0.535 0 2
0 0.745 -0.525 0 2
0 0.745 -0.515 -0.003697727475 2
0 0.745 -0.505 -0.009379036126 2
0 0.745 -0.495 -0.01379083005 2
0 0.745 -0.485 -0.01520931931 2
0 0.745 -0.475 -0.01350116198 2
0 0.745 -0.465 -0.01293300372 2
0 0.745 -0.455 -0.01210642449 2
0 0.745 -0.445 -0.01147402157 2
0 0.745 -0.435 -0.01088566956 2
0 0.745 -0.425 -0.01038773907 2
0 0.745 -0.415 -0.009963274769 2
0 0.745 -0.405 -0.009616377586 2
0 0.745 -0.395 -0.009344745671 2
0 0.745 -0.385 -0.009148420604 2
0 0.745 -0.375 -0.009026700439 2
0 0.745 -0.365 -0.008978813417 2
0 0.745 -0.355 -0.009003331367 2
0 0.745 -0.345 -0.009098003604 2
0 0.745 -0.335 -0.009259525396 2
0 0.745 -0.325 -0.009483454525 2
0 0.745 -0.315 -0.0097642399 2
0 0.745 -0.305 -0.01009538299 2
0 0.745 -0.295 -0.01046970208 2
0 0.745 -0.285 -0.01087966098 2
0 0.745 -0.275 -0.0113177135 2
0 0.745 -0.265 -0.01177661844 2
0 0.745 -0.255 -0.01224969354 2
0 0.745 -0.245 -0.01273099644 2
0 0.745 -0.235 -0.01321543871 2
0 0.745 -0.225 -0.01369885319 2
0 0.745 -0.215 -0.01417803979 2
0 0.745 -0.205 -0.01465081453 2
0 0.745 -0.195 -0.01511607232 2
0 0.745 -0.185 -0.01557386693 2
0 0.745 -0.175 -0.01602548506 2
0 0.745 -0.165 -0.01647350409 2
0 0.745 -0.155 -0.01692179965 2
0 0.745 -0.145 -0.01737551767 2
0 0.745 -0.135 -0.01784099231 2
0 0.745 -0.125 -0.01832564095 2
0 0.745 -0.115 -0.01883780342 2
0 0.745 -0.105 -0.01938652859 2
0 0.745 -0.095 -0.0199812254 2
0 0.745 -0.085 -0.02063103434 2
0 0.745 -0.075 -0.0213437723 2
0 0.745 -0.065 -0.02212405429 2
0 0.745 -0.055 -0.02297091764 2
0 0.745 -0.045 -0.02387416669 2
0 0.745 -0.035 -0.02481231164 2
0 0.745 -0.025 -0.02574912432 2
0 0.745 -0.015 -0.02663728397 2
0 0.745 -0.005 -0.02741727145 2
0 0.745 0.005 -0.02803100197 2
0 0.745 0.015 -0.02842130527 2
0 0.745 0.025 -0.02854892962 2
0 0.745 0.035 -0.0283909192 2
0 0.745 0.045 -0.02794965058 2
0 0.745 0.055 -0.02724860238 2
0 0.745 0.065 -0.02633270149 2
0 0.745 0.075 -0.02525856436 2
0 0.745 0.085 -0.02409202779 2
0 0.745 0.095 -0.02289790527 2
0 0.745 0.105 -0.02173902842 2
0 0.745 0.115 -0.02066926451 2
0 0.745 0.125 -0.01973005475 2
0 0.745 0.135 -0.01894139874 2
0 0.745 0.145 -0.01830358818 2
0 0.745 0.155 -0.01778317808 2
0 0.745 0.165 -0.0173366067 2
0 0.745 0.175 -0.01690857491 2
0 0.745 0.185 -0.01645528234 2
0 0.745 0.195 -0.01595265659 2
0 0.745 0.205 -0.01539377006 2
0 0.745 0.215 -0.01478925899 2
0 0.745 0.225 -0.01415308974 2
0 0.745 0.235 -0.0135014749 2
0 0.745 0.245 -0.01284704261 2
0 0.745 0.255 -0.01219964114 2
0 0.745 0.265 -0.01156687189 2
0 0.745 0.275 -0.01095624993 2
0 0.745 0.285 -0.01037489744 2
0 0.745 0.295 -0.009829695761 2
0 0.745 0.305 -0.009327421553 2
0 0.745 0.315 -0.008874693382 2
0 0.745 0.325 -0.008477864921 2
0 0.745 0.335 -0.008142891451 2
0 0.745 0.345 -0.007875232146 2
0 0.745 0.355 -0.007679805995 2
0 0.745 0.365 -0.007561019013 2
0 0.745 0.375 -0.007522823144 2
0 0.745 0.385 -0.00756880274 2
0 0.745 0.395 -0.007702097932 2
0 0.745 0.405 -0.007925502481 2
0 0.745 0.415 -0.008240362029 2
0 0.745 0.425 -0.008648430354 2
0 0.745 0.435 -0.009143685098 2
0 0.745 0.445 -0.009735580331 2
0 0.745 0.455 -0.01037570489 2
0 0.745 0.465 -0.01118832288 2
0 0.745 0.475 -0.01176595087 2
0 0.745 0.485 -0.01335113685 2
0 0.745 0.495 -0.01214740489 2
0 0.745 0.505 -0.008286420105 2
0 0.745 0.515 -0.003266448185 2
0 0.745 0.525 0 2
0 0.745 0.535 0 2
0 0.745 0.545 0 2
0 0.745 0.555 0 2
0 0.745 0.565 0 2
0 0.755 -0.555 0 2
0 0.755 -0.545 0 2
0 0.755 -0.535 0 2
0 0.755 -0.525 0 2
0 0.755 -0.515 -0.004258714965 2
0 0.755 -0.505 -0.01079858887 2
0 0.755 -0.495 -0.01588434946 2
0 0.755 -0.485 -0.01751916321 2
0 0.755 -0.475 -0.01555430841 2
0 0.755 -0.465 -0.01489328005 2
0 0.755 -0.455 -0.01392899718 2
0 0.755 -0.445 -0.01318175534 2
0 0.755 -0.435 -0.01247913086 2
0 0.755 -0.425 -0.01187464119 2
0 0.755 -0.415 -0.01134910125 2
0 0.755 -0.405 -0.01090766145 2
0 0.755 -0.395 -0.01054824139 2
0 0.755 -0.385 -0.01027157033 2
0 0.755 -0.375 -0.01007758719 2
0 0.755 -0.365 -0.009966138657 2
0 0.755 -0.355 -0.009936209367 2
0 0.755 -0.345 -0.009985640383 2
0 0.755 -0.335 -0.010110796 2
0 0.755 -0.325 -0.01030644981 2
0 0.755 -0.315 -0.01056585157 2
0 0.755 -0.305 -0.01088100169 2
0 0.755 -0.295 -0.01124307968 2
0 0.755 -0.285 -0.0116429576 2
0 0.755 -0.275 -0.01207171712 2
0 0.755 -0.265 -0.01252109421 2
0 0.755 -0.255 -0.01298380391 2
0 0.755 -0.245 -0.01345373111 2
0 0.755 -0.235 -0.01392600213 2
0 0.755 -0.225 -0.01439697073 2
0 0.755 -0.215 -0.01486415874 2
0 0.755 -0.205 -0.01532618734 2
0 0.755 -0.195 -0.015782723 2
0 0.755 -0.185 -0.01623444975 2
0 0.755 -0.175 -0.01668306281 2
0 0.755 -0.165 -0.01713127707 2
0 0.755 -0.155 -0.01758283542 2
0 0.755 -0.145 -0.0180425202 2
0 0.755 -0.135 -0.01851616418 2
0 0.755 -0.125 -0.01901068654 2
0 0.755 -0.115 -0.01953414808 2
0 0.755 -0.105 -0.02009585951 2
0 0.755 -0.095 -0.02070646072 2
0 0.755 -0.085 -0.02137784397 2
0 0.755 -0.075 -0.022122538 2
0 0.755 -0.065 -0.02295170795 2
0 0.755 -0.055 -0.02387249685 2
0 0.755 -0.045 -0.02488210296 2
0 0.755 -0.035 -0.02596464792 2
0 0.755 -0.025 -0.0270801422 2
0 0.755 -0.015 -0.02817234133 2
0 0.755 -0.005 -0.029156486 2
0 0.755 0.005 -0.02995467882 2
0 0.755 0.015 -0.03047930018 2
0 0.755 0.025 -0.03067690005 2
0 0.755 0.035 -0.03051102777 2
0 0.755 0.045 -0.02998743445 2
0 0.755 0.055 -0.02914022522 2
0 0.755 0.065 -0.02803907658 2
0 0.755 0.075 -0.02676453757 2
0 0.755 0.085 -0.02541378685 2
0 0.755 0.095 -0.02407010199 2
0 0.755 0.105 -0.02280693045 2
0 0.755 0.115 -0.02167131288 2
0 0.755 0.125 -0.02068757342 2
0 0.755 0.135 -0.01985617274 2
0 0.755 0.145 -0.01916128438 2
0 0.755 0.155 -0.0185705818 2
0 0.755 0.165 -0.0180461894 2
0 0.755 0.175 -0.01754810395 2
0 0.755 0.185 -0.01704394231 2
0 0.755 0.195 -0.01651351692 2
0 0.755 0.205 -0.01594877069 2
0 0.755 0.215 -0.01535264695 2
0 0.755 0.225 -0.01473299302 2
0 0.755 0.235 -0.01410019964 2
0 0.755 0.245 -0.01346387854 2
0 0.755 0.255 -0.01283307957 2
0 0.755 0.265 -0.01221617206 2
0 0.755 0.275 -0.01162143914 2
0 0.755 0.285 -0.01105696768 2
0 0.755 0.295 -0.01053082797 2
0 0.755 0.305 -0.01005096082 2
0 0.755 0.315 -0.009624990305 2
0 0.755 0.325 -0.009260003209 2
0 0.755 0.335 -0.008962346083 2
0 0.755 0.345 -0.008737502311 2
0 0.755 0.355 -0.008590074606 2
0 0.755 0.365 -0.008523882353 2
0 0.755 0.375 -0.008542121252 2
0 0.755 0.385 -0.008647583723 2
0 0.755 0.395 -0.008842703454 2
0 0.755 0.405 -0.009129880018 2
0 0.755 0.415 -0.009510410212 2
0 0.755 0.425 -0.009987139145 2
0 0.755 0.435 -0.01055511657 2
0 0.755 0.445 -0.01122966618 2
0 0.755 0.455 -0.01195971411 2
0 0.755 0.465 -0.0128976006 2
0 0.755 0.475 -0.01357177228 2
0 0.755 0.485 -0.01543631654 2
0 0.755 0.495 -0.01405896772 2
0 0.755 0.505 -0.00960748571 2
0 0.755 0.515 -0.003784518256 2
0 0.755 0.525 0 2
0 0.755 0.535 0 2
0 0.755 0.545 0 2
0 0.755 0.555 0 2
0 0.755 0.565 0 2
0 0.765 -0.555 0 2
0 0.765 -0.545 0 2
0 0.765 -0.535 0 2
0 0.765 -0.525 0 2
0 0.765 -0.515 -0.004790637389 2
0 0.765 -0.505 -0.01214483879 2
0 0.765 -0.495 -0.01786741088 2
0 0.765 -0.485 -0.01970471167 2
0 0.765 -0.475 -0.01749236521 2
0 0.765 -0.465 -0.01673999333 2
0 0.765 -0.455 -0.01564177947 2
0 0.765 -0.445 -0.01478235718 2
0 0.765 -0.435 -0.01396796326 2
0 0.765 -0.425 -0.01325883567 2
0 0.765 -0.415 -0.01263364277 2
0 0.765 -0.405 -0.01209860286 2
0 0.765 -0.395 -0.01165203533 2
0 0.765 -0.385 -0.01129564253 2
0 0.765 -0.375 -0.01103040209 2
0 0.765 -0.365 -0.01085723556 2
0 0.765 -0.355 -0.01077598012 2
0 0.765 -0.345 -0.01078490404 2
0 0.765 -0.335 -0.0108801896 2
0 0.765 -0.325 -0.01105574851 2
0 0.765 -0.315 -0.01130332501 2
0 0.765 -0.305 -0.01161293671 2
0 0.765 -0.295 -0.01197355332 2
0 0.765 -0.285 -0.0123738904 2
0 0.765 -0.275 -0.01280318278 2
0 0.765 -0.265 -0.01325180895 2
0 0.765 -0.255 -0.01371169695 2
0 0.765 -0.245 -0.01417650361 2
0 0.765 -0.235 -0.01464160319 2
0 0.765 -0.225 -0.01510394569 2
0 0.765 -0.215 -0.01556185248 2
0 0.765 -0.205 -0.01601480341 2
0 0.765 -0.195 -0.01646325648 2
0 0.765 -0.185 -0.01690851903 2
0 0.765 -0.175 -0.01735267442 2
0 0.765 -0.165 -0.01779855726 2
0 0.765 -0.155 -0.0182497657 2
0 0.765 -0.145 -0.01871070977 2
0 0.765 -0.135 -0.01918669569 2
0 0.765 -0.125 -0.01968408726 2
0 0.765 -0.115 -0.02021055039 2
0 0.765 -0.105 -0.02077551831 2
0 0.765 -0.095 -0.0213907646 2
0 0.765 -0.085 -0.02207126064 2
0 0.765 -0.075 -0.02283566837 2
0 0.765 -0.065 -0.02370529742 2
0 0.765 -0.055 -0.0247011955 2
0 0.765 -0.045 -0.02583337907 2
0 0.765 -0.035 -0.02709663801 2
0 0.765 -0.025 -0.02844352242 2
0 0.765 -0.015 -0.02981121688 2
0 0.765 -0.005 -0.03107008491 2
0 0.765 0.005 -0.03212063798 2
0 0.765 0.015 -0.03281799042 2
0 0.765 0.025 -0.03310077798 2
0 0.765 0.035 -0.03291623308 2
0 0.765 0.045 -0.03228152846 2
0 0.765 0.055 -0.03123685251 2
0 0.765 0.065 -0.02988252289 2
0 0.765 0.075 -0.02832530673 2
0 0.765 0.085 -0.02671540559 2
0 0.765 0.095 -0.02516037502 2
0 0.765 0.105 -0.02375227276 2
0 0.765 0.115 -0.02252985281 2
0 0.765 0.125 -0.02149951196 2
0 0.765 0.135 -0.02063935847 2
0 0.765 0.145 -0.0199159031 2
0 0.765 0.155 -0.01929094828 2
0 0.765 0.165 -0.01872720392 2
0 0.765 0.175 -0.01819135096 2
0 0.765 0.185 -0.01765756124 2
0 0.765 0.195 -0.01710909472 2
0 0.765 0.205 -0.01653791965 2
0 0.765 0.215 -0.01594355753 2
0 0.765 0.225 -0.01533029114 2
0 0.765 0.235 -0.01470528585 2
0 0.765 0.245 -0.01407662968 2
0 0.765 0.255 -0.01345278617 2
0 0.765 0.265 -0.01284229036 2
0 0.765 0.275 -0.01225392902 2
0 0.765 0.285 -0.01169680956 2
0 0.765 0.295 -0.01118029378 2
0 0.765 0.305 -0.01071370455 2
0 0.765 0.315 -0.01030594195 2
0 0.765 0.325 -0.009965069054 2
0 0.765 0.335 -0.009697969949 2
0 0.765 0.345 -0.009510170134 2
0 0.765 0.355 -0.009405846108 2
0 0.765 0.365 -0.009388031874 2
0 0.765 0.375 -0.00945894195 2
0 0.765 0.385 -0.009620401123 2
0 0.765 0.395 -0.009874090148 2
0 0.765 0.405 -0.01022214013 2
0 0.765 0.415 -0.01066613147 2
0 0.765 0.425 -0.01121037326 2
0 0.765 0.435 -0.01185135824 2
0 0.765 0.445 -0.01260976318 2
0 0.765 0.455 -0.0134314389 2
0 0.765 0.465 -0.01449340239 2
0 0.765 0.475 -0.01526338762 2
0 0.765 0.485 -0.01739170024 2
0 0.765 0.495 -0.01585282038 2
0 0.765 0.505 -0.01084630888 2
0 0.765 0.515 -0.004270857369 2
0 0.765 0.525 0 2
0 0.765 0.535 0 2
0 0.765 0.545 0 2
0 0.765 0.555 0 2
0 0.765 0.565 0 2
0 0.775 -0.555 0 2
0 0.775 -0.545 0 2
0 0.775 -0.535 0 2
0 0.775 -0.525 0 2
0 0.775 -0.515 -0.005290920652 2
0 0.775 -0.505 -0.01341130644 2
0 0.775 -0.495 -0.01973029189 2
0 0.775 -0.485 -0.02175510831 2
0 0.775 -0.475 -0.01930542832 2
0 0.775 -0.465 -0.01846354023 2
0 0.775 -0.455 -0.01723567466 2
0 0.775 -0.445 -0.01626710398 2
0 0.775 -0.435 -0.01534371213 2
0 0.775 -0.425 -0.01453192746 2
0 0.775 -0.415 -0.01380829822 2
0 0.775 -0.405 -0.01318008715 2
0 0.775 -0.395 -0.01264620729 2
0 0.775 -0.385 -0.01220970957 2
0 0.775 -0.375 -0.01187318057 2
0 0.775 -0.365 -0.01163931112 2
0 0.775 -0.355 -0.01150948448 2
0 0.775 -0.345 -0.01148294225 2
0 0.775 -0.335 -0.01155593005 2
0 0.775 -0.325 -0.01172137757 2
0 0.775 -0.315 -0.01196902724 2
0 0.775 -0.305 -0.01228614184 2
0 0.775 -0.295 -0.01265858967 2
0 0.775 -0.285 -0.01307208167 2
0 0.775 -0.275 -0.01351334126 2
0 0.775 -0.265 -0.01397097893 2
0 0.775 -0.255 -0.01443597784 2
0 0.775 -0.245 -0.01490181134 2
0 0.775 -0.235 -0.01536427602 2
0 0.775 -0.225 -0.01582114811 2
0 0.775 -0.215 -0.01627177553 2
0 0.775 -0.205 -0.01671668049 2
0 0.775 -0.195 -0.01715723471 2
0 0.775 -0.185 -0.01759542941 2
0 0.775 -0.175 -0.01803374691 2
0 0.775 -0.165 -0.01847511813 2
0 0.775 -0.155 -0.01892294684 2
0 0.775 -0.145 -0.01938119097 2
0 0.775 -0.135 -0.01985449495 2
0 0.775 -0.125 -0.02034843528 2
0 0.775 -0.115 -0.02086987659 2
0 0.775 -0.105 -0.0214277581 2
0 0.775 -0.095 -0.02203404639 2
0 0.775 -0.085 -0.02270597569 2
0 0.775 -0.075 -0.02346797385 2
0 0.775 -0.065 -0.02435420878 2
0 0.775 -0.055 -0.02540531628 2
0 0.775 -0.045 -0.02665125283 2
0 0.775 -0.035 -0.02812095474 2
0 0.775 -0.025 -0.02978331332 2
0 0.775 -0.015 -0.03160570688 2
0 0.775 -0.005 -0.03334679202 2
0 0.775 0.005 -0.03488967568 2
0 0.775 0.015 -0.03591942548 2
0 0.775 0.025 -0.03638927388 2
0 0.775 0.035 -0.03618944098 2
0 0.775 0.045 -0.03536719738 2
0 0.775 0.055 -0.03396559273 2
0 0.775 0.065 -0.03215448097 2
0 0.775 0.075 -0.03006801277 2
0 0.775 0.085 -0.02800488431 2
0 0.775 0.095 -0.02610668735 2
0 0.775 0.105 -0.02450932693 2
0 0.775 0.115 -0.0232072907 2
0 0.775 0.125 -0.02215639403 2
0 0.775 0.135 -0.02130321514 2
0 0.775 0.145 -0.02059174268 2
0 0.775 0.155 -0.01997241874 2
0 0.775 0.165 -0.01940441243 2
0 0.775 0.175 -0.0188567868 2
0 0.775 0.185 -0.01830810672 2
0 0.775 0.195 -0.01774563235 2
0 0.775 0.205 -0.01716373145 2
0 0.775 0.215 -0.01656235802 2
0 0.775 0.225 -0.0159450517 2
0 0.775 0.235 -0.01531752659 2
0 0.775 0.245 -0.01468656837 2
0 0.775 0.255 -0.01405972285 2
0 0.775 0.265 -0.01344528722 2
0 0.775 0.275 -0.01285251272 2
0 0.775 0.285 -0.01229162133 2
0 0.775 0.295 -0.01177357505 2
0 0.775 0.305 -0.0113095397 2
0 0.775 0.315 -0.01091017886 2
0 0.775 0.325 -0.01058492672 2
0 0.775 0.335 -0.01034141196 2
0 0.775 0.345 -0.01018518517 2
0 0.775 0.355 -0.0101197667 2
0 0.775 0.365 -0.01014702796 2
0 0.775 0.375 -0.01026776465 2
0 0.775 0.385 -0.01048243467 2
0 0.775 0.395 -0.01079169542 2
0 0.775 0.405 -0.01119732311 2
0 0.775 0.415 -0.0117013027 2
0 0.775 0.425 -0.0123096095 2
0 0.775 0.435 -0.01302045414 2
0 0.775 0.445 -0.01385965157 2
0 0.775 0.455 -0.01477018383 2
0 0.775 0.465 -0.01595142198 2
0 0.775 0.475 -0.01681458963 2
0 0.775 0.485 -0.01919124299 2
0 0.775 0.495 -0.01750659849 2
0 0.775 0.505 -0.01198996483 2
0 0.775 0.515 -0.004719893877 2
0 0.775 0.525 0 2
0 0.775 0.535 0 2
0 0.775 0.545 0 2
0 0.775 0.555 0 2
0 0.775 0.565 0 2
0 0.785 -0.555 0 2
0 0.785 -0.545 0 2
0 0.785 -0.535 0 2
0 0.785 -0.525 0 2
0 0.785 -0.515 -0.005756999727 2
0 0.785 -0.505 -0.01459155827 2
0 0.785 -0.495 -0.0214633196 2
0 0.785 -0.485 -0.02365958407 2
0 0.785 -0.475 -0.02098373008 2
0 0.785 -0.465 -0.02005457377 2
0 0.785 -0.455 -0.01870200073 2
0 0.785 -0.445 -0.01762787014 2
0 0.785 -0.435 -0.01659869563 2
0 0.785 -0.425 -0.0156864165 2
0 0.785 -0.415 -0.01486537278 2
0 0.785 -0.405 -0.01414374743 2
0 0.785 -0.395 -0.01352121439 2
0 0.785 -0.385 -0.01300263586 2
0 0.785 -0.375 -0.0125930069 2
0 0.785 -0.365 -0.01229784725 2
0 0.785 -0.355 -0.01212120536 2
0 0.785 -0.345 -0.0120642331 2
0 0.785 -0.335 -0.01212368325 2
0 0.785 -0.325 -0.01229134971 2
0 0.785 -0.315 -0.01255416812 2
0 0.785 -0.305 -0.01289539229 2
0 0.785 -0.295 -0.01329638312 2
0 0.785 -0.285 -0.01373856781 2
0 0.785 -0.275 -0.01420523933 2
0 0.785 -0.265 -0.01468276575 2
0 0.785 -0.255 -0.01516111267 2
0 0.785 -0.245 -0.01563379382 2
0 0.785 -0.235 -0.01609742533 2
0 0.785 -0.225 -0.01655106148 2
0 0.785 -0.215 -0.01699549708 2
0 0.785 -0.205 -0.01743262674 2
0 0.785 -0.195 -0.01786495524 2
0 0.785 -0.185 -0.01829526814 2
0 0.785 -0.175 -0.01872646939 2
0 0.785 -0.165 -0.01916154594 2
0 0.785 -0.155 -0.01960362213 2
0 0.785 -0.145 -0.02005607475 2
0 0.785 -0.135 -0.02052268475 2
0 0.785 -0.125 -0.02100790342 2
0 0.785 -0.115 -0.02151718463 2
0 0.785 -0.105 -0.02205794962 2
0 0.785 -0.095 -0.02264051428 2
0 0.785 -0.085 -0.02328202617 2
0 0.785 -0.075 -0.02400864213 2
0 0.785 -0.065 -0.02486711017 2
0 0.785 -0.055 -0.02593080019 2
0 0.785 -0.045 -0.02728957904 2
0 0.785 -0.035 -0.02902121109 2
0 0.785 -0.025 -0.03105779341 2
0 0.785 -0.015 -0.03340341165 2
0 0.785 -0.005 -0.03558448753 2
0 0.785 0.005 -0.03757883453 2
0 0.785 0.015 -0.03874424504 2
0 0.785 0.025 -0.03922235642 2
0 0.785 0.035 -0.03893225522 2
0 0.785 0.045 -0.03797418882 2
0 0.785 0.055 -0.03633159249 2
0 0.785 0.065 -0.03414969481 2
0 0.785 0.075 -0.03151263301 2
0 0.785 0.085 -0.028985695 2
0 0.785 0.095 -0.0267446501 2
0 0.785 0.105 -0.02497830984 2
0 0.785 0.115 -0.02364916092 2
0 0.785 0.125 -0.02263758612 2
0 0.785 0.135 -0.02184865287 2
0 0.785 0.145 -0.02119862935 2
0 0.785 0.155 -0.02062411362 2
0 0.785 0.165 -0.02008070401 2
0 0.785 0.175 -0.01954058922 2
0 0.785 0.185 -0.0189874908 2
0 0.785 0.195 -0.01841419016 2
0 0.785 0.205 -0.01781925802 2
0 0.785 0.215 -0.01720511305 2
0 0.785 0.225 -0.01657610966 2
0 0.785 0.235 -0.01593751727 2
0 0.785 0.245 -0.01529507845 2
0 0.785 0.255 -0.01465528111 2
0 0.785 0.265 -0.01402589505 2
0 0.785 0.275 -0.01341652559 2
0 0.785 0.285 -0.01283875106 2
0 0.785 0.295 -0.0123057511 2
0 0.785 0.305 -0.01183137079 2
0 0.785 0.315 -0.01142888661 2
0 0.785 0.325 -0.011109762 2
0 0.785 0.335 -0.01088267752 2
0 0.785 0.345 -0.01075313251 2
0 0.785 0.355 -0.01072356188 2
0 0.785 0.365 -0.01079401594 2
0 0.785 0.375 -0.01096311201 2
0 0.785 0.385 -0.01122922079 2
0 0.785 0.395 -0.01159140929 2
0 0.785 0.405 -0.01205077393 2
0 0.785 0.415 -0.01260968386 2
0 0.785 0.425 -0.01327600696 2
0 0.785 0.435 -0.01405015318 2
0 0.785 0.445 -0.01496330059 2
0 0.785 0.455 -0.01595636727 2
0 0.785 0.465 -0.01724936137 2
0 0.785 0.475 -0.01820190286 2
0 0.785 0.485 -0.02081113265 2
0 0.785 0.495 -0.01899982888 2
0 0.785 0.505 -0.01302603546 2
0 0.785 0.515 -0.005126477065 2
0 0.785 0.525 0 2
0 0.785 0.535 0 2
0 0.785 0.545 0 2
0 0.785 0.555 0 2
0 0.785 0.565 0 2
0 0.795 -0.555 0 2
0 0.795 -0.545 0 2
0 0.795 -0.535 0 2
0 0.795 -0.525 0 2
0 0.795 -0.515 -0.006186294011 2
0 0.795 -0.505 -0.01567915091 2
0 0.795 -0.495 -0.02305677824 2
0 0.795 -0.485 -0.0254073592 2
0 0.795 -0.475 -0.02251756132 2
0 0.795 -0.465 -0.02150396598 2
0 0.795 -0.455 -0.02003252079 2
0 0.795 -0.445 -0.01885725466 2
0 0.795 -0.435 -0.01772625651 2
0 0.795 -0.425 -0.0167160928 2
0 0.795 -0.415 -0.01579860808 2
0 0.795 -0.405 -0.01498256318 2
0 0.795 -0.395 -0.01426840911 2
0 0.795 -0.385 -0.01366330314 2
0 0.795 -0.375 -0.01317573981 2
0 0.795 -0.365 -0.0128157299 2
0 0.795 -0.355 -0.01259187558 2
0 0.795 -0.345 -0.01250893652 2
0 0.795 -0.335 -0.01256499163 2
0 0.795 -0.325 -0.01275052568 2
0 0.795 -0.315 -0.01304830707 2
0 0.795 -0.305 -0.01343546499 2
0 0.795 -0.295 -0.01388657001 2
0 0.795 -0.285 -0.01437678846 2
0 0.795 -0.275 -0.01488473862 2
0 0.795 -0.265 -0.0153941072 2
0 0.795 -0.255 -0.01589402046 2
0 0.795 -0.245 -0.01637858871 2
0 0.795 -0.235 -0.01684597472 2
0 0.795 -0.225 -0.01729725201 2
0 0.795 -0.215 -0.01773532797 2
0 0.795 -0.205 -0.01816397188 2
0 0.795 -0.195 -0.01858713504 2
0 0.795 -0.185 -0.01900853138 2
0 0.795 -0.175 -0.01943148798 2
0 0.795 -0.165 -0.019858966 2
0 0.795 -0.155 -0.02029368498 2
0 0.795 -0.145 -0.02073828553 2
0 0.795 -0.135 -0.02119547863 2
0 0.795 -0.125 -0.02166826026 2
0 0.795 -0.115 -0.02216005046 2
0 0.795 -0.105 -0.0226755856 2
0 0.795 -0.095 -0.02322112986 2
0 0.795 -0.085 -0.02380993877 2
0 0.795 -0.075 -0.02446125126 2
0 0.795 -0.065 -0.02522820406 2
0 0.795 -0.055 -0.02619308203 2
0 0.795 -0.045 -0.02753135451 2
0 0.795 -0.035 -0.02938450808 2
0 0.795 -0.025 -0.03163120975 2
0 0.795 -0.015 -0.03437889086 2
0 0.795 -0.005 -0.03668441419 2
0 0.795 0.005 -0.03873598141 2
0 0.795 0.015 -0.03970356573 2
0 0.795 0.025 -0.03996810775 2
0 0.795 0.035 -0.03953568965 2
0 0.795 0.045 -0.03858666572 2
0 0.795 0.055 -0.03700973367 2
0 0.795 0.065 -0.03484796836 2
0 0.795 0.075 -0.03205404334 2
0 0.795 0.085 -0.02927357272 2
0 0.795 0.095 -0.02686156091 2
0 0.795 0.105 -0.02505811508 2
0 0.795 0.115 -0.02380585438 2
0 0.795 0.125 -0.02293256459 2
0 0.795 0.135 -0.02229001937 2
0 0.795 0.145 -0.0217618106 2
0 0.795 0.155 -0.02127281745 2
0 0.795 0.165 -0.0207782936 2
0 0.795 0.175 -0.02025846713 2
0 0.795 0.185 -0.01970503967 2
0 0.795 0.195 -0.01911907679 2
0 0.795 0.205 -0.01850565859 2
0 0.795 0.215 -0.0178716304 2
0 0.795 0.225 -0.0172233683 2
0 0.795 0.235 -0.01656607759 2
0 0.795 0.245 -0.01590404257 2
0 0.795 0.255 -0.01524188906 2
0 0.795 0.265 -0.01458608905 2
0 0.795 0.275 -0.01394632475 2
0 0.795 0.285 -0.01333593501 2
0 0.795 0.295 -0.01277139646 2
0 0.795 0.305 -0.0122706883 2
0 0.795 0.315 -0.01185115207 2
0 0.795 0.325 -0.01152736296 2
0 0.795 0.335 -0.01130949024 2
0 0.795 0.345 -0.01120278741 2
0 0.795 0.355 -0.01120784566 2
0 0.795 0.365 -0.01132182076 2
0 0.795 0.375 -0.01153994071 2
0 0.795 0.385 -0.01185733884 2
0 0.795 0.395 -0.01227053462 2
0 0.795 0.405 -0.01277931755 2
0 0.795 0.415 -0.01338627366 2
0 0.795 0.425 -0.01410149309 2
0 0.795 0.435 -0.01492846819 2
0 0.795 0.445 -0.01590462263 2
0 0.795 0.455 -0.01697039185 2
0 0.795 0.465 -0.01836520068 2
0 0.795 0.475 -0.01940259823 2
0 0.795 0.485 -0.02222814856 2
0 0.795 0.495 -0.02031270767 2
0 0.795 0.505 -0.01394211159 2
0 0.795 0.515 -0.005485649474 2
0 0.795 0.525 0 2
0 0.795 0.535 0 2
0 0.795 0.545 0 2
0 0.795 0.555 0 2
0 0.795 0.565 0 2
0 0.805 -0.555 0 2
0 0.805 -0.545 0 2
0 0.805 -0.535 0 2
0 0.805 -0.525 0 2
0 0.805 -0.515 -0.006576160586 2
0 0.805 -0.505 -0.01666751655 2
0 0.805 -0.495 -0.02450073555 2
0 0.805 -0.485 -0.02698745615 2
0 0.805 -0.475 -0.02389711791 2
0 0.805 -0.465 -0.02280269831 2
0 0.805 -0.455 -0.02121941314 2
0 0.805 -0.445 -0.01994867624 2
0 0.805 -0.435 -0.01872104001 2
0 0.805 -0.425 -0.01761653803 2
0 0.805 -0.415 -0.01660389693 2
0 0.805 -0.405 -0.01569171378 2
0 0.805 -0.395 -0.01488092508 2
0 0.805 -0.385 -0.01418140909 2
0 0.805 -0.375 -0.01360654039 2
0 0.805 -0.365 -0.01317326423 2
0 0.805 -0.355 -0.01289779539 2
0 0.805 -0.345 -0.01279165077 2
0 0.805 -0.335 -0.01285585883 2
0 0.805 -0.325 -0.01307963085 2
0 0.805 -0.315 -0.01343916466 2
0 0.805 -0.305 -0.01390170713 2
0 0.805 -0.295 -0.01443132061 2
0 0.805 -0.285 -0.01499393238 2
0 0.805 -0.275 -0.01556192241 2
0 0.805 -0.265 -0.01611601883 2
0 0.805 -0.255 -0.01664506957 2
0 0.805 -0.245 -0.01714488644 2
0 0.805 -0.235 -0.01761649632 2
0 0.805 -0.225 -0.01806418698 2
0 0.805 -0.215 -0.01849396816 2
0 0.805 -0.205 -0.01891215073 2
0 0.805 -0.195 -0.01932449469 2
0 0.805 -0.185 -0.01973574265 2
0 0.805 -0.175 -0.02014957457 2
0 0.805 -0.165 -0.02056876021 2
0 0.805 -0.155 -0.02099542885 2
0 0.805 -0.145 -0.02143131791 2
0 0.805 -0.135 -0.02187791841 2
0 0.805 -0.125 -0.02233658182 2
0 0.805 -0.115 -0.02280831435 2
0 0.805 -0.105 -0.02329429695 2
0 0.805 -0.095 -0.02379459508 2
0 0.805 -0.085 -0.02431433619 2
0 0.805 -0.075 -0.02485431141 2
0 0.805 -0.065 -0.02546020479 2
0 0.805 -0.055 -0.02615916141 2
0 0.805 -0.045 -0.02723518912 2
0 0.805 -0.035 -0.02891195632 2
0 0.805 -0.025 -0.03104484639 2
0 0.805 -0.015 -0.03377241499 2
0 0.805 -0.005 -0.03566690628 2
0 0.805 0.005 -0.03693855125 2
0 0.805 0.015 -0.03720697788 2
0 0.805 0.025 -0.03694802077 2
0 0.805 0.035 -0.03640115691 2
0 0.805 0.045 -0.03562435158 2
0 0.805 0.055 -0.03455723633 2
0 0.805 0.065 -0.0329934238 2
0 0.805 0.075 -0.03090206458 2
0 0.805 0.085 -0.02845081027 2
0 0.805 0.095 -0.02619612174 2
0 0.805 0.105 -0.02460157226 2
0 0.805 0.115 -0.02360983535 2
0 0.805 0.125 -0.02304496979 2
0 0.805 0.135 -0.022668774 2
0 0.805 0.145 -0.02232508375 2
0 0.805 0.155 -0.02195762439 2
0 0.805 0.165 -0.02152753296 2
0 0.805 0.175 -0.02103125659 2
0 0.805 0.185 -0.02047278989 2
0 0.805 0.195 -0.0198653749 2
0 0.805 0.205 -0.01922354648 2
0 0.805 0.215 -0.01856071414 2
0 0.805 0.225 -0.0178861442 2
0 0.805 0.235 -0.01720455949 2
0 0.805 0.245 -0.01651725509 2
0 0.805 0.255 -0.01582502037 2
0 0.805 0.265 -0.01513129199 2
0 0.805 0.275 -0.01444513594 2
0 0.805 0.285 -0.01378228217 2
0 0.805 0.295 -0.01316446102 2
0 0.805 0.305 -0.01261640975 2
0 0.805 0.315 -0.01216209654 2
0 0.805 0.325 -0.011821034 2
0 0.805 0.335 -0.0116054362 2
0 0.805 0.345 -0.01151981277 2
0 0.805 0.355 -0.01156148792 2
0 0.805 0.365 -0.01172295395 2
0 0.805 0.375 -0.01199418346 2
0 0.805 0.385 -0.01236538001 2
0 0.805 0.395 -0.01282905177 2
0 0.805 0.405 -0.01338260751 2
0 0.805 0.415 -0.01402840117 2
0 0.805 0.425 -0.01477918392 2
0 0.805 0.435 -0.01564306952 2
0 0.805 0.445 -0.01666575686 2
0 0.805 0.455 -0.01779006822 2
0 0.805 0.465 -0.01927440768 2
0 0.805 0.475 -0.02039233098 2
0 0.805 0.485 -0.02341821066 2
0 0.805 0.495 -0.02142555348 2
0 0.805 0.505 -0.01472569569 2
0 0.805 0.515 -0.005792722193 2
0 0.805 0.525 0 2
0 0.805 0.535 0 2
0 0.805 0.545 0 2
0 0.805 0.555 0 2
0 0.805 0.565 0 2
0 0.815 -0.555 0 2
0 0.815 -0.545 0 2
0 0.815 -0.535 0 2
0 0.815 -0.525 0 2
0 0.815 -0.515 -0.006923822458 2
0 0.815 -0.505 -0.01754977977 2
0 0.815 -0.495 -0.0257847767 2
0 0.815 -0.485 -0.02838840916 2
0 0.815 -0.475 -0.02511225455 2
0 0.815 -0.465 -0.02394165036 2
0 0.815 -0.455 -0.02225513407 2
0 0.815 -0.445 -0.02089636755 2
0 0.815 -0.435 -0.01957920942 2
0 0.815 -0.425 -0.01838567471 2
0 0.815 -0.415 -0.01728031294 2
0 0.815 -0.405 -0.01627024203 2
0 0.815 -0.395 -0.01535583204 2
0 0.815 -0.385 -0.01454918402 2
0 0.815 -0.375 -0.01386964512 2
0 0.815 -0.365 -0.01334491246 2
0 0.815 -0.355 -0.01300456991 2
0 0.815 -0.345 -0.01287378377 2
0 0.815 -0.335 -0.01295973355 2
0 0.815 -0.325 -0.01325064268 2
0 0.815 -0.315 -0.01371128367 2
0 0.815 -0.305 -0.0142916864 2
0 0.815 -0.295 -0.0149386979 2
0 0.815 -0.285 -0.01560417935 2
0 0.815 -0.275 -0.01625299441 2
0 0.815 -0.265 -0.01686423577 2
0 0.815 -0.255 -0.01742825617 2
0 0.815 -0.245 -0.01794405517 2
0 0.815 -0.235 -0.0184171906 2
0 0.815 -0.225 -0.01885696163 2
0 0.815 -0.215 -0.01927400887 2
0 0.815 -0.205 -0.0196781082 2
0 0.815 -0.195 -0.0200772017 2
0 0.815 -0.185 -0.0204769994 2
0 0.815 -0.175 -0.02088127661 2
0 0.815 -0.165 -0.02129228583 2
0 0.815 -0.155 -0.02171128478 2
0 0.815 -0.145 -0.02213892637 2
0 0.815 -0.135 -0.0225754306 2
0 0.815 -0.125 -0.02302057164 2
0 0.815 -0.115 -0.02347306245 2
0 0.815 -0.105 -0.02393048915 2
0 0.815 -0.095 -0.0243860209 2
0 0.815 -0.085 -0.02483418378 2
0 0.815 -0.075 -0.02524907696 2
0 0.815 -0.065 -0.02565442413 2
0 0.815 -0.055 -0.02595315346 2
0 0.815 -0.045 -0.02653361682 2
0 0.815 -0.035 -0.0275825444 2
0 0.815 -0.025 -0.02901650598 2
0 0.815 -0.015 -0.03087812826 2
0 0.815 -0.005 -0.03209332113 2
0 0.815 0.005 -0.03248542382 1
0 0.815 0.015 -0.032208219 1
0 0.815 0.025 -0.03136073424 1
0 0.815 0.035 -0.0306703496 1
0 0.815 0.045 -0.03017770848 1
0 0.815 0.055 -0.02976409194 1
0 0.815 0.065 -0.02886435503 1
0 0.815 0.075 -0.02770124552 2
0 0.815 0.085 -0.02618591222 2
0 0.815 0.095 -0.02456631019 2
0 0.815 0.105 -0.02360374069 2
0 0.815 0.115 -0.02311226503 2
0 0.815 0.125 -0.02304369704 2
0 0.815 0.135 -0.02306796075 2
0 0.815 0.145 -0.02296072949 2
0 0.815 0.155 -0.02273710918 2
0 0.815 0.165 -0.02237269631 2
0 0.815 0.175 -0.02188931086 2
0 0.815 0.185 -0.02130824184 2
0 0.815 0.195 -0.02066002672 2
0 0.815 0.205 -0.01997260851 2
0 0.815 0.215 -0.01926873359 2
0 0.815 0.225 -0.01856121525 2
0 0.815 0.235 -0.01785289112 2
0 0.815 0.245 -0.01713885811 2
0 0.815 0.255 -0.01641223535 2
0 0.815 0.265 -0.01566998767 2
0 0.815 0.275 -0.01491904446 2
0 0.815 0.285 -0.01417833976 2
0 0.815 0.295 -0.01347823292 2
0 0.815 0.305 -0.01285472797 2
0 0.815 0.315 -0.01234274212 2
0 0.815 0.325 -0.01196965145 2
0 0.815 0.335 -0.0117501708 2
0 0.815 0.345 -0.01168705134 2
0 0.815 0.355 -0.01177192379 2
0 0.815 0.365 -0.01199001395 2
0 0.815 0.375 -0.01232340389 2
0 0.815 0.385 -0.01275505966 2
0 0.815 0.395 -0.0132713436 2
0 0.815 0.405 -0.01386554705 2
0 0.815 0.415 -0.01453879057 2
0 0.815 0.425 -0.01530680624 2
0 0.815 0.435 -0.01618455465 2
0 0.815 0.445 -0.0172296995 2
0 0.815 0.455 -0.01839240514 2
0 0.815 0.465 -0.0199514199 2
0 0.815 0.475 -0.02114694979 2
0 0.815 0.485 -0.02435902667 2
0 0.815 0.495 -0.02232179849 2
0 0.815 0.505 -0.01536615045 2
0 0.815 0.515 -0.0060441627 2
0 0.815 0.525 0 2
0 0.815 0.535 0 2
0 0.815 0.545 0 2
0 0.815 0.555 0 2
0 0.815 0.565 0 2
0 0.825 -0.555 0 2
0 0.825 -0.545 0 2
0 0.825 -0.535 0 2
0 0.825 -0.525 0 2
0 0.825 -0.515 -0.007226272137 2
0 0.825 -0.505 -0.01831850439 2
0 0.825 -0.495 -0.02689764667 2
0 0.825 -0.485 -0.02959786942 2
0 0.825 -0.475 -0.02615213913 2
0 0.825 -0.465 -0.02491126185 2
0 0.825 -0.455 -0.02313211652 2
0 0.825 -0.445 -0.02169517699 2
0 0.825 -0.435 -0.02029851124 2
0 0.825 -0.425 -0.01902436941 2
0 0.825 -0.415 -0.01783146344 2
0 0.825 -0.405 -0.01672274234 2
0 0.825 -0.395 -0.01569547335 2
0 0.825 -0.385 -0.0147627607 2
0 0.825 -0.375 -0.01395173922 2
0 0.825 -0.365 -0.01330619297 2
0 0.825 -0.355 -0.01287544479 2
0 0.825 -0.345 -0.01271017974 2
0 0.825 -0.335 -0.01283087137 2
0 0.825 -0.325 -0.0132287046 2
0 0.825 -0.315 -0.01384744072 2
0 0.825 -0.305 -0.01460536028 2
0 0.825 -0.295 -0.01542233545 2
0 0.825 -0.285 -0.01623043344 2
0 0.825 -0.275 -0.01698501626 2
0 0.825 -0.265 -0.01766463367 2
0 0.825 -0.255 -0.01826464084 2
0 0.825 -0.245 -0.01879086092 2
0 0.825 -0.235 -0.01925699672 2
0 0.825 -0.225 -0.01968001239 2
0 0.825 -0.215 -0.02007687544 2
0 0.825 -0.205 -0.02046144012 2
0 0.825 -0.195 -0.02084418637 2
0 0.825 -0.185 -0.0212314753 2
0 0.825 -0.175 -0.02162658607 2
0 0.825 -0.165 -0.02203065169 2
0 0.825 -0.155 -0.02244362106 2
0 0.825 -0.145 -0.02286484593 2
0 0.825 -0.135 -0.02329332125 2
0 0.825 -0.125 -0.02372760136 2
0 0.825 -0.115 -0.02416484503 2
0 0.825 -0.105 -0.02460014868 2
0 0.825 -0.095 -0.02502128291 2
0 0.825 -0.085 -0.02541292098 2
0 0.825 -0.075 -0.02572117881 2
0 0.825 -0.065 -0.02593629517 2
0 0.825 -0.055 -0.02576720173 2
0 0.825 -0.045 -0.02562161336 2
0 0.825 -0.035 -0.02569901142 2
0 0.825 -0.025 -0.02654707109 2
0 0.825 -0.015 -0.02771441053 1
0 0.825 -0.005 -0.02858404049 1
0 0.825 0.005 -0.02832186034 1
0 0.825 0.015 -0.02764305856 1
0 0.825 0.025 -0.02673354963 1
0 0.825 0.035 -0.02610781623 1
0 0.825 0.045 -0.02560800666 1
0 0.825 0.055 -0.02539527051 1
0 0.825 0.065 -0.02506308196 1
0 0.825 0.075 -0.02438289245 1
0 0.825 0.085 -0.02357361906 2
0 0.825 0.095 -0.02251939237 2
0 0.825 0.105 -0.02230529772 2
0 0.825 0.115 -0.02255898988 2
0 0.825 0.125 -0.02311781455 2
0 0.825 0.135 -0.02361909813 2
0 0.825 0.145 -0.02376534754 2
0 0.825 0.155 -0.02368277916 2
0 0.825 0.165 -0.02336527747 2
0 0.825 0.175 -0.02286581432 2
0 0.825 0.185 -0.02222760893 2
0 0.825 0.195 -0.02150549149 2
0 0.825 0.205 -0.02074593241 2
0 0.825 0.215 -0.01998530183 2
0 0.825 0.225 -0.01924124613 2
0 0.825 0.235 -0.01851248661 2
0 0.825 0.245 -0.01778165726 2
0 0.825 0.255 -0.01702624587 2
0 0.825 0.265 -0.01622855044 2
0 0.825 0.275 -0.01538950812 2
0 0.825 0.285 -0.01453255795 2
0 0.825 0.295 -0.01370415618 2
0 0.825 0.305 -0.01296119893 2
0 0.825 0.315 -0.01235818116 2
0 0.825 0.325 -0.01193560346 2
0 0.825 0.335 -0.01170999214 2
0 0.825 0.345 -0.01167918718 2
0 0.825 0.355 -0.01182338843 2
0 0.825 0.365 -0.01211621977 2
0 0.825 0.375 -0.01252827873 2
0 0.825 0.385 -0.01303303765 2
0 0.825 0.395 -0.01360848744 2
0 0.825 0.405 -0.01424090844 2
0 0.825 0.415 -0.01492713245 2
0 0.825 0.425 -0.01568474296 2
0 0.825 0.435 -0.01653838173 2
0 0.825 0.445 -0.01756538119 2
0 0.825 0.455 -0.01873372416 2
0 0.825 0.465 -0.02034973354 2
0 0.825 0.475 -0.02162749192 2
0 0.825 0.485 -0.02502347512 2
0 0.825 0.495 -0.02298866483 2
0 0.825 0.505 -0.01585745027 2
0 0.825 0.515 -0.006239841515 2
0 0.825 0.525 0 2
0 0.825 0.535 0 2
0 0.825 0.545 0 2
0 0.825 0.555 0 2
0 0.825 0.565 0 2
0 0.835 -0.555 0 2
0 0.835 -0.545 0 2
0 0.835 -0.535 0 2
0 0.835 -0.525 0 2
0 0.835 -0.515 -0.007480156011 2
0 0.835 -0.505 -0.01896538222 2
0 0.835 -0.495 -0.02782682229 2
0 0.835 -0.485 -0.03060212794 2
0 0.835 -0.475 -0.02700482187 2
0 0.835 -0.465 -0.02570106098 2
0 0.835 -0.455 -0.02384225173 2
0 0.835 -0.445 -0.02234004278 2
0 0.835 -0.435 -0.02087789473 2
0 0.835 -0.425 -0.01953640196 2
0 0.835 -0.415 -0.01826619126 2
0 0.835 -0.405 -0.0170619959 2
0 0.835 -0.395 -0.01591473254 2
0 0.835 -0.385 -0.01483612565 2
0 0.835 -0.375 -0.0138538671 2
0 0.835 -0.365 -0.01302089584 2
0 0.835 -0.355 -0.01242386495 2
0 0.835 -0.345 -0.01218257762 2
0 0.835 -0.335 -0.01234859049 2
0 0.835 -0.325 -0.01293700174 2
0 0.835 -0.315 -0.01383611706 2
0 0.835 -0.305 -0.01487854417 2
0 0.835 -0.295 -0.01593317509 2
0 0.835 -0.285 -0.01690880643 2
0 0.835 -0.275 -0.01778223607 2
0 0.835 -0.265 -0.0185435131 2
0 0.835 -0.255 -0.01917916043 2
0 0.835 -0.245 -0.01970447324 2
0 0.835 -0.235 -0.02014696435 2
0 0.835 -0.225 -0.02053670364 2
0 0.835 -0.215 -0.02090118278 2
0 0.835 -0.205 -0.02125886537 2
0 0.835 -0.195 -0.02162221097 2
0 0.835 -0.185 -0.02199690849 2
0 0.835 -0.175 -0.02238469354 2
0 0.835 -0.165 -0.02278462494 2
0 0.835 -0.155 -0.02319469449 2
0 0.835 -0.145 -0.02361267434 2
0 0.835 -0.135 -0.02403643149 2
0 0.835 -0.125 -0.0244638886 2
0 0.835 -0.115 -0.02489196225 2
0 0.835 -0.105 -0.02531557792 2
0 0.835 -0.095 -0.02572122945 2
0 0.835 -0.085 -0.02608980396 2
0 0.835 -0.075 -0.02635231083 2
0 0.835 -0.065 -0.02647656732 2
0 0.835 -0.055 -0.02603965858 2
0 0.835 -0.045 -0.0254699113 2
0 0.835 -0.035 -0.02488855652 2
0 0.835 -0.025 -0.02524784046 2
0 0.835 -0.015 -0.02568056396 1
0 0.835 -0.005 -0.02658575141 1
0 0.835 0.005 -0.02671221805 1
0 0.835 0.015 -0.02619603351 1
0 0.835 0.025 -0.02533534037 1
0 0.835 0.035 -0.02459384771 1
0 0.835 0.045 -0.02384682037 1
0 0.835 0.055 -0.02327686656 1
0 0.835 0.065 -0.02274338461 1
0 0.835 0.075 -0.02192925232 1
0 0.835 0.085 -0.0213529112 1
0 0.835 0.095 -0.02089910112 2
0 0.835 0.105 -0.0212258254 2
0 0.835 0.115 -0.02228105133 2
0 0.835 0.125 -0.02350457264 2
0 0.835 0.135 -0.02448698336 2
0 0.835 0.145 -0.02486783459 2
0 0.835 0.155 -0.02489804034 2
0 0.835 0.165 -0.02458326961 2
0 0.835 0.175 -0.02401151779 2
0 0.835 0.185 -0.02325270505 2
0 0.835 0.195 -0.02239902805 2
0 0.835 0.205 -0.02152406318 2
0 0.835 0.215 -0.02068535939 2
0 0.835 0.225 -0.01990547813 2
0 0.835 0.235 -0.01917245543 2
0 0.835 0.245 -0.01844642109 2
0 0.835 0.255 -0.01767838093 2
0 0.835 0.265 -0.01682340372 2
0 0.835 0.275 -0.01587069534 2
0 0.835 0.285 -0.01484965695 2
0 0.835 0.295 -0.01383422779 2
0 0.835 0.305 -0.01291553694 2
0 0.835 0.315 -0.01217940533 2
0 0.835 0.325 -0.01168733389 2
0 0.835 0.335 -0.01145520126 2
0 0.835 0.345 -0.01147237003 2
0 0.835 0.355 -0.01169955654 2
0 0.835 0.365 -0.01209464247 2
0 0.835 0.375 -0.01261168353 2
0 0.835 0.385 -0.01321125633 2
0 0.835 0.395 -0.01386002253 2
0 0.835 0.405 -0.01453348875 2
0 0.835 0.415 -0.01521973014 2
0 0.835 0.425 -0.01593483323 2
0 0.835 0.435 -0.0167145896 2
0 0.835 0.445 -0.01766594515 2
0 0.835 0.455 -0.01879061226 2
0 0.835 0.465 -0.02044087214 2
0 0.835 0.475 -0.02181275522 2
0 0.835 0.485 -0.02540695517 2
0 0.835 0.495 -0.0234361716 2
0 0.835 0.505 -0.01620820788 2
0 0.835 0.515 -0.006385832345 2
0 0.835 0.525 0 2
0 0.835 0.535 0 2
0 0.835 0.545 0 2
0 0.835 0.555 0 2
0 0.835 0.565 0 2
0 0.845 -0.555 0 2
0 0.845 -0.545 0 2
0 0.845 -0.535 0 2
0 0.845 -0.525 0 2
0 0.845 -0.515 -0.007681651207 2
0 0.845 -0.505 -0.01948089385 2
0 0.845 -0.495 -0.02855805888 2
0 0.845 -0.485 -0.03138560743 2
0 0.845 -0.475 -0.02765676443 2
0 0.845 -0.465 -0.02629909079 2
0 0.845 -0.455 -0.02437614765 2
0 0.845 -0.445 -0.02282503095 2
0 0.845 -0.435 -0.02131636423 2
0 0.845 -0.425 -0.01992780995 2
0 0.845 -0.415 -0.01860007913 2
0 0.845 -0.405 -0.01731498765 2
0 0.845 -0.395 -0.01604651496 2
0 0.845 -0.385 -0.01478346372 2
0 0.845 -0.375 -0.01356124205 2
0 0.845 -0.365 -0.01246451352 2
0 0.845 -0.355 -0.01163366212 2
0 0.845 -0.345 -0.01128482969 2
0 0.845 -0.335 -0.01147548177 2
0 0.845 -0.325 -0.0123288217 2
0 0.845 -0.315 -0.01363806998 2
0 0.845 -0.305 -0.01508192888 2
0 0.845 -0.295 -0.01649442758 2
0 0.845 -0.285 -0.01772135299 2
0 0.845 -0.275 -0.01874160984 2
0 0.845 -0.265 -0.01957206513 2
0 0.845 -0.255 -0.02020671555 2
0 0.845 -0.245 -0.02069392405 2
0 0.845 -0.235 -0.02109120408 2
0 0.845 -0.225 -0.02142567613 2
0 0.845 -0.215 -0.02174110268 2
0 0.845 -0.205 -0.02206297036 2
0 0.845 -0.195 -0.02240491817 2
0 0.845 -0.185 -0.02276925688 2
0 0.845 -0.175 -0.02315396338 2
0 0.845 -0.165 -0.02355476816 2
0 0.845 -0.155 -0.02396684811 2
0 0.845 -0.145 -0.02438603755 2
0 0.845 -0.135 -0.02480913332 2
0 0.845 -0.125 -0.02523403816 2
0 0.845 -0.115 -0.02565892625 2
0 0.845 -0.105 -0.02608145222 2
0 0.845 -0.095 -0.02649263146 2
0 0.845 -0.085 -0.02687905008 2
0 0.845 -0.075 -0.02717806226 2
0 0.845 -0.065 -0.02735665568 2
0 0.845 -0.055 -0.02697283983 2
0 0.845 -0.045 -0.02641096176 2
0 0.845 -0.035 -0.02583811716 2
0 0.845 -0.025 -0.02623480978 2
0 0.845 -0.015 -0.02679617427 1
0 0.845 -0.005 -0.02797115157 1
0 0.845 0.005 -0.02836376957 1
0 0.845 0.015 -0.02780992193 1
0 0.845 0.025 -0.02668199792 1
0 0.845 0.035 -0.02551161532 1
0 0.845 0.045 -0.02433042707 1
0 0.845 0.055 -0.02334871154 1
0 0.845 0.065 -0.02242767528 1
0 0.845 0.075 -0.02129587181 1
0 0.845 0.085 -0.0204117039 1
0 0.845 0.095 -0.02051795423 2
0 0.845 0.105 -0.02128337363 2
0 0.845 0.115 -0.02291273342 2
0 0.845 0.125 -0.02450842462 2
0 0.845 0.135 -0.02580491968 2
0 0.845 0.145 -0.02635400453 2
0 0.845 0.155 -0.02644800718 2
0 0.845 0.165 -0.02606989128 2
0 0.845 0.175 -0.02534659022 2
0 0.845 0.185 -0.02437796718 2
0 0.845 0.195 -0.02331703662 2
0 0.845 0.205 -0.02227105737 2
0 0.845 0.215 -0.02132578811 2
0 0.845 0.225 -0.02050983321 2
0 0.845 0.235 -0.01982044914 2
0 0.845 0.245 -0.01918298917 2
0 0.845 0.255 -0.01848626135 2
0 0.845 0.265 -0.01760918813 2
0 0.845 0.275 -0.01650496192 2
0 0.845 0.285 -0.01520055772 2
0 0.845 0.295 -0.01384126366 2
0 0.845 0.305 -0.0126051947 2
0 0.845 0.315 -0.01165495753 2
0 0.845 0.325 -0.01109249494 2
0 0.845 0.335 -0.01089332101 2
0 0.845 0.345 -0.0110213531 2
0 0.845 0.355 -0.01138964553 2
0 0.845 0.365 -0.01193069498 2
0 0.845 0.375 -0.01258474609 2
0 0.845 0.385 -0.01330866871 2
0 0.845 0.395 -0.01405546532 2
0 0.845 0.405 -0.01478507019 2
0 0.845 0.415 -0.01546751107 2
0 0.845 0.425 -0.01609005854 2
0 0.845 0.435 -0.01668891403 2
0 0.845 0.445 -0.01742105879 2
0 0.845 0.455 -0.01836040883 2
0 0.845 0.465 -0.01999828882 2
0 0.845 0.475 -0.02153277212 2
0 0.845 0.485 -0.02546658512 2
0 0.845 0.495 -0.02372697995 2
0 0.845 0.505 -0.01649259022 2
0 0.845 0.515 -0.006524368508 2
0 0.845 0.525 0 2
0 0.845 0.535 0 2
0 0.845 0.545 0 2
0 0.845 0.555 0 2
0 0.845 0.565 0 2
0 0.855 -0.555 0 1
0 0.855 -0.545 0 1
0 0.855 -0.535 0 2
0 0.855 -0.525 0 2
0 0.855 -0.515 -0.007826352808 2
0 0.855 -0.505 -0.01985399067 2
0 0.855 -0.495 -0.02907498188 2
0 0.855 -0.485 -0.03193040726 2
0 0.855 -0.475 -0.02809241322 2
0 0.855 -0.465 -0.02669132866 2
0 0.855 -0.455 -0.02472225223 2
0 0.855 -0.445 -0.02314194944 2
0 0.855 -0.435 -0.0216108772 2
0 0.855 -0.425 -0.02020424104 2
0 0.855 -0.415 -0.01885213643 2
0 0.855 -0.405 -0.01751471459 2
0 0.855 -0.395 -0.01613896968 2
0 0.855 -0.385 -0.01467529654 2
0 0.855 -0.375 -0.01319715077 2
0 0.855 -0.365 -0.01180888554 2
0 0.855 -0.355 -0.01069356947 2
0 0.855 -0.345 -0.01021846804 2
0 0.855 -0.335 -0.0104391109 2
0 0.855 -0.325 -0.01153577339 2
0 0.855 -0.315 -0.01326612415 2
0 0.855 -0.305 -0.01516885569 2
0 0.855 -0.295 -0.0169928597 2
0 0.855 -0.285 -0.01855787493 2
0 0.855 -0.275 -0.01981988394 2
0 0.855 -0.265 -0.02078746728 2
0 0.855 -0.255 -0.02142182877 2
0 0.855 -0.245 -0.02181061744 2
0 0.855 -0.235 -0.02209587908 2
0 0.855 -0.225 -0.0223287837 2
0 0.855 -0.215 -0.02257979161 2
0 0.855 -0.205 -0.02285978469 2
0 0.855 -0.195 -0.02318210636 2
0 0.855 -0.185 -0.02354267582 2
0 0.855 -0.175 -0.02393224251 2
0 0.855 -0.165 -0.02434187684 2
0 0.855 -0.155 -0.02476301718 2
0 0.855 -0.145 -0.02518914669 2
0 0.855 -0.135 -0.02561592013 2
0 0.855 -0.125 -0.02604159046 2
0 0.855 -0.115 -0.02646679033 2
0 0.855 -0.105 -0.02689471629 2
0 0.855 -0.095 -0.02732693802 2
0 0.855 -0.085 -0.02776585078 2
0 0.855 -0.075 -0.02817786764 2
0 0.855 -0.065 -0.02856457656 2
0 0.855 -0.055 -0.02862431087 2
0 0.855 -0.045 -0.02865930354 2
0 0.855 -0.035 -0.02890551607 2
0 0.855 -0.025 -0.03001232745 2
0 0.855 -0.015 -0.03138501019 1
0 0.855 -0.005 -0.03247109907 1
0 0.855 0.005 -0.03257715806 1
0 0.855 0.015 -0.03154426672 1
0 0.855 0.025 -0.02985332288 1
0 0.855 0.035 -0.02826182309 1
0 0.855 0.045 -0.02666615377 1
0 0.855 0.055 -0.02537790852 1
0 0.855 0.065 -0.02413349603 1
0 0.855 0.075 -0.02288908007 1
0 0.855 0.085 -0.02186294445 1
0 0.855 0.095 -0.02202033111 2
0 0.855 0.105 -0.02278619482 2
0 0.855 0.115 -0.02454088997 2
0 0.855 0.125 -0.02624707726 2
0 0.855 0.135 -0.0277637192 2
0 0.855 0.145 -0.02849741041 2
0 0.855 0.155 -0.02865187245 2
0 0.855 0.165 -0.0280855307 2
0 0.855 0.175 -0.02702873991 2
0 0.855 0.185 -0.02562526824 2
0 0.855 0.195 -0.02419506043 2
0 0.855 0.205 -0.0228873021 2
0 0.855 0.215 -0.02180724356 2
0 0.855 0.225 -0.02098890763 2
0 0.855 0.235 -0.02041353531 2
0 0.855 0.245 -0.01994211666 2
0 0.855 0.255 -0.01935633876 2
0 0.855 0.265 -0.01845415159 2
0 0.855 0.275 -0.01714824596 2
0 0.855 0.285 -0.01549154555 2
0 0.855 0.295 -0.01374114005 2
0 0.855 0.305 -0.01213323662 2
0 0.855 0.315 -0.01090156442 2
0 0.855 0.325 -0.01023041224 2
0 0.855 0.335 -0.0100374067 2
0 0.855 0.345 -0.01029253316 2
0 0.855 0.355 -0.01085243811 2
0 0.855 0.365 -0.01160925872 2
0 0.855 0.375 -0.01246091062 2
0 0.855 0.385 -0.01335060116 2
0 0.855 0.395 -0.01422892465 2
0 0.855 0.405 -0.01504801639 2
0 0.855 0.415 -0.01574733311 2
0 0.855 0.425 -0.01625556891 2
0 0.855 0.435 -0.01660838407 2
0 0.855 0.445 -0.01700263193 2
0 0.855 0.455 -0.01763076235 2
0 0.855 0.465 -0.01921279826 2
0 0.855 0.475 -0.02092339396 2
0 0.855 0.485 -0.02531242823 2
0 0.855 0.495 -0.02393098729 2
0 0.855 0.505 -0.01677104322 2
0 0.855 0.515 -0.006677456346 2
0 0.855 0.525 0 2
0 0.855 0.535 0 2
0 0.855 0.545 0 2
0 0.855 0.555 0 2
0 0.855 0.565 0 2
0 0.865 -0.555 0 1
0 0.865 -0.545 0 1
0 0.865 -0.535 0 2
0 0.865 -0.525 0 2
0 0.865 -0.515 -0.00790919178 2
0 0.865 -0.505 -0.02007185819 2
0 0.865 -0.495 -0.0293588043 2
0 0.865 -0.485 -0.03221600181 2
0 0.865 -0.475 -0.02829392518 2
0 0.865 -0.465 -0.02686124699 2
0 0.865 -0.455 -0.02486603942 2
0 0.865 -0.445 -0.02327876939 2
0 0.865 -0.435 -0.02175347509 2
0 0.865 -0.425 -0.0203657165 2
0 0.865 -0.415 -0.01903624438 2
0 0.865 -0.405 -0.01771219135 2
0 0.865 -0.395 -0.01630705556 2
0 0.865 -0.385 -0.01470771336 2
0 0.865 -0.375 -0.01299088692 2
0 0.865 -0.365 -0.0112445829 2
0 0.865 -0.355 -0.009846615496 2
0 0.865 -0.345 -0.00926293593 2
0 0.865 -0.335 -0.009614637992 2
0 0.865 -0.325 -0.01086980949 2
0 0.865 -0.315 -0.01275195278 2
0 0.865 -0.305 -0.0149375728 2
0 0.865 -0.295 -0.01711737782 2
0 0.865 -0.285 -0.01912676276 2
0 0.865 -0.275 -0.0208167892 2
0 0.865 -0.265 -0.02204013452 2
0 0.865 -0.255 -0.02272714018 2
0 0.865 -0.245 -0.02302876723 2
0 0.865 -0.235 -0.0231562028 2
0 0.865 -0.225 -0.02322991934 2
0 0.865 -0.215 -0.02338563555 2
0 0.865 -0.205 -0.02362797766 2
0 0.865 -0.195 -0.02394029054 2
0 0.865 -0.185 -0.02431030537 2
0 0.865 -0.175 -0.02471768699 2
0 0.865 -0.165 -0.02514777532 2
0 0.865 -0.155 -0.02558755111 2
0 0.865 -0.145 -0.02602774484 2
0 0.865 -0.135 -0.02646257615 2
0 0.865 -0.125 -0.02689046611 2
0 0.865 -0.115 -0.02731483114 2
0 0.865 -0.105 -0.02774535147 2
0 0.865 -0.095 -0.02819735022 2
0 0.865 -0.085 -0.02869611964 2
0 0.865 -0.075 -0.02926114369 2
0 0.865 -0.065 -0.02994907424 2
0 0.865 -0.055 -0.03070176839 2
0 0.865 -0.045 -0.03172332284 2
0 0.865 -0.035 -0.0331232014 2
0 0.865 -0.025 -0.03495766309 2
0 0.865 -0.015 -0.03691375542 2
0 0.865 -0.005 -0.03784511946 1
0 0.865 0.005 -0.03751367245 1
0 0.865 0.015 -0.03607392997 1
0 0.865 0.025 -0.03406827289 1
0 0.865 0.035 -0.03246447415 1
0 0.865 0.045 -0.03089455256 1
0 0.865 0.055 -0.02953991354 1
0 0.865 0.065 -0.02804803438 1
0 0.865 0.075 -0.02675262025 1
0 0.865 0.085 -0.02546788274 1
0 0.865 0.095 -0.02504278941 2
0 0.865 0.105 -0.02553094271 2
0 0.865 0.115 -0.02701064246 2
0 0.865 0.125 -0.02861761276 2
0 0.865 0.135 -0.03018183685 2
0 0.865 0.145 -0.03096001993 2
0 0.865 0.155 -0.03111129532 2
0 0.865 0.165 -0.03026444227 2
0 0.865 0.175 -0.02881790014 2
0 0.865 0.185 -0.02689185267 2
0 0.865 0.195 -0.02502346585 2
0 0.865 0.205 -0.02336250184 2
0 0.865 0.215 -0.02204927302 2
0 0.865 0.225 -0.02120592193 2
0 0.865 0.235 -0.02075896648 2
0 0.865 0.245 -0.02051190666 2
0 0.865 0.255 -0.02005989471 2
0 0.865 0.265 -0.01906431414 2
0 0.865 0.275 -0.01749850813 2
0 0.865 0.285 -0.01551780989 2
0 0.865 0.295 -0.01342021079 2
0 0.865 0.305 -0.01152255774 2
0 0.865 0.315 -0.01009248855 2
0 0.865 0.325 -0.009310226763 2
0 0.865 0.335 -0.009071970751 2
0 0.865 0.345 -0.00944091711 2
0 0.865 0.355 -0.01018737528 2
0 0.865 0.365 -0.01117398615 2
0 0.865 0.375 -0.01226525157 2
0 0.865 0.385 -0.01336220575 2
0 0.865 0.395 -0.0144118824 2
0 0.865 0.405 -0.0153850653 2
0 0.865 0.415 -0.0161862829 2
0 0.865 0.425 -0.0166499426 2
0 0.865 0.435 -0.01675816016 2
0 0.865 0.445 -0.01665774562 2
0 0.865 0.455 -0.01682123388 2
0 0.865 0.465 -0.0181541982 2
0 0.865 0.475 -0.01992182323 2
0 0.865 0.485 -0.02493507795 2
0 0.865 0.495 -0.02405444922 2
0 0.865 0.505 -0.01716131636 2
0 0.865 0.515 -0.006906671751 2
0 0.865 0.525 0 2
0 0.865 0.535 0 2
0 0.865 0.545 0 2
0 0.865 0.555 0 2
0 0.865 0.565 0 2
0 0.875 -0.555 0 1
0 0.875 -0.545 0 1
0 0.875 -0.535 0 2
0 0.875 -0.525 0 2
0 0.875 -0.515 -0.007924401648 2
0 0.875 -0.505 -0.02011981991 2
0 0.875 -0.495 -0.02938824819 2
0 0.875 -0.485 -0.03221919848 2
0 0.875 -0.475 -0.02824118003 2
0 0.875 -0.465 -0.02678973648 2
0 0.875 -0.455 -0.02478963504 2
0 0.875 -0.445 -0.02321852145 2
0 0.875 -0.435 -0.02172868228 2
0 0.875 -0.425 -0.02040087567 2
0 0.875 -0.415 -0.01915086466 2
0 0.875 -0.405 -0.0179434269 2
0 0.875 -0.395 -0.01662788895 2
0 0.875 -0.385 -0.01497446817 2
0 0.875 -0.375 -0.01306271938 2
0 0.875 -0.365 -0.01099184346 2
0 0.875 -0.355 -0.009469363387 2
0 0.875 -0.345 -0.008647080159 2
0 0.875 -0.335 -0.009029466072 1
0 0.875 -0.325 -0.01045942698 1
0 0.875 -0.315 -0.0124186292 2
0 0.875 -0.305 -0.01456065305 2
0 0.875 -0.295 -0.01674659456 2
0 0.875 -0.285 -0.01904961309 2
0 0.875 -0.275 -0.02120210935 2
0 0.875 -0.265 -0.02288094107 2
0 0.875 -0.255 -0.02383925572 2
0 0.875 -0.245 -0.02416157453 2
0 0.875 -0.235 -0.02414173283 2
0 0.875 -0.225 -0.02405759562 2
0 0.875 -0.215 -0.02411131501 2
0 0.875 -0.205 -0.0243392486 2
0 0.875 -0.195 -0.02466440545 2
0 0.875 -0.185 -0.02506582418 2
0 0.875 -0.175 -0.02551000344 2
0 0.875 -0.165 -0.02597633118 2
0 0.875 -0.155 -0.02644718859 2
0 0.875 -0.145 -0.02691028252 2
0 0.875 -0.135 -0.0273578379 2
0 0.875 -0.125 -0.02778754707 2
0 0.875 -0.115 -0.02820481771 2
0 0.875 -0.105 -0.02862417319 2
0 0.875 -0.095 -0.02907490246 2
0 0.875 -0.085 -0.02961288972 2
0 0.875 -0.075 -0.03031233231 2
0 0.875 -0.065 -0.03127768206 2
0 0.875 -0.055 -0.0326158571 2
0 0.875 -0.045 -0.03440120814 2
0 0.875 -0.035 -0.03670391704 2
0 0.875 -0.025 -0.03900182897 2
0 0.875 -0.015 -0.04089818657 2
0 0.875 -0.005 -0.04147991122 2
0 0.875 0.005 -0.04095863622 1
0 0.875 0.015 -0.04000516825 1
0 0.875 0.025 -0.03881709795 1
0 0.875 0.035 -0.03774105499 1
0 0.875 0.045 -0.03671841177 1
0 0.875 0.055 -0.03546123571 1
0 0.875 0.065 -0.03353051114 1
0 0.875 0.075 -0.03140076541 2
0 0.875 0.085 -0.02965965632 2
0 0.875 0.095 -0.02858816779 2
0 0.875 0.105 -0.02868061409 2
0 0.875 0.115 -0.02957057242 2
0 0.875 0.125 -0.03080016613 2
0 0.875 0.135 -0.03221024626 2
0 0.875 0.145 -0.03272200842 2
0 0.875 0.155 -0.03260627247 2
0 0.875 0.165 -0.03140537523 2
0 0.875 0.175 -0.02969339625 2
0 0.875 0.185 -0.02749982554 2
0 0.875 0.195 -0.02536928314 2
0 0.875 0.205 -0.02345143105 2
0 0.875 0.215 -0.02188328815 2
0 0.875 0.225 -0.02096870865 2
0 0.875 0.235 -0.02058298085 2
0 0.875 0.245 -0.02048459575 2
0 0.875 0.255 -0.02007738039 2
0 0.875 0.265 -0.01898767743 2
0 0.875 0.275 -0.01726932995 2
0 0.875 0.285 -0.01519525486 2
0 0.875 0.295 -0.01300357488 2
0 0.875 0.305 -0.01103764457 2
0 0.875 0.315 -0.009504889022 2
0 0.875 0.325 -0.008553432291 2
0 0.875 0.335 -0.008227165908 2
0 0.875 0.345 -0.008641660293 2
0 0.875 0.355 -0.009540351342 2
0 0.875 0.365 -0.01073479533 2
0 0.875 0.375 -0.01204458369 2
0 0.875 0.385 -0.01335660816 2
0 0.875 0.395 -0.01460819025 2
0 0.875 0.405 -0.01582180366 2
0 0.875 0.415 -0.01682913535 2
0 0.875 0.425 -0.01732437172 2
0 0.875 0.435 -0.01716886602 2
0 0.875 0.445 -0.0164709985 2
0 0.875 0.455 -0.01624964618 2
0 0.875 0.465 -0.01729983689 2
0 0.875 0.475 -0.01905872734 2
0 0.875 0.485 -0.02447241862 2
0 0.875 0.495 -0.02393383557 2
0 0.875 0.505 -0.01736432462 2
0 0.875 0.515 -0.007033408353 2
0 0.875 0.525 0 2
0 0.875 0.535 0 2
0 0.875 0.545 0 2
0 0.875 0.555 0 2
0 0.875 0.565 0 2
0 0.885 -0.555 0 1
0 0.885 -0.545 0 1
0 0.885 -0.535 0 2
0 0.885 -0.525 0 2
0 0.885 -0.515 -0.007865533477 2
0 0.885 -0.505 -0.01998139617 2
0 0.885 -0.495 -0.02913967995 2
0 0.885 -0.485 -0.03191438674 2
0 0.885 -0.475 -0.02791213873 2
0 0.885 -0.465 -0.02645552088 2
0 0.885 -0.455 -0.02447211655 2
0 0.885 -0.445 -0.02293908479 2
0 0.885 -0.435 -0.02151190799 2
0 0.885 -0.425 -0.02028126936 2
0 0.885 -0.415 -0.01916469925 2
0 0.885 -0.405 -0.01817705566 2
0 0.885 -0.395 -0.01708669922 2
0 0.885 -0.385 -0.01556056084 2
0 0.885 -0.375 -0.01355275165 2
0 0.885 -0.365 -0.01106799038 2
0 0.885 -0.355 -0.009299618581 1
0 0.885 -0.345 -0.008493184728 1
0 0.885 -0.335 -0.009093782838 1
0 0.885 -0.325 -0.01032946785 1
0 0.885 -0.315 -0.01177932804 1
0 0.885 -0.305 -0.01361616262 1
0 0.885 -0.295 -0.01589576552 1
0 0.885 -0.285 -0.01849262259 2
0 0.885 -0.275 -0.02088112058 2
0 0.885 -0.265 -0.02293251118 2
0 0.885 -0.255 -0.02431624115 2
0 0.885 -0.245 -0.02490174181 2
0 0.885 -0.235 -0.02487413923 2
0 0.885 -0.225 -0.02471238403 2
0 0.885 -0.215 -0.02470535311 2
0 0.885 -0.205 -0.02496561726 2
0 0.885 -0.195 -0.02534228772 2
0 0.885 -0.185 -0.02580617869 2
0 0.885 -0.175 -0.02631216629 2
0 0.885 -0.165 -0.02683466561 2
0 0.885 -0.155 -0.02735212334 2
0 0.885 -0.145 -0.02784919365 2
0 0.885 -0.135 -0.02831529842 2
0 0.885 -0.125 -0.02874580945 2
0 0.885 -0.115 -0.02914539632 2
0 0.885 -0.105 -0.02952881934 2
0 0.885 -0.095 -0.02993633868 2
0 0.885 -0.085 -0.03042527423 2
0 0.885 -0.075 -0.03111442917 2
0 0.885 -0.065 -0.03217733037 2
0 0.885 -0.055 -0.03374349019 2
0 0.885 -0.045 -0.0357397627 2
0 0.885 -0.035 -0.03789197723 2
0 0.885 -0.025 -0.03959731309 2
0 0.885 -0.015 -0.04120796653 2
0 0.885 -0.005 -0.04198331017 1
0 0.885 0.005 -0.04217413157 1
0 0.885 0.015 -0.0417605723 1
0 0.885 0.025 -0.04160698598 2
0 0.885 0.035 -0.04135487998 2
0 0.885 0.045 -0.04104770064 2
0 0.885 0.055 -0.03988357272 2
0 0.885 0.065 -0.03815166899 2
0 0.885 0.075 -0.03528155603 2
0 0.885 0.085 -0.03304335816 2
0 0.885 0.095 -0.03111066435 2
0 0.885 0.105 -0.03063037759 2
0 0.885 0.115 -0.031032419 2
0 0.885 0.125 -0.0318046653 2
0 0.885 0.135 -0.03278899007 2
0 0.885 0.145 -0.03271810926 2
0 0.885 0.155 -0.0319361671 2
0 0.885 0.165 -0.03039193467 2
0 0.885 0.175 -0.02861332736 2
0 0.885 0.185 -0.02672344002 2
0 0.885 0.195 -0.02472276732 2
0 0.885 0.205 -0.02288481086 2
0 0.885 0.215 -0.02120403773 2
0 0.885 0.225 -0.02014260131 2
0 0.885 0.235 -0.01975458138 2
0 0.885 0.245 -0.0196875543 2
0 0.885 0.255 -0.01935549497 2
0 0.885 0.265 -0.01840015514 2
0 0.885 0.275 -0.01666372581 1
0 0.885 0.285 -0.01455215266 1
0 0.885 0.295 -0.01248574854 1
0 0.885 0.305 -0.01066435562 1
0 0.885 0.315 -0.009177537888 1
0 0.885 0.325 -0.008173412712 2
0 0.885 0.335 -0.007851269819 2
0 0.885 0.345 -0.008169247292 2
0 0.885 0.355 -0.009085898559 2
0 0.885 0.365 -0.01045852116 2
0 0.885 0.375 -0.01193269752 2
0 0.885 0.385 -0.01339238886 2
0 0.885 0.395 -0.01479923124 2
0 0.885 0.405 -0.01627608785 2
0 0.885 0.415 -0.01758843356 2
0 0.885 0.425 -0.01830752724 2
0 0.885 0.435 -0.01806606333 2
0 0.885 0.445 -0.01685429749 2
0 0.885 0.455 -0.01605780665 1
0 0.885 0.465 -0.01657110193 1
0 0.885 0.475 -0.01814698962 1
0 0.885 0.485 -0.02359912691 1
0 0.885 0.495 -0.02341837391 1
0 0.885 0.505 -0.01721168659 2
0 0.885 0.515 -0.006974826425 2
0 0.885 0.525 0 2
0 0.885 0.535 0 2
0 0.885 0.545 0 2
0 0.885 0.555 0 2
0 0.885 0.565 0 2
0 0.895 -0.555 0 1
0 0.895 -0.545 0 1
0 0.895 -0.535 0 2
0 0.895 -0.525 0 2
0 0.895 -0.515 -0.007725500467 2
0 0.895 -0.505 -0.01963849615 2
0 0.895 -0.495 -0.02858744146 2
0 0.895 -0.485 -0.03127411997 2
0 0.895 -0.475 -0.02728368393 2
0 0.895 -0.465 -0.02583633615 2
0 0.895 -0.455 -0.02389101458 2
0 0.895 -0.445 -0.02241503735 2
0 0.895 -0.435 -0.02107175267 2
0 0.895 -0.425 -0.01996480421 2
0 0.895 -0.415 -0.01902154533 2
0 0.895 -0.405 -0.01834917773 2
0 0.895 -0.395 -0.01762133869 2
0 0.895 -0.385 -0.01626389112 2
0 0.895 -0.375 -0.01402655854 2
0 0.895 -0.365 -0.01131832414 1
0 0.895 -0.355 -0.009454870592 1
0 0.895 -0.345 -0.008764363106 1
0 0.895 -0.335 -0.009204974992 1
0 0.895 -0.325 -0.01015539101 1
0 0.895 -0.315 -0.01128927765 1
0 0.895 -0.305 -0.01271933606 1
0 0.895 -0.295 -0.01454985198 1
0 0.895 -0.285 -0.0169865796 1
0 0.895 -0.275 -0.0196723688 1
0 0.895 -0.265 -0.02223110939 2
0 0.895 -0.255 -0.02404512004 2
0 0.895 -0.245 -0.02500658233 2
0 0.895 -0.235 -0.02517427682 2
0 0.895 -0.225 -0.02507928484 2
0 0.895 -0.215 -0.02512213593 2
0 0.895 -0.205 -0.02548717759 2
0 0.895 -0.195 -0.02596903978 2
0 0.895 -0.185 -0.02653402211 2
0 0.895 -0.175 -0.02713164242 2
0 0.895 -0.165 -0.02773374231 2
0 0.895 -0.155 -0.028316347 2
0 0.895 -0.145 -0.02886137005 2
0 0.895 -0.135 -0.02935453757 2
0 0.895 -0.125 -0.02978689214 2
0 0.895 -0.115 -0.03015740122 2
0 0.895 -0.105 -0.0304755308 2
0 0.895 -0.095 -0.03079121799 2
0 0.895 -0.085 -0.03113400605 2
0 0.895 -0.075 -0.0316865237 2
0 0.895 -0.065 -0.03259586838 2
0 0.895 -0.055 -0.03382065924 2
0 0.895 -0.045 -0.03536813541 2
0 0.895 -0.035 -0.03674958116 2
0 0.895 -0.025 -0.03778353336 1
0 0.895 -0.015 -0.03892603506 1
0 0.895 -0.005 -0.03949282592 1
0 0.895 0.005 -0.04023224972 1
0 0.895 0.015 -0.04068448549 1
0 0.895 0.025 -0.0412445794 1
0 0.895 0.035 -0.04152763032 1
0 0.895 0.045 -0.0415012789 1
0 0.895 0.055 -0.04021913873 1
0 0.895 0.065 -0.03856611112 2
0 0.895 0.075 -0.03556725684 2
0 0.895 0.085 -0.03351980676 2
0 0.895 0.095 -0.03172664815 2
0 0.895 0.105 -0.0311093485 2
0 0.895 0.115 -0.03109003203 2
0 0.895 0.125 -0.03111802636 2
0 0.895 0.135 -0.03126116662 2
0 0.895 0.145 -0.03068741264 2
0 0.895 0.155 -0.02936953384 1
0 0.895 0.165 -0.02760441041 1
0 0.895 0.175 -0.02561951844 1
0 0.895 0.185 -0.02414945944 2
0 0.895 0.195 -0.02265123615 2
0 0.895 0.205 -0.02130114305 2
0 0.895 0.215 -0.01991918221 2
0 0.895 0.225 -0.01880925033 2
0 0.895 0.235 -0.01835174078 2
0 0.895 0.245 -0.01827662961 2
0 0.895 0.255 -0.01806337362 2
0 0.895 0.265 -0.01713988062 1
0 0.895 0.275 -0.01559791322 1
0 0.895 0.285 -0.0138565664 1
0 0.895 0.295 -0.01231527286 1
0 0.895 0.305 -0.01090199916 1
0 0.895 0.315 -0.009557816873 1
0 0.895 0.325 -0.00833569843 1
0 0.895 0.335 -0.007736927912 1
0 0.895 0.345 -0.00796962996 2
0 0.895 0.355 -0.008943413468 2
0 0.895 0.365 -0.01048404266 2
0 0.895 0.375 -0.0120035674 2
0 0.895 0.385 -0.01349901784 2
0 0.895 0.395 -0.01494643986 2
0 0.895 0.405 -0.01661189102 2
0 0.895 0.415 -0.01825488336 2
0 0.895 0.425 -0.01918805612 2
0 0.895 0.435 -0.01870283463 2
0 0.895 0.445 -0.01713077006 1
0 0.895 0.455 -0.0159097781 1
0 0.895 0.465 -0.01628071657 1
0 0.895 0.475 -0.01768007891 1
0 0.895 0.485 -0.02250921417 1
0 0.895 0.495 -0.02194672681 1
0 0.895 0.505 -0.01594096828 1
0 0.895 0.515 -0.006462945168 1
0 0.895 0.525 0 2
0 0.895 0.535 0 2
0 0.895 0.545 0 2
0 0.895 0.555 0 2
0 0.895 0.565 0 2
0 0.905 -0.555 0 2
0 0.905 -0.545 0 2
0 0.905 -0.535 0 2
0 0.905 -0.525 0 2
0 0.905 -0.515 -0.007496556447 2
0 0.905 -0.505 -0.01907149547 2
0 0.905 -0.495 -0.02770403114 2
0 0.905 -0.485 -0.03026968741 2
0 0.905 -0.475 -0.02633265651 2
0 0.905 -0.465 -0.02491051069 2
0 0.905 -0.455 -0.02302440602 2
0 0.905 -0.445 -0.02162021461 2
0 0.905 -0.435 -0.02037262631 2
0 0.905 -0.425 -0.01939666435 2
0 0.905 -0.415 -0.01863204226 2
0 0.905 -0.405 -0.01827158761 2
0 0.905 -0.395 -0.01789398935 2
0 0.905 -0.385 -0.01679251859 2
0 0.905 -0.375 -0.01456396314 2
0 0.905 -0.365 -0.01186051772 1
0 0.905 -0.355 -0.009700071846 1
0 0.905 -0.345 -0.008954966462 1
0 0.905 -0.335 -0.009186958434 1
0 0.905 -0.325 -0.009836960824 1
0 0.905 -0.315 -0.0106497929 1
0 0.905 -0.305 -0.01179898931 1
0 0.905 -0.295 -0.01335942536 1
0 0.905 -0.285 -0.01546810607 1
0 0.905 -0.275 -0.01802572669 1
0 0.905 -0.265 -0.02077639582 1
0 0.905 -0.255 -0.02306640349 2
0 0.905 -0.245 -0.02441697024 2
0 0.905 -0.235 -0.02491242136 2
0 0.905 -0.225 -0.02508438619 2
0 0.905 -0.215 -0.02535009337 2
0 0.905 -0.205 -0.02590500953 2
0 0.905 -0.195 -0.02655272353 2
0 0.905 -0.185 -0.02726073384 2
0 0.905 -0.175 -0.02798211047 2
0 0.905 -0.165 -0.02868947086 2
0 0.905 -0.155 -0.0293584886 2
0 0.905 -0.145 -0.02996903186 2
0 0.905 -0.135 -0.03050249924 2
0 0.905 -0.125 -0.03094370102 2
0 0.905 -0.115 -0.03127956884 2
0 0.905 -0.105 -0.03150972918 2
0 0.905 -0.095 -0.03166445916 2
0 0.905 -0.085 -0.03174867224 2
0 0.905 -0.075 -0.03202429 2
0 0.905 -0.065 -0.03247383066 2
0 0.905 -0.055 -0.03329373449 2
0 0.905 -0.045 -0.03427178568 2
0 0.905 -0.035 -0.03495146279 1
0 0.905 -0.025 -0.03556367135 1
0 0.905 -0.015 -0.03629151795 1
0 0.905 -0.005 -0.03730439769 1
0 0.905 0.005 -0.03838849069 1
0 0.905 0.015 -0.03912173882 1
0 0.905 0.025 -0.03940394962 1
0 0.905 0.035 -0.03955325847 1
0 0.905 0.045 -0.03933402388 1
0 0.905 0.055 -0.0382913993 1
0 0.905 0.065 -0.03666070481 1
0 0.905 0.075 -0.03421191865 2
0 0.905 0.085 -0.0323240809 2
0 0.905 0.095 -0.03094949281 2
0 0.905 0.105 -0.03031769905 2
0 0.905 0.115 -0.02991334847 2
0 0.905 0.125 -0.02947352255 2
0 0.905 0.135 -0.02888654916 1
0 0.905 0.145 -0.02790391542 1
0 0.905 0.155 -0.02620961314 1
0 0.905 0.165 -0.02445583638 1
0 0.905 0.175 -0.02282773904 1
0 0.905 0.185 -0.02178842228 1
0 0.905 0.195 -0.02052392788 1
0 0.905 0.205 -0.01913556432 1
0 0.905 0.215 -0.01791864596 2
0 0.905 0.225 -0.01699729308 2
0 0.905 0.235 -0.01657086155 2
0 0.905 0.245 -0.01653811364 2
0 0.905 0.255 -0.01655350825 2
0 0.905 0.265 -0.01581516286 1
0 0.905 0.275 -0.01467038893 1
0 0.905 0.285 -0.01337475883 1
0 0.905 0.295 -0.01231981966 1
0 0.905 0.305 -0.01127544742 1
0 0.905 0.315 -0.01019493844 1
0 0.905 0.325 -0.009045453086 1
0 0.905 0.335 -0.008114909864 1
0 0.905 0.345 -0.00805888226 1
0 0.905 0.355 -0.008936528282 2
0 0.905 0.365 -0.01064656238 2
0 0.905 0.375 -0.01217807801 2
0 0.905 0.385 -0.01355617072 2
0 0.905 0.395 -0.01490453323 2
0 0.905 0.405 -0.01656271841 2
0 0.905 0.415 -0.01834237087 2
0 0.905 0.425 -0.01943803353 2
0 0.905 0.435 -0.01901081948 2
0 0.905 0.445 -0.0175071008 1
0 0.905 0.455 -0.01582378222 1
0 0.905 0.465 -0.01582708306 1
0 0.905 0.475 -0.01687477643 1
0 0.905 0.485 -0.02090018819 1
0 0.905 0.495 -0.02002415667 1
0 0.905 0.505 -0.01436844828 1
0 0.905 0.515 -0.005777295421 1
0 0.905 0.525 0 1
0 0.905 0.535 0 1
0 0.905 0.545 0 1
0 0.905 0.555 0 2
0 0.905 0.565 0 2
0 0.915 -0.555 0 2
0 0.915 -0.545 0 2
0 0.915 -0.535 0 2
0 0.915 -0.525 0 2
0 0.915 -0.515 -0.007170018782 2
0 0.915 -0.505 -0.01825896425 2
0 0.915 -0.495 -0.02646003828 2
0 0.915 -0.485 -0.02887199929 2
0 0.915 -0.475 -0.02503795457 2
0 0.915 -0.465 -0.0236602889 2
0 0.915 -0.455 -0.02185532927 2
0 0.915 -0.445 -0.0205335303 2
0 0.915 -0.435 -0.01938396147 2
0 0.915 -0.425 -0.01852834084 2
0 0.915 -0.415 -0.01791881175 2
0 0.915 -0.405 -0.01779975191 2
0 0.915 -0.395 -0.01770705017 2
0 0.915 -0.385 -0.01688829966 2
0 0.915 -0.375 -0.01487483894 2
0 0.915 -0.365 -0.01233406273 1
0 0.915 -0.355 -0.01011022402 1
0 0.915 -0.345 -0.009135284642 1
0 0.915 -0.335 -0.009034395957 1
0 0.915 -0.325 -0.009490920309 1
0 0.915 -0.315 -0.01015621306 1
0 0.915 -0.305 -0.01109649462 1
0 0.915 -0.295 -0.01233684845 1
0 0.915 -0.285 -0.01398971023 1
0 0.915 -0.275 -0.01634893167 1
0 0.915 -0.265 -0.01903758191 1
0 0.915 -0.255 -0.02155924867 2
0 0.915 -0.245 -0.02322076632 2
0 0.915 -0.235 -0.02414171145 2
0 0.915 -0.225 -0.02476156466 2
0 0.915 -0.215 -0.0254189843 2
0 0.915 -0.205 -0.02624431239 2
0 0.915 -0.195 -0.02711425437 2
0 0.915 -0.185 -0.0280047718 2
0 0.915 -0.175 -0.02888098415 2
0 0.915 -0.165 -0.0297196486 2
0 0.915 -0.155 -0.03049824618 2
0 0.915 -0.145 -0.03119566248 2
0 0.915 -0.135 -0.03178901737 2
0 0.915 -0.125 -0.03225576024 2
0 0.915 -0.115 -0.03256498338 2
0 0.915 -0.105 -0.0327014466 2
0 0.915 -0.095 -0.03262728279 2
0 0.915 -0.085 -0.03236054235 2
0 0.915 -0.075 -0.03224189632 2
0 0.915 -0.065 -0.03221393433 2
0 0.915 -0.055 -0.0330223779 2
0 0.915 -0.045 -0.03344777661 1
0 0.915 -0.035 -0.03404875675 1
0 0.915 -0.025 -0.03482081705 1
0 0.915 -0.015 -0.03566110555 1
0 0.915 -0.005 -0.03684325613 1
0 0.915 0.005 -0.03776576659 1
0 0.915 0.015 -0.038342941 1
0 0.915 0.025 -0.03834186326 1
0 0.915 0.035 -0.03827315471 1
0 0.915 0.045 -0.03772874521 1
0 0.915 0.055 -0.03660149824 1
0 0.915 0.065 -0.0346721686 1
0 0.915 0.075 -0.03287346436 2
0 0.915 0.085 -0.03128939754 2
0 0.915 0.095 -0.03023202502 2
0 0.915 0.105 -0.02952867471 2
0 0.915 0.115 -0.02884176528 2
0 0.915 0.125 -0.02803007776 2
0 0.915 0.135 -0.02683368756 1
0 0.915 0.145 -0.02585773236 1
0 0.915 0.155 -0.02455613385 1
0 0.915 0.165 -0.02315630499 1
0 0.915 0.175 -0.02175439073 1
0 0.915 0.185 -0.02053182912 1
0 0.915 0.195 -0.01927586123 1
0 0.915 0.205 -0.01781275472 1
0 0.915 0.215 -0.0163903093 1
0 0.915 0.225 -0.01532898864 2
0 0.915 0.235 -0.01482234285 2
0 0.915 0.245 -0.01476515119 2
0 0.915 0.255 -0.0149096868 2
0 0.915 0.265 -0.01458550082 2
0 0.915 0.275 -0.01394470171 1
0 0.915 0.285 -0.01313480188 1
0 0.915 0.295 -0.01243709881 1
0 0.915 0.305 -0.01173198607 1
0 0.915 0.315 -0.01085802488 1
0 0.915 0.325 -0.009801333871 1
0 0.915 0.335 -0.008720421889 1
0 0.915 0.345 -0.008404826472 1
0 0.915 0.355 -0.009091516263 1
0 0.915 0.365 -0.0106938273 2
0 0.915 0.375 -0.01234211351 2
0 0.915 0.385 -0.0135624997 2
0 0.915 0.395 -0.01462410004 2
0 0.915 0.405 -0.01604008419 2
0 0.915 0.415 -0.01774002346 2
0 0.915 0.425 -0.01891707515 2
0 0.915 0.435 -0.01865625674 2
0 0.915 0.445 -0.01717450095 1
0 0.915 0.455 -0.01546677712 1
0 0.915 0.465 -0.01517445214 1
0 0.915 0.475 -0.01586476662 1
0 0.915 0.485 -0.01909565133 1
0 0.915 0.495 -0.01795463631 1
0 0.915 0.505 -0.01267178443 1
0 0.915 0.515 -0.005022964477 1
0 0.915 0.525 0 1
0 0.915 0.535 0 1
0 0.915 0.545 0 1
0 0.915 0.555 0 1
0 0.915 0.565 0 2
0 0.925 -0.555 0 2
0 0.925 -0.545 0 2
0 0.925 -0.535 0 2
0 0.925 -0.525 0 2
0 0.925 -0.515 -0.006735726774 2
0 0.925 -0.505 -0.01717617978 2
0 0.925 -0.495 -0.02482254055 2
0 0.925 -0.485 -0.0270508207 2
0 0.925 -0.475 -0.02338128526 2
0 0.925 -0.465 -0.02207305068 2
0 0.925 -0.455 -0.02037355921 2
0 0.925 -0.445 -0.0191416345 2
0 0.925 -0.435 -0.0180842281 2
0 0.925 -0.425 -0.01732310607 2
0 0.925 -0.415 -0.01682139664 2
0 0.925 -0.405 -0.01682144402 2
0 0.925 -0.395 -0.01690914801 2
0 0.925 -0.385 -0.01635740449 2
0 0.925 -0.375 -0.01470633192 2
0 0.925 -0.365 -0.01244013694 1
0 0.925 -0.355 -0.01052214908 1
0 0.925 -0.345 -0.009448110088 1
0 0.925 -0.335 -0.009041470078 1
0 0.925 -0.325 -0.009218843863 1
0 0.925 -0.315 -0.00970918811 1
0 0.925 -0.305 -0.01054775609 1
0 0.925 -0.295 -0.01160938239 1
0 0.925 -0.285 -0.012815448 1
0 0.925 -0.275 -0.0147560693 1
0 0.925 -0.265 -0.01721256925 1
0 0.925 -0.255 -0.01981912464 2
0 0.925 -0.245 -0.02173825527 2
0 0.925 -0.235 -0.02309470773 2
0 0.925 -0.225 -0.02425758173 2
0 0.925 -0.215 -0.02540714181 2
0 0.925 -0.205 -0.02655845547 2
0 0.925 -0.195 -0.02769197712 2
0 0.925 -0.185 -0.02879694275 2
0 0.925 -0.175 -0.02985533045 2
0 0.925 -0.165 -0.03085027909 2
0 0.925 -0.155 -0.03176283363 2
0 0.925 -0.145 -0.03257230863 2
0 0.925 -0.135 -0.03325280593 2
0 0.925 -0.125 -0.03377531645 2
0 0.925 -0.115 -0.0340901955 2
0 0.925 -0.105 -0.03416699264 2
0 0.925 -0.095 -0.03386876771 2
0 0.925 -0.085 -0.03330640979 2
0 0.925 -0.075 -0.03287187104 2
0 0.925 -0.065 -0.0325574785 2
0 0.925 -0.055 -0.03321192297 2
0 0.925 -0.045 -0.03360544095 1
0 0.925 -0.035 -0.03490426914 1
0 0.925 -0.025 -0.03596262199 1
0 0.925 -0.015 -0.03688724927 1
0 0.925 -0.005 -0.03784551092 1
0 0.925 0.005 -0.03855835768 1
0 0.925 0.015 -0.03898958786 1
0 0.925 0.025 -0.03898969955 1
0 0.925 0.035 -0.03888623087 1
0 0.925 0.045 -0.03824571711 1
0 0.925 0.055 -0.03701470814 1
0 0.925 0.065 -0.03499534694 1
0 0.925 0.075 -0.03311970177 2
0 0.925 0.085 -0.03158700414 2
0 0.925 0.095 -0.03054296754 2
0 0.925 0.105 -0.02964894575 2
0 0.925 0.115 -0.02877806904 2
0 0.925 0.125 -0.02773312188 2
0 0.925 0.135 -0.02638013124 1
0 0.925 0.145 -0.02549149905 1
0 0.925 0.155 -0.02461388669 1
0 0.925 0.165 -0.02368064735 1
0 0.925 0.175 -0.02253024992 1
0 0.925 0.185 -0.02111741941 1
0 0.925 0.195 -0.01957361502 1
0 0.925 0.205 -0.0177538127 1
0 0.925 0.215 -0.0158662238 1
0 0.925 0.225 -0.01435928349 1
0 0.925 0.235 -0.01353660177 2
0 0.925 0.245 -0.01337394828 2
0 0.925 0.255 -0.01357575939 2
0 0.925 0.265 -0.01364242648 2
0 0.925 0.275 -0.01331858215 1
0 0.925 0.285 -0.01283725219 1
0 0.925 0.295 -0.01231496385 1
0 0.925 0.305 -0.01190878187 1
0 0.925 0.315 -0.01124315332 1
0 0.925 0.325 -0.01032104818 1
0 0.925 0.335 -0.009279908565 1
0 0.925 0.345 -0.008746137284 1
0 0.925 0.355 -0.009315186706 1
0 0.925 0.365 -0.01064695436 2
0 0.925 0.375 -0.01232140999 2
0 0.925 0.385 -0.01334989305 2
0 0.925 0.395 -0.01402316554 2
0 0.925 0.405 -0.01494347573 2
0 0.925 0.415 -0.01624642105 2
0 0.925 0.425 -0.01733146408 2
0 0.925 0.435 -0.01747410038 2
0 0.925 0.445 -0.01637974332 2
0 0.925 0.455 -0.01498558005 1
0 0.925 0.465 -0.01429537107 1
0 0.925 0.475 -0.01453277169 1
0 0.925 0.485 -0.01718944825 1
0 0.925 0.495 -0.01604501897 1
0 0.925 0.505 -0.01123833266 1
0 0.925 0.515 -0.004427088342 1
0 0.925 0.525 0 1
0 0.925 0.535 0 1
0 0.925 0.545 0 1
0 0.925 0.555 0 1
0 0.925 0.565 0 1
0 0.935 -0.555 0 2
0 0.935 -0.545 0 2
0 0.935 -0.535 0 2
0 0.935 -0.525 0 2
0 0.935 -0.515 -0.006177706169 2
0 0.935 -0.505 -0.0157881834 2
0 0.935 -0.495 -0.02274813913 2
0 0.935 -0.485 -0.02477714476 2
0 0.935 -0.475 -0.02135876905 2
0 0.935 -0.465 -0.02015719204 2
0 0.935 -0.455 -0.01858947453 2
0 0.935 -0.445 -0.0174478871 2
0 0.935 -0.435 -0.01647066911 2
0 0.935 -0.425 -0.01576985866 2
0 0.935 -0.415 -0.01531920509 2
0 0.935 -0.405 -0.01530411523 2
0 0.935 -0.395 -0.0154193736 2
0 0.935 -0.385 -0.01512700509 2
0 0.935 -0.375 -0.01406039639 2
0 0.935 -0.365 -0.01227048861 2
0 0.935 -0.355 -0.01065492622 1
0 0.935 -0.345 -0.00950498105 1
0 0.935 -0.335 -0.009028081274 1
0 0.935 -0.325 -0.009086387894 1
0 0.935 -0.315 -0.009464598405 1
0 0.935 -0.305 -0.01008496585 1
0 0.935 -0.295 -0.01083227742 1
0 0.935 -0.285 -0.01180190124 1
0 0.935 -0.275 -0.0135308582 1
0 0.935 -0.265 -0.01579986477 1
0 0.935 -0.255 -0.0182448434 2
0 0.935 -0.245 -0.02026599448 2
0 0.935 -0.235 -0.02203412758 2
0 0.935 -0.225 -0.02376254211 2
0 0.935 -0.215 -0.02540703793 2
0 0.935 -0.205 -0.02690123621 2
0 0.935 -0.195 -0.02831716379 2
0 0.935 -0.185 -0.02965650206 2
0 0.935 -0.175 -0.03091741305 2
0 0.935 -0.165 -0.03208988106 2
0 0.935 -0.155 -0.0331595233 2
0 0.935 -0.145 -0.03410768259 2
0 0.935 -0.135 -0.034907892 2
0 0.935 -0.125 -0.0355276578 2
0 0.935 -0.115 -0.03590270441 2
0 0.935 -0.105 -0.03598862504 2
0 0.935 -0.095 -0.03552726942 2
0 0.935 -0.085 -0.03472300397 2
0 0.935 -0.075 -0.03400033541 2
0 0.935 -0.065 -0.03375874067 2
0 0.935 -0.055 -0.03428818631 1
0 0.935 -0.045 -0.03524641362 1
0 0.935 -0.035 -0.03655577064 1
0 0.935 -0.025 -0.03764159677 1
0 0.935 -0.015 -0.03855540649 1
0 0.935 -0.005 -0.03938863226 1
0 0.935 0.005 -0.04009649577 1
0 0.935 0.015 -0.04060425694 1
0 0.935 0.025 -0.04077065318 1
0 0.935 0.035 -0.0407692195 1
0 0.935 0.045 -0.04015984559 1
0 0.935 0.055 -0.03888239448 1
0 0.935 0.065 -0.03691515656 1
0 0.935 0.075 -0.03491291511 2
0 0.935 0.085 -0.03331573398 2
0 0.935 0.095 -0.03211461557 2
0 0.935 0.105 -0.03103512966 2
0 0.935 0.115 -0.0301254779 2
0 0.935 0.125 -0.02907475669 2
0 0.935 0.135 -0.02789172362 1
0 0.935 0.145 -0.02671335409 1
0 0.935 0.155 -0.02579432297 1
0 0.935 0.165 -0.02494473439 1
0 0.935 0.175 -0.02385988484 1
0 0.935 0.185 -0.02247174377 1
0 0.935 0.195 -0.02084631643 1
0 0.935 0.205 -0.01882277723 1
0 0.935 0.215 -0.0165472134 1
0 0.935 0.225 -0.01452057455 1
0 0.935 0.235 -0.01321679828 1
0 0.935 0.245 -0.01283119382 2
0 0.935 0.255 -0.01297901705 2
0 0.935 0.265 -0.01316370871 2
0 0.935 0.275 -0.01280145781 1
0 0.935 0.285 -0.01230295375 1
0 0.935 0.295 -0.0118098942 1
0 0.935 0.305 -0.01162371891 1
0 0.935 0.315 -0.01121464784 1
0 0.935 0.325 -0.01052627688 1
0 0.935 0.335 -0.009756555151 1
0 0.935 0.345 -0.00925095506 1
0 0.935 0.355 -0.00972539517 1
0 0.935 0.365 -0.01090379814 2
0 0.935 0.375 -0.01225968779 2
0 0.935 0.385 -0.01279418013 2
0 0.935 0.395 -0.01287960481 2
0 0.935 0.405 -0.01320609165 2
0 0.935 0.415 -0.0140978943 2
0 0.935 0.425 -0.01510405038 2
0 0.935 0.435 -0.0155770735 2
0 0.935 0.445 -0.01493657824 2
0 0.935 0.455 -0.01392894414 1
0 0.935 0.465 -0.01332632232 1
0 0.935 0.475 -0.01326980235 1
0 0.935 0.485 -0.01534243938 1
0 0.935 0.495 -0.01417052983 1
0 0.935 0.505 -0.009900740173 1
0 0.935 0.515 -0.003884192102 1
0 0.935 0.525 0 1
0 0.935 0.535 0 1
0 0.935 0.545 0 1
0 0.935 0.555 0 1
0 0.935 0.565 0 1
0 0.945 -0.555 0 2
0 0.945 -0.545 0 2
0 0.945 -0.535 0 2
0 0.945 -0.525 0 2
0 0.945 -0.515 -0.005488074263 2
0 0.945 -0.505 -0.01405958364 2
0 0.945 -0.495 -0.02019324716 2
0 0.945 -0.485 -0.02201418763 2
0 0.945 -0.475 -0.0189591865 2
0 0.945 -0.465 -0.01791774126 2
0 0.945 -0.455 -0.01651809999 2
0 0.945 -0.445 -0.01546673273 2
0 0.945 -0.435 -0.01454837824 2
0 0.945 -0.425 -0.01386673603 2
0 0.945 -0.415 -0.01342195964 2
0 0.945 -0.405 -0.01332301016 2
0 0.945 -0.395 -0.01340430584 2
0 0.945 -0.385 -0.01327916406 2
0 0.945 -0.375 -0.01267641022 2
0 0.945 -0.365 -0.01151646246 2
0 0.945 -0.355 -0.01043138674 2
0 0.945 -0.345 -0.009488551144 2
0 0.945 -0.335 -0.008897566395 1
0 0.945 -0.325 -0.008762671187 1
0 0.945 -0.315 -0.009081543925 1
0 0.945 -0.305 -0.00958387727 1
0 0.945 -0.295 -0.01012584929 1
0 0.945 -0.285 -0.01107214377 1
0 0.945 -0.275 -0.01273249727 1
0 0.945 -0.265 -0.01480729748 2
0 0.945 -0.255 -0.01696798963 2
0 0.945 -0.245 -0.01909115994 2
0 0.945 -0.235 -0.02126852143 2
0 0.945 -0.225 -0.02347781601 2
0 0.945 -0.215 -0.0255398413 2
0 0.945 -0.205 -0.02736419873 2
0 0.945 -0.195 -0.02906468242 2
0 0.945 -0.185 -0.03065036364 2
0 0.945 -0.175 -0.03213041394 2
0 0.945 -0.165 -0.03350044049 2
0 0.945 -0.155 -0.03475082193 2
0 0.945 -0.145 -0.0358665841 2
0 0.945 -0.135 -0.0368243102 2
0 0.945 -0.125 -0.03759388392 2
0 0.945 -0.115 -0.03810876745 2
0 0.945 -0.105 -0.03832372414 2
0 0.945 -0.095 -0.03792196167 2
0 0.945 -0.085 -0.03720792623 2
0 0.945 -0.075 -0.03640353236 2
0 0.945 -0.065 -0.03622924927 2
0 0.945 -0.055 -0.03640444501 1
0 0.945 -0.045 -0.03763022966 1
0 0.945 -0.035 -0.03861117136 1
0 0.945 -0.025 -0.03956294756 1
0 0.945 -0.015 -0.04023986564 1
0 0.945 -0.005 -0.04099734397 1
0 0.945 0.005 -0.0417568104 1
0 0.945 0.015 -0.04239836522 1
0 0.945 0.025 -0.04271110548 1
0 0.945 0.035 -0.04275125071 1
0 0.945 0.045 -0.04211663721 1
0 0.945 0.055 -0.04092021776 1
0 0.945 0.065 -0.03909452106 1
0 0.945 0.075 -0.03752033562 2
0 0.945 0.085 -0.03610770038 2
0 0.945 0.095 -0.03499073832 2
0 0.945 0.105 -0.03385620233 2
0 0.945 0.115 -0.032879685 2
0 0.945 0.125 -0.03174891046 2
0 0.945 0.135 -0.03078090784 2
0 0.945 0.145 -0.02930622921 1
0 0.945 0.155 -0.02789409515 1
0 0.945 0.165 -0.02662084075 1
0 0.945 0.175 -0.02532101411 1
0 0.945 0.185 -0.02385934667 1
0 0.945 0.195 -0.02221061052 1
0 0.945 0.205 -0.02018788407 1
0 0.945 0.215 -0.01796621035 1
0 0.945 0.225 -0.01584615888 1
0 0.945 0.235 -0.01428518249 1
0 0.945 0.245 -0.013603368 2
0 0.945 0.255 -0.01330917813 2
0 0.945 0.265 -0.01310063225 2
0 0.945 0.275 -0.01244257563 2
0 0.945 0.285 -0.01171027896 1
0 0.945 0.295 -0.01107201488 1
0 0.945 0.305 -0.01084372995 1
0 0.945 0.315 -0.01064984105 1
0 0.945 0.325 -0.01035497164 1
0 0.945 0.335 -0.01010425372 1
0 0.945 0.345 -0.009997504276 1
0 0.945 0.355 -0.01041830754 1
0 0.945 0.365 -0.01132029875 1
0 0.945 0.375 -0.01192273307 2
0 0.945 0.385 -0.01183405764 2
0 0.945 0.395 -0.01126378694 2
0 0.945 0.405 -0.01097348367 2
0 0.945 0.415 -0.01142003819 2
0 0.945 0.425 -0.01225247795 2
0 0.945 0.435 -0.01296112687 2
0 0.945 0.445 -0.01301198741 2
0 0.945 0.455 -0.01248918978 2
0 0.945 0.465 -0.01208688761 1
0 0.945 0.475 -0.01183011882 1
0 0.945 0.485 -0.01339938766 1
0 0.945 0.495 -0.01224799554 1
0 0.945 0.505 -0.008515239105 1
0 0.945 0.515 -0.003314432294 1
0 0.945 0.525 0 1
0 0.945 0.535 0 1
0 0.945 0.545 0 1
0 0.945 0.555 0 1
0 0.945 0.565 0 1
0 0.955 -0.555 0 2
0 0.955 -0.545 0 2
0 0.955 -0.535 0 2
0 0.955 -0.525 0 2
0 0.955 -0.515 -0.004645314299 2
0 0.955 -0.505 -0.01194788746 2
0 0.955 -0.495 -0.01716837577 2
0 0.955 -0.485 -0.01878631866 2
0 0.955 -0.475 -0.01624121615 2
0 0.955 -0.465 -0.01542200797 2
0 0.955 -0.455 -0.01422055115 2
0 0.955 -0.445 -0.01325677625 2
0 0.955 -0.435 -0.01237229213 2
0 0.955 -0.425 -0.01166554341 2
0 0.955 -0.415 -0.0111858282 2
0 0.955 -0.405 -0.01097784116 2
0 0.955 -0.395 -0.01098710824 2
0 0.955 -0.385 -0.0109757227 2
0 0.955 -0.375 -0.01079351369 2
0 0.955 -0.365 -0.01025128866 2
0 0.955 -0.355 -0.009509314445 2
0 0.955 -0.345 -0.008897053407 2
0 0.955 -0.335 -0.008604971544 2
0 0.955 -0.325 -0.008585978882 2
0 0.955 -0.315 -0.008703803215 2
0 0.955 -0.305 -0.009006739368 1
0 0.955 -0.295 -0.009554761501 1
0 0.955 -0.285 -0.01060830134 2
0 0.955 -0.275 -0.01210084314 2
0 0.955 -0.265 -0.01393300387 2
0 0.955 -0.255 -0.01600673252 2
0 0.955 -0.245 -0.01835152275 2
0 0.955 -0.235 -0.02089366808 2
0 0.955 -0.225 -0.02343270329 2
0 0.955 -0.215 -0.02579024739 2
0 0.955 -0.205 -0.02790264364 2
0 0.955 -0.195 -0.02986743859 2
0 0.955 -0.185 -0.03169427652 2
0 0.955 -0.175 -0.03339585085 2
0 0.955 -0.165 -0.03497118132 2
0 0.955 -0.155 -0.03641488761 2
0 0.955 -0.145 -0.03771699291 2
0 0.955 -0.135 -0.03886083122 2
0 0.955 -0.125 -0.03982521963 2
0 0.955 -0.115 -0.04055666262 2
0 0.955 -0.105 -0.04102286217 2
0 0.955 -0.095 -0.04093213975 2
0 0.955 -0.085 -0.04057767696 2
0 0.955 -0.075 -0.03990953203 2
0 0.955 -0.065 -0.03968130808 2
0 0.955 -0.055 -0.03947712226 1
0 0.955 -0.045 -0.04030941773 1
0 0.955 -0.035 -0.04083364869 1
0 0.955 -0.025 -0.04151739113 1
0 0.955 -0.015 -0.04194138163 1
0 0.955 -0.005 -0.04275099101 1
0 0.955 0.005 -0.04374860809 1
0 0.955 0.015 -0.04462827831 1
0 0.955 0.025 -0.04511393257 1
0 0.955 0.035 -0.04516314128 1
0 0.955 0.045 -0.04461033454 1
0 0.955 0.055 -0.04362524645 1
0 0.955 0.065 -0.04212840716 1
0 0.955 0.075 -0.04105325527 2
0 0.955 0.085 -0.03985155126 2
0 0.955 0.095 -0.03875935699 2
0 0.955 0.105 -0.03749744709 2
0 0.955 0.115 -0.0363191963 2
0 0.955 0.125 -0.03510756543 2
0 0.955 0.135 -0.03419296831 2
0 0.955 0.145 -0.0327999821 2
0 0.955 0.155 -0.03117185817 1
0 0.955 0.165 -0.02947147759 1
0 0.955 0.175 -0.02778431459 1
0 0.955 0.185 -0.02591307382 1
0 0.955 0.195 -0.02395498886 1
0 0.955 0.205 -0.02205305857 1
0 0.955 0.215 -0.02023178455 1
0 0.955 0.225 -0.01840558489 1
0 0.955 0.235 -0.01675270847 1
0 0.955 0.245 -0.01558559891 2
0 0.955 0.255 -0.0145098985 2
0 0.955 0.265 -0.01345632504 2
0 0.955 0.275 -0.01218957774 2
0 0.955 0.285 -0.01106942864 2
0 0.955 0.295 -0.01018370092 1
0 0.955 0.305 -0.009673482425 1
0 0.955 0.315 -0.009588990565 1
0 0.955 0.325 -0.009761698804 1
0 0.955 0.335 -0.01009250553 1
0 0.955 0.345 -0.01056146829 1
0 0.955 0.355 -0.01108626606 1
0 0.955 0.365 -0.01145079576 1
0 0.955 0.375 -0.01114252975 2
0 0.955 0.385 -0.01040423176 2
0 0.955 0.395 -0.009302669157 2
0 0.955 0.405 -0.008555278704 2
0 0.955 0.415 -0.008643971106 2
0 0.955 0.425 -0.009301657741 2
0 0.955 0.435 -0.01002910299 2
0 0.955 0.445 -0.01047454405 2
0 0.955 0.455 -0.01043644475 2
0 0.955 0.465 -0.01042512123 2
0 0.955 0.475 -0.01028860537 1
0 0.955 0.485 -0.01140388945 1
0 0.955 0.495 -0.01032421646 1
0 0.955 0.505 -0.007154630378 1
0 0.955 0.515 -0.002771108119 1
0 0.955 0.525 0 1
0 0.955 0.535 0 1
0 0.955 0.545 0 1
0 0.955 0.555 0 1
0 0.955 0.565 0 1
0 0.965 -0.555 0 2
0 0.965 -0.545 0 2
0 0.965 -0.535 0 2
0 0.965 -0.525 0 2
0 0.965 -0.515 -0.003728847393 2
0 0.965 -0.505 -0.009585354134 2
0 0.965 -0.495 -0.01377582859 2
0 0.965 -0.485 -0.01510417475 2
0 0.965 -0.475 -0.01313159599 2
0 0.965 -0.465 -0.01256041405 2
0 0.965 -0.455 -0.01160847393 2
0 0.965 -0.445 -0.01073825576 2
0 0.965 -0.435 -0.009856176332 2
0 0.965 -0.425 -0.009090732545 2
0 0.965 -0.415 -0.008546441802 2
0 0.965 -0.405 -0.008251620844 2
0 0.965 -0.395 -0.008192883319 2
0 0.965 -0.385 -0.008219439651 2
0 0.965 -0.375 -0.008301126734 2
0 0.965 -0.365 -0.008296367726 2
0 0.965 -0.355 -0.008108120457 2
0 0.965 -0.345 -0.007971811305 2
0 0.965 -0.335 -0.007932123746 2
0 0.965 -0.325 -0.007984972214 2
0 0.965 -0.315 -0.008075773949 2
0 0.965 -0.305 -0.00845505621 2
0 0.965 -0.295 -0.009178805372 2
0 0.965 -0.285 -0.01022190993 2
0 0.965 -0.275 -0.01155437628 2
0 0.965 -0.265 -0.0133443776 2
0 0.965 -0.255 -0.01562047608 2
0 0.965 -0.245 -0.01824821451 2
0 0.965 -0.235 -0.02106035345 2
0 0.965 -0.225 -0.02384134391 2
0 0.965 -0.215 -0.02643709142 2
0 0.965 -0.205 -0.02882720603 2
0 0.965 -0.195 -0.0310635528 2
0 0.965 -0.185 -0.03315119678 2
0 0.965 -0.175 -0.03509972729 2
0 0.965 -0.165 -0.03690926231 2
0 0.965 -0.155 -0.03857758228 2
0 0.965 -0.145 -0.04010021874 2
0 0.965 -0.135 -0.04147001175 2
0 0.965 -0.125 -0.04268061346 2
0 0.965 -0.115 -0.04370782978 2
0 0.965 -0.105 -0.04455066078 2
0 0.965 -0.095 -0.04503976895 2
0 0.965 -0.085 -0.04534756436 2
0 0.965 -0.075 -0.04530487739 2
0 0.965 -0.065 -0.04526427106 2
0 0.965 -0.055 -0.04487687664 1
0 0.965 -0.045 -0.04505173468 1
0 0.965 -0.035 -0.04520936075 1
0 0.965 -0.025 -0.0457457562 1
0 0.965 -0.015 -0.04626226871 1
0 0.965 -0.005 -0.04699138049 1
0 0.965 0.005 -0.04767893012 1
0 0.965 0.015 -0.04829221958 1
0 0.965 0.025 -0.04861587093 1
0 0.965 0.035 -0.04864377883 1
0 0.965 0.045 -0.04844652542 1
0 0.965 0.055 -0.04787539604 1
0 0.965 0.065 -0.04733434304 1
0 0.965 0.075 -0.04636251732 2
0 0.965 0.085 -0.04520774879 2
0 0.965 0.095 -0.0437549345 2
0 0.965 0.105 -0.04209825922 2
0 0.965 0.115 -0.04048826007 2
0 0.965 0.125 -0.0390612535 2
0 0.965 0.135 -0.03801532613 2
0 0.965 0.145 -0.03694722738 2
0 0.965 0.155 -0.03570385518 2
0 0.965 0.165 -0.03417269529 1
0 0.965 0.175 -0.03250341189 1
0 0.965 0.185 -0.03048157203 1
0 0.965 0.195 -0.02805314167 1
0 0.965 0.205 -0.02597196846 1
0 0.965 0.215 -0.02404718083 1
0 0.965 0.225 -0.02219659037 1
0 0.965 0.235 -0.02023962351 1
0 0.965 0.245 -0.01837316713 2
0 0.965 0.255 -0.01640791752 2
0 0.965 0.265 -0.01422519189 2
0 0.965 0.275 -0.01201530545 2
0 0.965 0.285 -0.01023465967 2
0 0.965 0.295 -0.009055998538 2
0 0.965 0.305 -0.008310168293 2
0 0.965 0.315 -0.008127174953 1
0 0.965 0.325 -0.008529032149 1
0 0.965 0.335 -0.009324098338 1
0 0.965 0.345 -0.01023234287 1
0 0.965 0.355 -0.01081720607 1
0 0.965 0.365 -0.0107295077 2
0 0.965 0.375 -0.009979648478 2
0 0.965 0.385 -0.008724579494 2
0 0.965 0.395 -0.007284976445 2
0 0.965 0.405 -0.006270454701 2
0 0.965 0.415 -0.006048392226 2
0 0.965 0.425 -0.0064309872 2
0 0.965 0.435 -0.007021221573 2
0 0.965 0.445 -0.007568901405 2
0 0.965 0.455 -0.007894673361 2
0 0.965 0.465 -0.00819617617 2
0 0.965 0.475 -0.008383901177 2
0 0.965 0.485 -0.009415491015 2
0 0.965 0.495 -0.008448232161 1
0 0.965 0.505 -0.005802372738 1
0 0.965 0.515 -0.002232654907 1
0 0.965 0.525 0 1
0 0.965 0.535 0 1
0 0.965 0.545 0 1
0 0.965 0.555 0 1
0 0.965 0.565 0 1
0 0.975 -0.555 0 2
0 0.975 -0.545 0 2
0 0.975 -0.535 0 1
0 0.975 -0.525 0 1
0 0.975 -0.515 -0.002785384546 1
0 0.975 -0.505 -0.007119300371 1
0 0.975 -0.495 -0.01032175783 1
0 0.975 -0.485 -0.01143226465 2
0 0.975 -0.475 -0.01003532391 2
0 0.975 -0.465 -0.009571195788 2
0 0.975 -0.455 -0.008823611113 2
0 0.975 -0.445 -0.008077954276 2
0 0.975 -0.435 -0.007214989789 2
0 0.975 -0.425 -0.006405505823 2
0 0.975 -0.415 -0.005805102993 2
0 0.975 -0.405 -0.005460911388 2
0 0.975 -0.395 -0.005374101568 2
0 0.975 -0.385 -0.005441172322 2
0 0.975 -0.375 -0.005649622841 2
0 0.975 -0.365 -0.005902623163 2
0 0.975 -0.355 -0.006144303356 2
0 0.975 -0.345 -0.006485408635 2
0 0.975 -0.335 -0.006824682988 2
0 0.975 -0.325 -0.007102777395 2
0 0.975 -0.315 -0.007349708481 2
0 0.975 -0.305 -0.007755312711 2
0 0.975 -0.295 -0.008492250891 2
0 0.975 -0.285 -0.009536629799 2
0 0.975 -0.275 -0.01093627525 2
0 0.975 -0.265 -0.012872722 2
0 0.975 -0.255 -0.01538464207 2
0 0.975 -0.245 -0.01819507255 2
0 0.975 -0.235 -0.02109247759 2
0 0.975 -0.225 -0.02396576432 2
0 0.975 -0.215 -0.02669333474 2
0 0.975 -0.205 -0.02927079946 2
0 0.975 -0.195 -0.03170152725 2
0 0.975 -0.185 -0.03398429198 2
0 0.975 -0.175 -0.03612239052 2
0 0.975 -0.165 -0.0381154894 2
0 0.975 -0.155 -0.0399633864 2
0 0.975 -0.145 -0.04166667558 2
0 0.975 -0.135 -0.04322821193 2
0 0.975 -0.125 -0.04465828345 2
0 0.975 -0.115 -0.04596903578 2
0 0.975 -0.105 -0.0471988154 2
0 0.975 -0.095 -0.04834684043 2
0 0.975 -0.085 -0.04948747842 2
0 0.975 -0.075 -0.05041391336 2
0 0.975 -0.065 -0.05101987237 2
0 0.975 -0.055 -0.05135080641 1
0 0.975 -0.045 -0.05134673726 1
0 0.975 -0.035 -0.05169256279 1
0 0.975 -0.025 -0.05223690272 1
0 0.975 -0.015 -0.05309560818 1
0 0.975 -0.005 -0.05343707993 1
0 0.975 0.005 -0.05306980102 1
0 0.975 0.015 -0.05272914204 1
0 0.975 0.025 -0.05242389707 1
0 0.975 0.035 -0.0524493162 1
0 0.975 0.045 -0.05281339252 1
0 0.975 0.055 -0.05273690311 1
0 0.975 0.065 -0.05297498672 2
0 0.975 0.075 -0.05169176087 2
0 0.975 0.085 -0.05018491355 2
0 0.975 0.095 -0.04797941341 2
0 0.975 0.105 -0.04572406949 2
0 0.975 0.115 -0.04364056408 2
0 0.975 0.125 -0.04189663804 2
0 0.975 0.135 -0.04061393467 2
0 0.975 0.145 -0.03984651264 2
0 0.975 0.155 -0.03925584971 2
0 0.975 0.165 -0.03836226317 2
0 0.975 0.175 -0.03700718384 2
0 0.975 0.185 -0.03532230054 2
0 0.975 0.195 -0.03292033528 1
0 0.975 0.205 -0.03063926941 1
0 0.975 0.215 -0.0283319521 1
0 0.975 0.225 -0.02611933415 2
0 0.975 0.235 -0.02366000331 2
0 0.975 0.245 -0.0209374029 2
0 0.975 0.255 -0.0179553601 2
0 0.975 0.265 -0.01472666389 2
0 0.975 0.275 -0.01164141855 2
0 0.975 0.285 -0.009116507204 2
0 0.975 0.295 -0.007505146623 2
0 0.975 0.305 -0.006561552435 2
0 0.975 0.315 -0.006331677118 2
0 0.975 0.325 -0.006848075925 2
0 0.975 0.335 -0.007900983977 2
0 0.975 0.345 -0.008963543453 2
0 0.975 0.355 -0.009447702341 2
0 0.975 0.365 -0.009196118354 2
0 0.975 0.375 -0.008292931052 1
0 0.975 0.385 -0.006688804384 1
0 0.975 0.395 -0.005180052204 1
0 0.975 0.405 -0.004316479084 2
0 0.975 0.415 -0.004061032743 2
0 0.975 0.425 -0.004128704055 2
0 0.975 0.435 -0.004398991591 2
0 0.975 0.445 -0.004827363076 2
0 0.975 0.455 -0.00531231277 2
0 0.975 0.465 -0.005827924251 2
0 0.975 0.475 -0.006175996517 2
0 0.975 0.485 -0.007223301032 2
0 0.975 0.495 -0.006619492233 2
0 0.975 0.505 -0.004651593658 2
0 0.975 0.515 -0.001767120207 1
0 0.975 0.525 0 1
0 0.975 0.535 0 1
0 0.975 0.545 0 1
0 0.975 0.555 0 1
0 0.975 0.565 0 1
0 0.985 -0.555 0 2
0 0.985 -0.545 0 1
0 0.985 -0.535 0 1
0 0.985 -0.525 0 1
0 0.985 -0.515 -0.001915503873 1
0 0.985 -0.505 -0.004863455253 1
0 0.985 -0.495 -0.006993516005 1
0 0.985 -0.485 -0.007582235454 1
0 0.985 -0.475 -0.006550213823 1
0 0.985 -0.465 -0.006013009961 2
0 0.985 -0.455 -0.005172994768 2
0 0.985 -0.445 -0.00429633839 2
0 0.985 -0.435 -0.00338234061 2
0 0.985 -0.425 -0.002578381742 2
0 0.985 -0.415 -0.002006759559 2
0 0.985 -0.405 -0.00171501272 2
0 0.985 -0.395 -0.001699494322 2
0 0.985 -0.385 -0.001878488035 2
0 0.985 -0.375 -0.002235807493 2
0 0.985 -0.365 -0.002726193801 2
0 0.985 -0.355 -0.003307206678 2
0 0.985 -0.345 -0.004013319931 2
0 0.985 -0.335 -0.004769719688 2
0 0.985 -0.325 -0.005501250222 2
0 0.985 -0.315 -0.006204479497 2
0 0.985 -0.305 -0.006903061857 2
0 0.985 -0.295 -0.007803389355 2
0 0.985 -0.285 -0.009112320793 2
0 0.985 -0.275 -0.01097359018 2
0 0.985 -0.265 -0.0133843743 2
0 0.985 -0.255 -0.01626801155 2
0 0.985 -0.245 -0.01940965486 2
0 0.985 -0.235 -0.02262294738 2
0 0.985 -0.225 -0.02582693731 2
0 0.985 -0.215 -0.02893290856 2
0 0.985 -0.205 -0.0319164032 2
0 0.985 -0.195 -0.03475183578 2
0 0.985 -0.185 -0.03743114443 2
0 0.985 -0.175 -0.03995115698 2
0 0.985 -0.165 -0.04230975718 2
0 0.985 -0.155 -0.04450663035 2
0 0.985 -0.145 -0.04654466815 2
0 0.985 -0.135 -0.04843350251 2
0 0.985 -0.125 -0.05019712281 2
0 0.985 -0.115 -0.05188314336 2
0 0.985 -0.105 -0.05357903081 2
0 0.985 -0.095 -0.0554713478 2
0 0.985 -0.085 -0.0576937257 2
0 0.985 -0.075 -0.06020141049 2
0 0.985 -0.065 -0.06252293136 2
0 0.985 -0.055 -0.0650129717 2
0 0.985 -0.045 -0.06661922669 1
0 0.985 -0.035 -0.06812782436 1
0 0.985 -0.025 -0.06882339639 1
0 0.985 -0.015 -0.06936613977 2
0 0.985 -0.005 -0.06930174531 2
0 0.985 0.005 -0.06862689292 1
0 0.985 0.015 -0.0676625491 1
0 0.985 0.025 -0.06695273794 1
0 0.985 0.035 -0.06671607318 1
0 0.985 0.045 -0.06672425308 1
0 0.985 0.055 -0.06623330955 1
0 0.985 0.065 -0.06504811334 2
0 0.985 0.075 -0.0622719331 2
0 0.985 0.085 -0.05921678586 2
0 0.985 0.095 -0.05576599827 2
0 0.985 0.105 -0.05268312263 2
0 0.985 0.115 -0.05000816821 2
0 0.985 0.125 -0.0478018399 2
0 0.985 0.135 -0.04607570377 2
0 0.985 0.145 -0.04500665698 2
0 0.985 0.155 -0.04424556209 2
0 0.985 0.165 -0.04330571347 2
0 0.985 0.175 -0.04182366269 2
0 0.985 0.185 -0.0401526841 2
0 0.985 0.195 -0.0380510503 2
0 0.985 0.205 -0.03581650102 2
0 0.985 0.215 -0.03362174037 2
0 0.985 0.225 -0.03137588987 2
0 0.985 0.235 -0.02856273894 2
0 0.985 0.245 -0.02475593227 2
0 0.985 0.255 -0.02037036317 2
0 0.985 0.265 -0.01594145203 2
0 0.985 0.275 -0.01185225476 2
0 0.985 0.285 -0.00838519613 2
0 0.985 0.295 -0.005995595034 2
0 0.985 0.305 -0.004490881713 2
0 0.985 0.315 -0.003855099431 2
0 0.985 0.325 -0.004030236422 2
0 0.985 0.335 -0.004683237131 2
0 0.985 0.345 -0.005347527397 2
0 0.985 0.355 -0.005661530888 2
0 0.985 0.365 -0.005614987686 1
0 0.985 0.375 -0.005116878853 1
0 0.985 0.385 -0.004117114996 1
0 0.985 0.395 -0.003104287759 1
0 0.985 0.405 -0.002517014611 1
0 0.985 0.415 -0.002284573106 2
0 0.985 0.425 -0.002131858958 2
0 0.985 0.435 -0.001910814253 2
0 0.985 0.445 -0.001874741638 2
0 0.985 0.455 -0.002174630448 2
0 0.985 0.465 -0.002783166238 2
0 0.985 0.475 -0.003387523333 2
0 0.985 0.485 -0.004558837484 2
0 0.985 0.495 -0.004416088402 2
0 0.985 0.505 -0.003253159125 2
0 0.985 0.515 -0.00123330619 2
0 0.985 0.525 0 1
0 0.985 0.535 0 1
0 0.985 0.545 0 1
0 0.985 0.555 0 1
0 0.985 0.565 0 1
0 0.995 -0.555 0 2
0 0.995 -0.545 0 1
0 0.995 -0.535 0 1
0 0.995 -0.525 0 1
0 0.995 -0.515 -0.001168179214 1
0 0.995 -0.505 -0.002949242143 1
0 0.995 -0.495 -0.004313918689 1
0 0.995 -0.485 -0.004603574548 1
0 0.995 -0.475 -0.003843483198 1
0 0.995 -0.465 -0.00328722655 1
0 0.995 -0.455 -0.002513928468 2
0 0.995 -0.445 -0.00170976889 2
0 0.995 -0.435 -0.0009690960195 2
0 0.995 -0.425 -0.0003338929061 2
0 0.995 -0.415 0.0001441551884 2
0 0.995 -0.405 0.0003683025026 2
0 0.995 -0.395 0.0003383321896 2
0 0.995 -0.385 0.0001195374696 2
0 0.995 -0.375 -0.0002534353387 2
0 0.995 -0.365 -0.000752106133 2
0 0.995 -0.355 -0.001357476552 2
0 0.995 -0.345 -0.002084717136 2
0 0.995 -0.335 -0.002901576256 2
0 0.995 -0.325 -0.003741164001 2
0 0.995 -0.315 -0.004564667357 2
0 0.995 -0.305 -0.005407832835 2
0 0.995 -0.295 -0.006422687702 2
0 0.995 -0.285 -0.007764614099 2
0 0.995 -0.275 -0.009559257508 2
0 0.995 -0.265 -0.0118004782 2
0 0.995 -0.255 -0.01439174491 2
0 0.995 -0.245 -0.01718374393 2
0 0.995 -0.235 -0.02005888665 2
0 0.995 -0.225 -0.02295038837 2
0 0.995 -0.215 -0.02578622513 2
0 0.995 -0.205 -0.02852349954 2
0 0.995 -0.195 -0.03113662438 2
0 0.995 -0.185 -0.03361407598 2
0 0.995 -0.175 -0.03594966479 2
0 0.995 -0.165 -0.03814051252 2
0 0.995 -0.155 -0.04018638965 2
0 0.995 -0.145 -0.0420913961 2
0 0.995 -0.135 -0.0438682079 2
0 0.995 -0.125 -0.04554588655 2
0 0.995 -0.115 -0.04718612214 2
0 0.995 -0.105 -0.04889210252 2
0 0.995 -0.095 -0.05091991031 2
0 0.995 -0.085 -0.05343934942 2
0 0.995 -0.075 -0.05663767771 2
0 0.995 -0.065 -0.06001534853 2
0 0.995 -0.055 -0.06358089513 2
0 0.995 -0.045 -0.06627703779 2
0 0.995 -0.035 -0.06818530059 2
0 0.995 -0.025 -0.06918618833 2
0 0.995 -0.015 -0.0694455553 2
0 0.995 -0.005 -0.06916894606 2
0 0.995 0.005 -0.06861383212 2
0 0.995 0.015 -0.0677356763 1
0 0.995 0.025 -0.06722057707 1
0 0.995 0.035 -0.06686007847 1
0 0.995 0.045 -0.06617314649 1
0 0.995 0.055 -0.06489184933 2
0 0.995 0.065 -0.062293045 2
0 0.995 0.075 -0.05892283626 2
0 0.995 0.085 -0.05516924369 2
0 0.995 0.095 -0.05149756877 2
0 0.995 0.105 -0.04839364908 2
0 0.995 0.115 -0.04583142527 2
0 0.995 0.125 -0.04373806338 2
0 0.995 0.135 -0.04205947492 2
0 0.995 0.145 -0.04090265334 2
0 0.995 0.155 -0.03991967756 2
0 0.995 0.165 -0.03862063328 2
0 0.995 0.175 -0.03688629731 2
0 0.995 0.185 -0.03520391414 2
0 0.995 0.195 -0.03384485356 2
0 0.995 0.205 -0.03230827442 2
0 0.995 0.215 -0.03076886341 2
0 0.995 0.225 -0.02891693177 2
0 0.995 0.235 -0.02643651661 2
0 0.995 0.245 -0.02270529627 2
0 0.995 0.255 -0.0184121502 2
0 0.995 0.265 -0.01413720322 2
0 0.995 0.275 -0.01028848628 2
0 0.995 0.285 -0.007018746975 2
0 0.995 0.295 -0.004563760944 2
0 0.995 0.305 -0.002881724604 2
0 0.995 0.315 -0.002084093593 2
0 0.995 0.325 -0.002037690607 2
0 0.995 0.335 -0.002156038718 2
0 0.995 0.345 -0.00230157288 2
0 0.995 0.355 -0.002514439741 2
0 0.995 0.365 -0.002582494014 1
0 0.995 0.375 -0.002350145138 1
0 0.995 0.385 -0.001987872515 1
0 0.995 0.395 -0.001729547418 1
0 0.995 0.405 -0.001566073397 1
0 0.995 0.415 -0.001384422556 1
0 0.995 0.425 -0.001124069464 2
0 0.995 0.435 -0.0007035847019 2
0 0.995 0.445 -0.0003284478361 2
0 0.995 0.455 -0.0003594077482 2
0 0.995 0.465 -0.0008484078629 2
0 0.995 0.475 -0.001449682162 2
0 0.995 0.485 -0.002468039258 2
0 0.995 0.495 -0.002609767128 2
0 0.995 0.505 -0.002023449436 2
0 0.995 0.515 -0.0007747254855 2
0 0.995 0.525 0 2
0 0.995 0.535 0 2
0 0.995 0.545 0 2
0 0.995 0.555 0 1
0 0.995 0.565 0 1
0 1.005 -0.555 0 2
0 1.005 -0.545 0 1
0 1.005 -0.535 0 1
0 1.005 -0.525 0 1
0 1.005 -0.515 -0.000540497372 1
0 1.005 -0.505 -0.001248091371 1
0 1.005 -0.495 -0.001811691817 1
0 1.005 -0.485 -0.001866908131 1
0 1.005 -0.475 -0.001369403011 1
0 1.005 -0.465 -0.0008668369457 1
0 1.005 -0.455 -0.0001975400001 1
0 1.005 -0.445 0.0004585853822 2
0 1.005 -0.435 0.0009747352994 2
0 1.005 -0.425 0.001319793538 2
0 1.005 -0.415 0.001545469075 2
0 1.005 -0.405 0.001626893702 2
0 1.005 -0.395 0.001554482055 2
0 1.005 -0.385 0.00135407042 2
0 1.005 -0.375 0.001046629804 2
0 1.005 -0.365 0.0006491184793 2
0 1.005 -0.355 0.0001725249863 2
0 1.005 -0.345 -0.0003724979861 2
0 1.005 -0.335 -0.0009680572962 2
0 1.005 -0.325 -0.001598848384 2
0 1.005 -0.315 -0.00225549367 2
0 1.005 -0.305 -0.002958529134 2
0 1.005 -0.295 -0.003778210108 2
0 1.005 -0.285 -0.004796294704 2
0 1.005 -0.275 -0.006075385197 2
0 1.005 -0.265 -0.007616773321 2
0 1.005 -0.255 -0.009376299081 2
0 1.005 -0.245 -0.01128422673 2
0 1.005 -0.235 -0.01326325415 2
0 1.005 -0.225 -0.01524989056 2
0 1.005 -0.215 -0.01719841052 2
0 1.005 -0.205 -0.01908128693 2
0 1.005 -0.195 -0.02088161821 2
0 1.005 -0.185 -0.02259093905 2
0 1.005 -0.175 -0.02420457107 2
0 1.005 -0.165 -0.02572003849 2
0 1.005 -0.155 -0.02713632542 2
0 1.005 -0.145 -0.02845506359 2
0 1.005 -0.135 -0.02968358357 2
0 1.005 -0.125 -0.03084027037 2
0 1.005 -0.115 -0.03196802751 2
0 1.005 -0.105 -0.03313962033 2
0 1.005 -0.095 -0.03456090081 2
0 1.005 -0.085 -0.03639024845 2
0 1.005 -0.075 -0.03882749454 2
0 1.005 -0.065 -0.04171554708 2
0 1.005 -0.055 -0.04486507012 2
0 1.005 -0.045 -0.04759773716 2
0 1.005 -0.035 -0.04922528679 2
0 1.005 -0.025 -0.04983950824 2
0 1.005 -0.015 -0.04967289243 2
0 1.005 -0.005 -0.04953020527 2
0 1.005 0.005 -0.04954744751 2
0 1.005 0.015 -0.04942424644 2
0 1.005 0.025 -0.04921237748 2
0 1.005 0.035 -0.04888712874 2
0 1.005 0.045 -0.04808049589 2
0 1.005 0.055 -0.04646345976 2
0 1.005 0.065 -0.04369496168 2
0 1.005 0.075 -0.04066055714 2
0 1.005 0.085 -0.0376229335 2
0 1.005 0.095 -0.03501136532 2
0 1.005 0.105 -0.03283402463 2
0 1.005 0.115 -0.03108363292 2
0 1.005 0.125 -0.02965247911 2
0 1.005 0.135 -0.02847330053 2
0 1.005 0.145 -0.02754131534 2
0 1.005 0.155 -0.02652703009 2
0 1.005 0.165 -0.0250668559 2
0 1.005 0.175 -0.02339881252 2
0 1.005 0.185 -0.02196297443 1
0 1.005 0.195 -0.02127954046 1
0 1.005 0.205 -0.02087048925 1
0 1.005 0.215 -0.02051258621 1
0 1.005 0.225 -0.01959721759 1
0 1.005 0.235 -0.01803995665 2
0 1.005 0.245 -0.01542472166 2
0 1.005 0.255 -0.01236129671 2
0 1.005 0.265 -0.00927836157 2
0 1.005 0.275 -0.006550119324 2
0 1.005 0.285 -0.00424232948 2
0 1.005 0.295 -0.00245183422 2
0 1.005 0.305 -0.00117422608 2
0 1.005 0.315 -0.0004309604566 2
0 1.005 0.325 -8.171457333e-05 2
0 1.005 0.335 0.0001786649408 2
0 1.005 0.345 0.0003184033184 2
0 1.005 0.355 0.0003297646627 1
0 1.005 0.365 0.0002378284645 1
0 1.005 0.375 -1.081987625e-05 1
0 1.005 0.385 -0.0002162647163 1
0 1.005 0.395 -0.0004144280693 1
0 1.005 0.405 -0.0005246841972 1
0 1.005 0.415 -0.0004676425137 1
0 1.005 0.425 -0.0001407767518 1
0 1.005 0.435 0.0003107022828 2
0 1.005 0.445 0.0007179729632 2
0 1.005 0.455 0.0008259314561 2
0 1.005 0.465 0.0005523335417 2
0 1.005 0.475 0.0001102813736 2
0 1.005 0.485 -0.0005767869784 2
0 1.005 0.495 -0.0008333846427 2
0 1.005 0.505 -0.00075353721 2
0 1.005 0.515 -0.0003310655505 2
0 1.005 0.525 0 2
0 1.005 0.535 0 2
0 1.005 0.545 0 2
0 1.005 0.555 0 2
0 1.005 0.565 0 2
0 1.015 -0.555 0 2
0 1.015 -0.545 0 2
0 1.015 -0.535 0 1
0 1.015 -0.525 0 1
0 1.015 -0.515 -0.0001870257114 1
0 1.015 -0.505 -0.0004445410969 1
0 1.015 -0.495 -0.0006533310013 1
0 1.015 -0.485 -0.0006690423939 1
0 1.015 -0.475 -0.0005085676855 1
0 1.015 -0.465 -0.0003304184046 1
0 1.015 -0.455 -0.0001040693282 1
0 1.015 -0.445 0.0001176612228 2
0 1.015 -0.435 0.000312934273 2
0 1.015 -0.425 0.0004472955167 2
0 1.015 -0.415 0.0005383801608 2
0 1.015 -0.405 0.0005775511394 2
0 1.015 -0.395 0.000556209888 2
0 1.015 -0.385 0.0004826864884 2
0 1.015 -0.375 0.0003656545582 2
0 1.015 -0.365 0.0002118325281 2
0 1.015 -0.355 2.557446739e-05 2
0 1.015 -0.345 -0.0001886071764 2
0 1.015 -0.335 -0.0004233072155 2
0 1.015 -0.325 -0.0006716919216 2
0 1.015 -0.315 -0.0009331241235 2
0 1.015 -0.305 -0.001218788136 2
0 1.015 -0.295 -0.001552764293 2
0 1.015 -0.285 -0.001961823006 2
0 1.015 -0.275 -0.002466575099 2
0 1.015 -0.265 -0.00306969424 2
0 1.015 -0.255 -0.003756343619 2
0 1.015 -0.245 -0.004500266094 2
0 1.015 -0.235 -0.005273059902 2
0 1.015 -0.225 -0.006051234698 2
0 1.015 -0.215 -0.006817418207 2
0 1.015 -0.205 -0.00756005223 2
0 1.015 -0.195 -0.008271582915 2
0 1.015 -0.185 -0.008947890318 2
0 1.015 -0.175 -0.009586797196 2
0 1.015 -0.165 -0.01018727372 2
0 1.015 -0.155 -0.01074920376 2
0 1.015 -0.145 -0.01127391359 2
0 1.015 -0.135 -0.0117655618 2
0 1.015 -0.125 -0.01223340308 2
0 1.015 -0.115 -0.01269801342 2
0 1.015 -0.105 -0.01319262122 2
0 1.015 -0.095 -0.01380494721 2
0 1.015 -0.085 -0.01461825817 2
0 1.015 -0.075 -0.01569759053 2
0 1.015 -0.065 -0.0169740954 2
0 1.015 -0.055 -0.01828152669 2
0 1.015 -0.045 -0.01941100804 2
0 1.015 -0.035 -0.0201023193 2
0 1.015 -0.025 -0.02039544953 2
0 1.015 -0.015 -0.0203777605 2
0 1.015 -0.005 -0.02039082834 2
0 1.015 0.005 -0.02051330801 2
0 1.015 0.015 -0.02070982639 2
0 1.015 0.025 -0.02081187943 2
0 1.015 0.035 -0.02063174794 2
0 1.015 0.045 -0.02001296589 2
0 1.015 0.055 -0.01900806614 2
0 1.015 0.065 -0.01769807229 2
0 1.015 0.075 -0.01634889694 2
0 1.015 0.085 -0.01506608913 2
0 1.015 0.095 -0.0139838174 2
0 1.015 0.105 -0.01309667059 2
0 1.015 0.115 -0.01239606687 2
0 1.015 0.125 -0.01182451198 2
0 1.015 0.135 -0.01136282282 2
0 1.015 0.145 -0.01098212105 2
0 1.015 0.155 -0.01051653661 2
0 1.015 0.165 -0.009785361048 2
0 1.015 0.175 -0.00895809504 2
0 1.015 0.185 -0.008286969629 1
0 1.015 0.195 -0.007992324489 1
0 1.015 0.205 -0.007884011025 1
0 1.015 0.215 -0.007820005375 1
0 1.015 0.225 -0.007523106841 1
0 1.015 0.235 -0.006966125377 1
0 1.015 0.245 -0.006018264501 1
0 1.015 0.255 -0.004891805501 2
0 1.015 0.265 -0.00372861648 2
0 1.015 0.275 -0.002686212783 2
0 1.015 0.285 -0.001800054902 2
0 1.015 0.295 -0.001119922166 2
0 1.015 0.305 -0.0006411034281 2
0 1.015 0.315 -0.0003525032126 2
0 1.015 0.325 -0.0001528857084 2
0 1.015 0.335 6.622518468e-05 2
0 1.015 0.345 0.0002490904259 2
0 1.015 0.355 0.0003335708976 1
0 1.015 0.365 0.0003078792277 1
0 1.015 0.375 0.0001477861137 1
0 1.015 0.385 -4.750695164e-05 1
0 1.015 0.395 -0.0002617759324 1
0 1.015 0.405 -0.0003589067401 1
0 1.015 0.415 -0.0003419492885 1
0 1.015 0.425 -0.0002079175843 1
0 1.015 0.435 -1.466374655e-05 2
0 1.015 0.445 0.0001852463802 2
0 1.015 0.455 0.0002716681728 2
0 1.015 0.465 0.0001915400844 2
0 1.015 0.475 2.986016905e-05 2
0 1.015 0.485 -0.0002067806871 2
0 1.015 0.495 -0.0003016702381 2
0 1.015 0.505 -0.0002565998846 2
0 1.015 0.515 -0.0001112910047 2
0 1.015 0.525 0 2
0 1.015 0.535 0 2
0 1.015 0.545 0 2
0 1.015 0.555 0 2
0 1.015 0.565 0 2
0 1.025 -0.555 0 2
0 1.025 -0.545 0 2
0 1.025 -0.535 0 1
0 1.025 -0.525 0 1
0 1.025 -0.515 0 1
0 1.025 -0.505 0 1
0 1.025 -0.495 0 1
0 1.025 -0.485 0 1
0 1.025 -0.475 0 1
0 1.025 -0.465 0 1
0 1.025 -0.455 0 1
0 1.025 -0.445 0 1
0 1.025 -0.435 0 2
0 1.025 -0.425 0 2
0 1.025 -0.415 0 2
0 1.025 -0.405 0 2
0 1.025 -0.395 0 2
0 1.025 -0.385 0 2
0 1.025 -0.375 0 2
0 1.025 -0.365 0 2
0 1.025 -0.355 0 2
0 1.025 -0.345 0 2
0 1.025 -0.335 0 2
0 1.025 -0.325 0 2
0 1.025 -0.315 0 2
0 1.025 -0.305 0 2
0 1.025 -0.295 0 2
0 1.025 -0.285 0 2
0 1.025 -0.275 0 2
0 1.025 -0.265 0 2
0 1.025 -0.255 0 1
0 1.025 -0.245 0 1
0 1.025 -0.235 0 1
0 1.025 -0.225 0 2
0 1.025 -0.215 0 2
0 1.025 -0.205 0 2
0 1.025 -0.195 0 2
0 1.025 -0.185 0 2
0 1.025 -0.175 0 2
0 1.025 -0.165 0 2
0 1.025 -0.155 0 2
0 1.025 -0.145 0 2
0 1.025 -0.135 0 2
0 1.025 -0.125 0 2
0 1.025 -0.115 0 2
0 1.025 -0.105 0 2
0 1.025 -0.095 0 2
0 1.025 -0.085 0 2
0 1.025 -0.075 0 2
0 1.025 -0.065 0 2
0 1.025 -0.055 0 2
0 1.025 -0.045 0 2
0 1.025 -0.035 0 2
0 1.025 -0.025 0 2
0 1.025 -0.015 0 2
0 1.025 -0.005 0 2
0 1.025 0.005 0 2
0 1.025 0.015 0 2
0 1.025 0.025 0 2
0 1.025 0.035 0 2
0 1.025 0.045 0 2
0 1.025 0.055 0 2
0 1.025 0.065 0 2
0 1.025 0.075 0 2
0 1.025 0.085 0 2
0 1.025 0.095 0 2
0 1.025 0.105 0 2
0 1.025 0.115 0 2
0 1.025 0.125 0 2
0 1.025 0.135 0 2
0 1.025 0.145 0 2
0 1.025 0.155 0 2
0 1.025 0.165 0 2
0 1.025 0.175 0 1
0 1.025 0.185 0 1
0 1.025 0.195 0 1
0 1.025 0.205 0 1
0 1.025 0.215 0 1
0 1.025 0.225 0 1
0 1.025 0.235 0 1
0 1.025 0.245 0 1
0 1.025 0.255 0 1
0 1.025 0.265 0 2
0 1.025 0.275 0 2
0 1.025 0.285 0 2
0 1.025 0.295 0 2
0 1.025 0.305 0 2
0 1.025 0.315 0 2
0 1.025 0.325 0 2
0 1.025 0.335 0 2
0 1.025 0.345 0 2
0 1.025 0.355 0 2
0 1.025 0.365 0 1
0 1.025 0.375 0 1
0 1.025 0.385 0 1
0 1.025 0.395 0 1
0 1.025 0.405 0 1
0 1.025 0.415 0 1
0 1.025 0.425 0 1
0 1.025 0.435 0 2
0 1.025 0.445 0 2
0 1.025 0.455 0 2
0 1.025 0.465 0 2
0 1.025 0.475 0 2
0 1.025 0.485 0 2
0 1.025 0.495 0 2
0 1.025 0.505 0 2
0 1.025 0.515 0 2
0 1.025 0.525 0 2
0 1.025 0.535 0 2
0 1.025 0.545 0 2
0 1.025 0.555 0 2
0 1.025 0.565 0 2
0 1.035 -0.555 0 2
0 1.035 -0.545 0 2
0 1.035 -0.535 0 2
0 1.035 -0.525 0 1
0 1.035 -0.515 0 1
0 1.035 -0.505 0 1
0 1.035 -0.495 0 1
0 1.035 -0.485 0 1
0 1.035 -0.475 0 1
0 1.035 -0.465 0 1
0 1.035 -0.455 0 1
0 1.035 -0.445 0 1
0 1.035 -0.435 0 2
0 1.035 -0.425 0 2
0 1.035 -0.415 0 2
0 1.035 -0.405 0 2
0 1.035 -0.395 0 2
0 1.035 -0.385 0 2
0 1.035 -0.375 0 2
0 1.035 -0.365 0 2
0 1.035 -0.355 0 2
0 1.035 -0.345 0 2
0 1.035 -0.335 0 2
0 1.035 -0.325 0 2
0 1.035 -0.315 0 2
0 1.035 -0.305 0 2
0 1.035 -0.295 0 2
0 1.035 -0.285 0 2
0 1.035 -0.275 0 2
0 1.035 -0.265 0 1
0 1.035 -0.255 0 1
0 1.035 -0.245 0 1
0 1.035 -0.235 0 1
0 1.035 -0.225 0 1
0 1.035 -0.215 0 1
0 1.035 -0.205 0 2
0 1.035 -0.195 0 2
0 1.035 -0.185 0 2
0 1.035 -0.175 0 2
0 1.035 -0.165 0 2
0 1.035 -0.155 0 2
0 1.035 -0.145 0 2
0 1.035 -0.135 0 2
0 1.035 -0.125 0 2
0 1.035 -0.115 0 2
0 1.035 -0.105 0 2
0 1.035 -0.095 0 2
0 1.035 -0.085 0 2
0 1.035 -0.075 0 2
0 1.035 -0.065 0 2
0 1.035 -0.055 0 2
0 1.035 -0.045 0 2
0 1.035 -0.035 0 2
0 1.035 -0.025 0 2
0 1.035 -0.015 0 2
0 1.035 -0.005 0 2
0 1.035 0.005 0 2
0 1.035 0.015 0 2
0 1.035 0.025 0 2
0 1.035 0.035 0 2
0 1.035 0.045 0 2
0 1.035 0.055 0 2
0 1.035 0.065 0 2
0 1.035 0.075 0 2
0 1.035 0.085 0 2
0 1.035 0.095 0 2
0 1.035 0.105 0 2
0 1.035 0.115 0 2
0 1.035 0.125 0 2
0 1.035 0.135 0 2
0 1.035 0.145 0 2
0 1.035 0.155 0 2
0 1.035 0.165 0 2
0 1.035 0.175 0 2
0 1.035 0.185 0 1
0 1.035 0.195 0 1
0 1.035 0.205 0 1
0 1.035 0.215 0 1
0 1.035 0.225 0 1
0 1.035 0.235 0 1
0 1.035 0.245 0 1
0 1.035 0.255 0 1
0 1.035 0.265 0 1
0 1.035 0.275 0 2
0 1.035 0.285 0 2
0 1.035 0.295 0 2
0 1.035 0.305 0 2
0 1.035 0.315 0 2
0 1.035 0.325 0 2
0 1.035 0.335 0 2
0 1.035 0.345 0 2
0 1.035 0.355 0 2
0 1.035 0.365 0 1
0 1.035 0.375 0 1
0 1.035 0.385 0 1
0 1.035 0.395 0 1
0 1.035 0.405 0 1
0 1.035 0.415 0 1
0 1.035 0.425 0 1
0 1.035 0.435 0 1
0 1.035 0.445 0 2
0 1.035 0.455 0 2
0 1.035 0.465 0 2
0 1.035 0.475 0 2
0 1.035 0.485 0 2
0 1.035 0.495 0 2
0 1.035 0.505 0 2
0 1.035 0.515 0 2
0 1.035 0.525 0 2
0 1.035 0.535 0 2
0 1.035 0.545 0 2
0 1.035 0.555 0 2
0 1.035 0.565 0 2
0 1.045 -0.555 0 2
0 1.045 -0.545 0 2
0 1.045 -0.535 0 2
0 1.045 -0.525 0 2
0 1.045 -0.515 0 1
0 1.045 -0.505 0 1
0 1.045 -0.495 0 1
0 1.045 -0.485 0 1
0 1.045 -0.475 0 1
0 1.045 -0.465 0 1
0 1.045 -0.455 0 1
0 1.045 -0.445 0 1
0 1.045 -0.435 0 2
0 1.045 -0.425 0 2
0 1.045 -0.415 0 2
0 1.045 -0.405 0 2
0 1.045 -0.395 0 2
0 1.045 -0.385 0 2
0 1.045 -0.375 0 2
0 1.045 -0.365 0 2
0 1.045 -0.355 0 2
0 1.045 -0.345 0 2
0 1.045 -0.335 0 2
0 1.045 -0.325 0 2
0 1.045 -0.315 0 2
0 1.045 -0.305 0 2
0 1.045 -0.295 0 2
0 1.045 -0.285 0 2
0 1.045 -0.275 0 2
0 1.045 -0.265 0 1
0 1.045 -0.255 0 1
0 1.045 -0.245 0 1
0 1.045 -0.235 0 1
0 1.045 -0.225 0 1
0 1.045 -0.215 0 1
0 1.045 -0.205 0 1
0 1.045 -0.195 0 2
0 1.045 -0.185 0 2
0 1.045 -0.175 0 2
0 1.045 -0.165 0 2
0 1.045 -0.155 0 2
0 1.045 -0.145 0 2
0 1.045 -0.135 0 2
0 1.045 -0.125 0 2
0 1.045 -0.115 0 2
0 1.045 -0.105 0 2
0 1.045 -0.095 0 2
0 1.045 -0.085 0 2
0 1.045 -0.075 0 2
0 1.045 -0.065 0 2
0 1.045 -0.055 0 2
0 1.045 -0.045 0 2
0 1.045 -0.035 0 2
0 1.045 -0.025 0 2
0 1.045 -0.015 0 2
0 1.045 -0.005 0 2
0 1.045 0.005 0 2
0 1.045 0.015 0 2
0 1.045 0.025 0 2
0 1.045 0.035 0 2
0 1.045 0.045 0 2
0 1.045 0.055 0 2
0 1.045 0.065 0 2
0 1.045 0.075 0 2
0 1.045 0.085 0 2
0 1.045 0.095 0 2
0 1.045 0.105 0 2
0 1.045 0.115 0 2
0 1.045 0.125 0 2
0 1.045 0.135 0 2
0 1.045 0.145 0 2
0 1.045 0.155 0 2
0 1.045 0.165 0 2
0 1.045 0.175 0 2
0 1.045 0.185 0 1
0 1.045 0.195 0 1
0 1.045 0.205 0 1
0 1.045 0.215 0 1
0 1.045 0.225 0 1
0 1.045 0.235 0 1
0 1.045 0.245 0 1
0 1.045 0.255 0 1
0 1.045 0.265 0 1
0 1.045 0.275 0 2
0 1.045 0.285 0 2
0 1.045 0.295 0 2
0 1.045 0.305 0 2
0 1.045 0.315 0 2
0 1.045 0.325 0 2
0 1.045 0.335 0 2
0 1.045 0.345 0 2
0 1.045 0.355 0 2
0 1.045 0.365 0 1
0 1.045 0.375 0 1
0 1.045 0.385 0 1
0 1.045 0.395 0 1
0 1.045 0.405 0 1
0 1.045 0.415 0 1
0 1.045 0.425 0 1
0 1.045 0.435 0 1
0 1.045 0.445 0 2
0 1.045 0.455 0 2
0 1.045 0.465 0 2
0 1.045 0.475 0 2
0 1.045 0.485 0 2
0 1.045 0.495 0 2
0 1.045 0.505 0 2
0 1.045 0.515 0 2
0 1.045 0.525 0 2
0 1.045 0.535 0 2
0 1.045 0.545 0 2
0 1.045 0.555 0 2
0 1.045 0.565 0 2
0 1.055 -0.555 0 2
0 1.055 -0.545 0 2
0 1.055 -0.535 0 2
0 1.055 -0.525 0 2
0 1.055 -0.515 0 2
0 1.055 -0.505 0 2
0 1.055 -0.495 0 1
0 1.055 -0.485 0 1
0 1.055 -0.475 0 1
0 1.055 -0.465 0 1
0 1.055 -0.455 0 1
0 1.055 -0.445 0 2
0 1.055 -0.435 0 2
0 1.055 -0.425 0 2
0 1.055 -0.415 0 2
0 1.055 -0.405 0 2
0 1.055 -0.395 0 2
0 1.055 -0.385 0 2
0 1.055 -0.375 0 2
0 1.055 -0.365 0 2
0 1.055 -0.355 0 2
0 1.055 -0.345 0 2
0 1.055 -0.335 0 2
0 1.055 -0.325 0 2
0 1.055 -0.315 0 2
0 1.055 -0.305 0 2
0 1.055 -0.295 0 2
0 1.055 -0.285 0 2
0 1.055 -0.275 0 2
0 1.055 -0.265 0 1
0 1.055 -0.255 0 1
0 1.055 -0.245 0 1
0 1.055 -0.235 0 1
0 1.055 -0.225 0 1
0 1.055 -0.215 0 1
0 1.055 -0.205 0 1
0 1.055 -0.195 0 1
0 1.055 -0.185 0 2
0 1.055 -0.175 0 2
0 1.055 -0.165 0 2
0 1.055 -0.155 0 2
0 1.055 -0.145 0 2
0 1.055 -0.135 0 2
0 1.055 -0.125 0 2
0 1.055 -0.115 0 2
0 1.055 -0.105 0 2
0 1.055 -0.095 0 2
0 1.055 -0.085 0 2
0 1.055 -0.075 0 2
0 1.055 -0.065 0 2
0 1.055 -0.055 0 2
0 1.055 -0.045 0 2
0 1.055 -0.035 0 2
0 1.055 -0.025 0 2
0 1.055 -0.015 0 2
0 1.055 -0.005 0 2
0 1.055 0.005 0 2
0 1.055 0.015 0 2
0 1.055 0.025 0 2
0 1.055 0.035 0 2
0 1.055 0.045 0 2
0 1.055 0.055 0 2
0 1.055 0.065 0 2
0 1.055 0.075 0 2
0 1.055 0.085 0 2
0 1.055 0.095 0 2
0 1.055 0.105 0 2
0 1.055 0.115 0 2
0 1.055 0.125 0 2
0 1.055 0.135 0 2
0 1.055 0.145 0 2
0 1.055 0.155 0 2
0 1.055 0.165 0 2
0 1.055 0.175 0 2
0 1.055 0.185 0 1
0 1.055 0.195 0 1
0 1.055 0.205 0 1
0 1.055 0.215 0 1
0 1.055 0.225 0 1
0 1.055 0.235 0 1
0 1.055 0.245 0 1
0 1.055 0.255 0 1
0 1.055 0.265 0 1
0 1.055 0.275 0 2
0 1.055 0.285 0 2
0 1.055 0.295 0 2
0 1.055 0.305 0 2
0 1.055 0.315 0 2
0 1.055 0.325 0 2
0 1.055 0.335 0 2
0 1.055 0.345 0 2
0 1.055 0.355 0 2
0 1.055 0.365 0 2
0 1.055 0.375 0 1
0 1.055 0.385 0 1
0 1.055 0.395 0 1
0 1.055 0.405 0 1
0 1.055 0.415 0 1
0 1.055 0.425 0 1
0 1.055 0.435 0 2
0 1.055 0.445 0 2
0 1.055 0.455 0 2
0 1.055 0.465 0 2
0 1.055 0.475 0 2
0 1.055 0.485 0 2
0 1.055 0.495 0 2
0 1.055 0.505 0 2
0 1.055 0.515 0 2
0 1.055 0.525 0 2
0 1.055 0.535 0 2
0 1.055 0.545 0 2
0 1.055 0.555 0 2
0 1.055 0.565 0 2
0 1.065 -0.555 0 2
0 1.065 -0.545 0 2
0 1.065 -0.535 0 2
0 1.065 -0.525 0 2
0 1.065 -0.515 0 2
0 1.065 -0.505 0 2
0 1.065 -0.495 0 2
0 1.065 -0.485 0 2
0 1.065 -0.475 0 2
0 1.065 -0.465 0 2
0 1.065 -0.455 0 2
0 1.065 -0.445 0 2
0 1.065 -0.435 0 2
0 1.065 -0.425 0 2
0 1.065 -0.415 0 2
0 1.065 -0.405 0 2
0 1.065 -0.395 0 2
0 1.065 -0.385 0 2
0 1.065 -0.375 0 2
0 1.065 -0.365 0 2
0 1.065 -0.355 0 2
0 1.065 -0.345 0 2
0 1.065 -0.335 0 2
0 1.065 -0.325 0 2
0 1.065 -0.315 0 2
0 1.065 -0.305 0 2
0 1.065 -0.295 0 2
0 1.065 -0.285 0 2
0 1.065 -0.275 0 2
0 1.065 -0.265 0 1
0 1.065 -0.255 0 1
0 1.065 -0.245 0 1
0 1.065 -0.235 0 1
0 1.065 -0.225 0 1
0 1.065 -0.215 0 1
0 1.065 -0.205 0 1
0 1.065 -0.195 0 1
0 1.065 -0.185 0 2
0 1.065 -0.175 0 2
0 1.065 -0.165 0 2
0 1.065 -0.155 0 2
0 1.065 -0.145 0 2
0 1.065 -0.135 0 2
0 1.065 -0.125 0 2
0 1.065 -0.115 0 2
0 1.065 -0.105 0 2
0 1.065 -0.095 0 2
0 1.065 -0.085 0 2
0 1.065 -0.075 0 2
0 1.065 -0.065 0 2
0 1.065 -0.055 0 2
0 1.065 -0.045 0 2
0 1.065 -0.035 0 2
0 1.065 -0.025 0 2
0 1.065 -0.015 0 2
0 1.065 -0.005 0 2
0 1.065 0.005 0 2
0 1.065 0.015 0 2
0 1.065 0.025 0 2
0 1.065 0.035 0 2
0 1.065 0.045 0 2
0 1.065 0.055 0 2
0 1.065 0.065 0 2
0 1.065 0.075 0 2
0 1.065 0.085 0 2
0 1.065 0.095 0 2
0 1.065 0.105 0 2
0 1.065 0.115 0 2
0 1.065 0.125 0 2
0 1.065 0.135 0 2
0 1.065 0.145 0 2
0 1.065 0.155 0 2
0 1.065 0.165 0 2
0 1.065 0.175 0 2
0 1.065 0.185 0 2
0 1.065 0.195 0 1
0 1.065 0.205 0 1
0 1.065 0.215 0 1
0 1.065 0.225 0 1
0 1.065 0.235 0 1
0 1.065 0.245 0 1
0 1.065 0.255 0 1
0 1.065 0.265 0 1
0 1.065 0.275 0 1
0 1.065 0.285 0 2
0 1.065 0.295 0 2
0 1.065 0.305 0 2
0 1.065 0.315 0 2
0 1.065 0.325 0 2
0 1.065 0.335 0 2
0 1.065 0.345 0 2
0 1.065 0.355 0 2
0 1.065 0.365 0 2
0 1.065 0.375 0 2
0 1.065 0.385 0 1
0 1.065 0.395 0 1
0 1.065 0.405 0 1
0 1.065 0.415 0 1
0 1.065 0.425 0 1
0 1.065 0.435 0 2
0 1.065 0.445 0 2
0 1.065 0.455 0 2
0 1.065 0.465 0 2
0 1.065 0.475 0 2
0 1.065 0.485 0 2
0 1.065 0.495 0 2
0 1.065 0.505 0 2
0 1.065 0.515 0 2
0 1.065 0.525 0 2
0 1.065 0.535 0 2
0 1.065 0.545 0 2
0 1.065 0.555 0 2
0 1.065 0.565 0 2
