t x y content type
0 -0.055 -0.555 0 2
0 -0.055 -0.545 0 2
0 -0.055 -0.535 0 2
0 -0.055 -0.525 0 2
0 -0.055 -0.515 0 2
0 -0.055 -0.505 0 2
0 -0.055 -0.495 0 2
0 -0.055 -0.485 0 2
0 -0.055 -0.475 0 2
0 -0.055 -0.465 0 2
0 -0.055 -0.455 0 2
0 -0.055 -0.445 0 2
0 -0.055 -0.435 0 2
0 -0.055 -0.425 0 2
0 -0.055 -0.415 0 2
0 -0.055 -0.405 0 2
0 -0.055 -0.395 0 2
0 -0.055 -0.385 0 2
0 -0.055 -0.375 0 2
0 -0.055 -0.365 0 1
0 -0.055 -0.355 0 1
0 -0.055 -0.345 0 1
0 -0.055 -0.335 0 1
0 -0.055 -0.325 0 1
0 -0.055 -0.315 0 1
0 -0.055 -0.305 0 1
0 -0.055 -0.295 0 2
0 -0.055 -0.285 0 2
0 -0.055 -0.275 0 2
0 -0.055 -0.265 0 2
0 -0.055 -0.255 0 2
0 -0.055 -0.245 0 2
0 -0.055 -0.235 0 2
0 -0.055 -0.225 0 2
0 -0.055 -0.215 0 2
0 -0.055 -0.205 0 2
0 -0.055 -0.195 0 2
0 -0.055 -0.185 0 2
0 -0.055 -0.175 0 2
0 -0.055 -0.165 0 2
0 -0.055 -0.155 0 2
0 -0.055 -0.145 0 2
0 -0.055 -0.135 0 2
0 -0.055 -0.125 0 2
0 -0.055 -0.115 0 2
0 -0.055 -0.105 0 2
0 -0.055 -0.095 0 1
0 -0.055 -0.085 0 1
0 -0.055 -0.075 0 1
0 -0.055 -0.065 0 1
0 -0.055 -0.055 0 1
0 -0.055 -0.045 0 1
0 -0.055 -0.035 0 1
0 -0.055 -0.025 0 1
0 -0.055 -0.015 0 1
0 -0.055 -0.005 0 1
0 -0.055 0.005 0 1
0 -0.055 0.015 0 2
0 -0.055 0.025 0 2
0 -0.055 0.035 0 2
0 -0.055 0.045 0 2
0 -0.055 0.055 0 2
0 -0.055 0.065 0 2
0 -0.055 0.075 0 2
0 -0.055 0.085 0 2
0 -0.055 0.095 0 2
0 -0.055 0.105 0 2
0 -0.055 0.115 0 2
0 -0.055 0.125 0 2
0 -0.055 0.135 0 2
0 -0.055 0.145 0 2
0 -0.055 0.155 0 2
0 -0.055 0.165 0 2
0 -0.055 0.175 0 2
0 -0.055 0.185 0 2
0 -0.055 0.195 0 2
0 -0.055 0.205 0 2
0 -0.055 0.215 0 2
0 -0.055 0.225 0 2
0 -0.055 0.235 0 2
0 -0.055 0.245 0 2
0 -0.055 0.255 0 2
0 -0.055 0.265 0 2
0 -0.055 0.275 0 2
0 -0.055 0.285 0 2
0 -0.055 0.295 0 2
0 -0.055 0.305 0 2
0 -0.055 0.315 0 2
0 -0.055 0.325 0 2
0 -0.055 0.335 0 2
0 -0.055 0.345 0 2
0 -0.055 0.355 0 2
0 -0.055 0.365 0 2
0 -0.055 0.375 0 2
0 -0.055 0.385 0 2
0 -0.055 0.395 0 2
0 -0.055 0.405 0 2
0 -0.055 0.415 0 2
0 -0.055 0.425 0 2
0 -0.055 0.435 0 2
0 -0.055 0.445 0 1
0 -0.055 0.455 0 1
0 -0.055 0.465 0 1
0 -0.055 0.475 0 1
0 -0.055 0.485 0 1
0 -0.055 0.495 0 1
0 -0.055 0.505 0 1
0 -0.055 0.515 0 2
0 -0.055 0.525 0 2
0 -0.055 0.535 0 2
0 -0.055 0.545 0 2
0 -0.055 0.555 0 2
0 -0.055 0.565 0 2
0 -0.045 -0.555 0 2
0 -0.045 -0.545 0 2
0 -0.045 -0.535 0 2
0 -0.045 -0.525 0 2
0 -0.045 -0.515 0 2
0 -0.045 -0.505 0 2
0 -0.045 -0.495 0 2
0 -0.045 -0.485 0 2
0 -0.045 -0.475 0 2
0 -0.045 -0.465 0 2
0 -0.045 -0.455 0 2
0 -0.045 -0.445 0 2
0 -0.045 -0.435 0 2
0 -0.045 -0.425 0 2
0 -0.045 -0.415 0 2
0 -0.045 -0.405 0 2
0 -0.045 -0.395 0 2
0 -0.045 -0.385 0 2
0 -0.045 -0.375 0 1
0 -0.045 -0.365 0 1
0 -0.045 -0.355 0 1
0 -0.045 -0.345 0 1
0 -0.045 -0.335 0 1
0 -0.045 -0.325 0 1
0 -0.045 -0.315 0 1
0 -0.045 -0.305 0 1
0 -0.045 -0.295 0 2
0 -0.045 -0.285 0 2
0 -0.045 -0.275 0 2
0 -0.045 -0.265 0 2
0 -0.045 -0.255 0 2
0 -0.045 -0.245 0 2
0 -0.045 -0.235 0 2
0 -0.045 -0.225 0 2
0 -0.045 -0.215 0 2
0 -0.045 -0.205 0 2
0 -0.045 -0.195 0 2
0 -0.045 -0.185 0 2
0 -0.045 -0.175 0 2
0 -0.045 -0.165 0 2
0 -0.045 -0.155 0 2
0 -0.045 -0.145 0 2
0 -0.045 -0.135 0 2
0 -0.045 -0.125 0 2
0 -0.045 -0.115 0 2
0 -0.045 -0.105 0 2
0 -0.045 -0.095 0 1
0 -0.045 -0.085 0 1
0 -0.045 -0.075 0 1
0 -0.045 -0.065 0 1
0 -0.045 -0.055 0 1
0 -0.045 -0.045 0 1
0 -0.045 -0.035 0 1
0 -0.045 -0.025 0 1
0 -0.045 -0.015 0 1
0 -0.045 -0.005 0 1
0 -0.045 0.005 0 1
0 -0.045 0.015 0 2
0 -0.045 0.025 0 2
0 -0.045 0.035 0 2
0 -0.045 0.045 0 2
0 -0.045 0.055 0 2
0 -0.045 0.065 0 2
0 -0.045 0.075 0 2
0 -0.045 0.085 0 2
0 -0.045 0.095 0 2
0 -0.045 0.105 0 2
0 -0.045 0.115 0 2
0 -0.045 0.125 0 2
0 -0.045 0.135 0 2
0 -0.045 0.145 0 2
0 -0.045 0.155 0 2
0 -0.045 0.165 0 2
0 -0.045 0.175 0 2
0 -0.045 0.185 0 2
0 -0.045 0.195 0 2
0 -0.045 0.205 0 2
0 -0.045 0.215 0 2
0 -0.045 0.225 0 2
0 -0.045 0.235 0 2
0 -0.045 0.245 0 2
0 -0.045 0.255 0 2
0 -0.045 0.265 0 2
0 -0.045 0.275 0 2
0 -0.045 0.285 0 2
0 -0.045 0.295 0 2
0 -0.045 0.305 0 2
0 -0.045 0.315 0 2
0 -0.045 0.325 0 2
0 -0.045 0.335 0 2
0 -0.045 0.345 0 2
0 -0.045 0.355 0 2
0 -0.045 0.365 0 2
0 -0.045 0.375 0 2
0 -0.045 0.385 0 2
0 -0.045 0.395 0 2
0 -0.045 0.405 0 2
0 -0.045 0.415 0 2
0 -0.045 0.425 0 2
0 -0.045 0.435 0 2
0 -0.045 0.445 0 1
0 -0.045 0.455 0 1
0 -0.045 0.465 0 1
0 -0.045 0.475 0 1
0 -0.045 0.485 0 1
0 -0.045 0.495 0 1
0 -0.045 0.505 0 1
0 -0.045 0.515 0 2
0 -0.045 0.525 0 2
0 -0.045 0.535 0 2
0 -0.045 0.545 0 2
0 -0.045 0.555 0 2
0 -0.045 0.565 0 2
0 -0.035 -0.555 0 2
0 -0.035 -0.545 0 2
0 -0.035 -0.535 0 2
0 -0.035 -0.525 0 2
0 -0.035 -0.515 0 2
0 -0.035 -0.505 0 2
0 -0.035 -0.495 0 2
0 -0.035 -0.485 0 2
0 -0.035 -0.475 0 2
0 -0.035 -0.465 0 2
0 -0.035 -0.455 0 2
0 -0.035 -0.445 0 2
0 -0.035 -0.435 0 2
0 -0.035 -0.425 0 2
0 -0.035 -0.415 0 2
0 -0.035 -0.405 0 2
0 -0.035 -0.395 0 2
0 -0.035 -0.385 0 2
0 -0.035 -0.375 0 1
0 -0.035 -0.365 0 1
0 -0.035 -0.355 0 1
0 -0.035 -0.345 0 1
0 -0.035 -0.335 0 1
0 -0.035 -0.325 0 1
0 -0.035 -0.315 0 1
0 -0.035 -0.305 0 1
0 -0.035 -0.295 0 2
0 -0.035 -0.285 0 2
0 -0.035 -0.275 0 2
0 -0.035 -0.265 0 2
0 -0.035 -0.255 0 2
0 -0.035 -0.245 0 2
0 -0.035 -0.235 0 2
0 -0.035 -0.225 0 2
0 -0.035 -0.215 0 2
0 -0.035 -0.205 0 2
0 -0.035 -0.195 0 2
0 -0.035 -0.185 0 2
0 -0.035 -0.175 0 2
0 -0.035 -0.165 0 2
0 -0.035 -0.155 0 2
0 -0.035 -0.145 0 2
0 -0.035 -0.135 0 2
0 -0.035 -0.125 0 2
0 -0.035 -0.115 0 2
0 -0.035 -0.105 0 2
0 -0.035 -0.095 0 2
0 -0.035 -0.085 0 1
0 -0.035 -0.075 0 1
0 -0.035 -0.065 0 1
0 -0.035 -0.055 0 1
0 -0.035 -0.045 0 1
0 -0.035 -0.035 0 1
0 -0.035 -0.025 0 1
0 -0.035 -0.015 0 1
0 -0.035 -0.005 0 1
0 -0.035 0.005 0 1
0 -0.035 0.015 0 2
0 -0.035 0.025 0 2
0 -0.035 0.035 0 2
0 -0.035 0.045 0 2
0 -0.035 0.055 0 2
0 -0.035 0.065 0 2
0 -0.035 0.075 0 2
0 -0.035 0.085 0 2
0 -0.035 0.095 0 2
0 -0.035 0.105 0 2
0 -0.035 0.115 0 2
0 -0.035 0.125 0 2
0 -0.035 0.135 0 2
0 -0.035 0.145 0 2
0 -0.035 0.155 0 2
0 -0.035 0.165 0 2
0 -0.035 0.175 0 2
0 -0.035 0.185 0 2
0 -0.035 0.195 0 2
0 -0.035 0.205 0 2
0 -0.035 0.215 0 2
0 -0.035 0.225 0 2
0 -0.035 0.235 0 2
0 -0.035 0.245 0 2
0 -0.035 0.255 0 2
0 -0.035 0.265 0 2
0 -0.035 0.275 0 2
0 -0.035 0.285 0 2
0 -0.035 0.295 0 2
0 -0.035 0.305 0 2
0 -0.035 0.315 0 2
0 -0.035 0.325 0 2
0 -0.035 0.335 0 2
0 -0.035 0.345 0 2
0 -0.035 0.355 0 2
0 -0.035 0.365 0 2
0 -0.035 0.375 0 2
0 -0.035 0.385 0 2
0 -0.035 0.395 0 2
0 -0.035 0.405 0 2
0 -0.035 0.415 0 2
0 -0.035 0.425 0 2
0 -0.035 0.435 0 2
0 -0.035 0.445 0 1
0 -0.035 0.455 0 1
0 -0.035 0.465 0 1
0 -0.035 0.475 0 1
0 -0.035 0.485 0 1
0 -0.035 0.495 0 1
0 -0.035 0.505 0 2
0 -0.035 0.515 0 2
0 -0.035 0.525 0 2
0 -0.035 0.535 0 2
0 -0.035 0.545 0 2
0 -0.035 0.555 0 2
0 -0.035 0.565 0 2
0 -0.025 -0.555 0 2
0 -0.025 -0.545 0 2
0 -0.025 -0.535 0 2
0 -0.025 -0.525 0 2
0 -0.025 -0.515 0 2
0 -0.025 -0.505 0 2
0 -0.025 -0.495 0 2
0 -0.025 -0.485 0 2
0 -0.025 -0.475 0 2
0 -0.025 -0.465 0 2
0 -0.025 -0.455 0 2
0 -0.025 -0.445 0 2
0 -0.025 -0.435 0 2
0 -0.025 -0.425 0 2
0 -0.025 -0.415 0 2
0 -0.025 -0.405 0 2
0 -0.025 -0.395 0 2
0 -0.025 -0.385 0 1
0 -0.025 -0.375 0 1
0 -0.025 -0.365 0 1
0 -0.025 -0.355 0 1
0 -0.025 -0.345 0 1
0 -0.025 -0.335 0 1
0 -0.025 -0.325 0 1
0 -0.025 -0.315 0 1
0 -0.025 -0.305 0 1
0 -0.025 -0.295 0 2
0 -0.025 -0.285 0 2
0 -0.025 -0.275 0 2
0 -0.025 -0.265 0 2
0 -0.025 -0.255 0 2
0 -0.025 -0.245 0 2
0 -0.025 -0.235 0 2
0 -0.025 -0.225 0 2
0 -0.025 -0.215 0 2
0 -0.025 -0.205 0 2
0 -0.025 -0.195 0 2
0 -0.025 -0.185 0 2
0 -0.025 -0.175 0 2
0 -0.025 -0.165 0 2
0 -0.025 -0.155 0 2
0 -0.025 -0.145 0 2
0 -0.025 -0.135 0 2
0 -0.025 -0.125 0 2
0 -0.025 -0.115 0 2
0 -0.025 -0.105 0 2
0 -0.025 -0.095 0 2
0 -0.025 -0.085 0 2
0 -0.025 -0.075 0 1
0 -0.025 -0.065 0 1
0 -0.025 -0.055 0 1
0 -0.025 -0.045 0 1
0 -0.025 -0.035 0 1
0 -0.025 -0.025 0 1
0 -0.025 -0.015 0 1
0 -0.025 -0.005 0 2
0 -0.025 0.005 0 2
0 -0.025 0.015 0 2
0 -0.025 0.025 0 2
0 -0.025 0.035 0 2
0 -0.025 0.045 0 2
0 -0.025 0.055 0 2
0 -0.025 0.065 0 2
0 -0.025 0.075 0 2
0 -0.025 0.085 0 2
0 -0.025 0.095 0 2
0 -0.025 0.105 0 2
0 -0.025 0.115 0 2
0 -0.025 0.125 0 2
0 -0.025 0.135 0 2
0 -0.025 0.145 0 2
0 -0.025 0.155 0 2
0 -0.025 0.165 0 2
0 -0.025 0.175 0 2
0 -0.025 0.185 0 2
0 -0.025 0.195 0 2
0 -0.025 0.205 0 2
0 -0.025 0.215 0 2
0 -0.025 0.225 0 2
0 -0.025 0.235 0 2
0 -0.025 0.245 0 2
0 -0.025 0.255 0 2
0 -0.025 0.265 0 2
0 -0.025 0.275 0 2
0 -0.025 0.285 0 2
0 -0.025 0.295 0 2
0 -0.025 0.305 0 2
0 -0.025 0.315 0 2
0 -0.025 0.325 0 2
0 -0.025 0.335 0 2
0 -0.025 0.345 0 2
0 -0.025 0.355 0 2
0 -0.025 0.365 0 2
0 -0.025 0.375 0 2
0 -0.025 0.385 0 2
0 -0.025 0.395 0 2
0 -0.025 0.405 0 2
0 -0.025 0.415 0 2
0 -0.025 0.425 0 2
0 -0.025 0.435 0 2
0 -0.025 0.445 0 1
0 -0.025 0.455 0 1
0 -0.025 0.465 0 1
0 -0.025 0.475 0 1
0 -0.025 0.485 0 1
0 -0.025 0.495 0 1
0 -0.025 0.505 0 2
0 -0.025 0.515 0 2
0 -0.025 0.525 0 2
0 -0.025 0.535 0 2
0 -0.025 0.545 0 2
0 -0.025 0.555 0 2
0 -0.025 0.565 0 2
0 -0.015 -0.555 0 2
0 -0.015 -0.545 0 2
0 -0.015 -0.535 0 2
0 -0.015 -0.525 0 2
0 -0.015 -0.515 -0.0008616591026 2
0 -0.015 -0.505 -0.002225553782 2
0 -0.015 -0.495 -0.00422079146 2
0 -0.015 -0.485 -0.005673454047 2
0 -0.015 -0.475 -0.006652976529 2
0 -0.015 -0.465 -0.007077679862 2
0 -0.015 -0.455 -0.007155660895 2
0 -0.015 -0.445 -0.006929559156 2
0 -0.015 -0.435 -0.00643968859 2
0 -0.015 -0.425 -0.005719683615 2
0 -0.015 -0.415 -0.004787989965 2
0 -0.015 -0.405 -0.003656673332 2
0 -0.015 -0.395 -0.002430685958 2
0 -0.015 -0.385 -0.001191372384 1
0 -0.015 -0.375 -5.747135849e-05 1
0 -0.015 -0.365 0.001000913918 1
0 -0.015 -0.355 0.002002350196 1
0 -0.015 -0.345 0.003010609378 1
0 -0.015 -0.335 0.004097137525 1
0 -0.015 -0.325 0.005315189508 1
0 -0.015 -0.315 0.006727867075 1
0 -0.015 -0.305 0.00823508834 1
0 -0.015 -0.295 0.009668193127 2
0 -0.015 -0.285 0.01083877699 2
0 -0.015 -0.275 0.01167892645 2
0 -0.015 -0.265 0.01222977613 2
0 -0.015 -0.255 0.01254203511 2
0 -0.015 -0.245 0.01263388069 2
0 -0.015 -0.235 0.01250912663 2
0 -0.015 -0.225 0.0121700865 2
0 -0.015 -0.215 0.01162218535 2
0 -0.015 -0.205 0.01087429456 2
0 -0.015 -0.195 0.009938585675 2
0 -0.015 -0.185 0.008830351583 2
0 -0.015 -0.175 0.007567741669 2
0 -0.015 -0.165 0.006171453389 2
0 -0.015 -0.155 0.004664385301 2
0 -0.015 -0.145 0.003071258656 2
0 -0.015 -0.135 0.001418212221 2
0 -0.015 -0.125 -0.0002676244225 2
0 -0.015 -0.115 -0.001958573821 2
0 -0.015 -0.105 -0.003626864599 2
0 -0.015 -0.095 -0.005245091608 2
0 -0.015 -0.085 -0.006786678573 2
0 -0.015 -0.075 -0.008226340601 2
0 -0.015 -0.065 -0.009540546119 2
0 -0.015 -0.055 -0.01070797699 2
0 -0.015 -0.045 -0.01170998441 2
0 -0.015 -0.035 -0.01253102753 2
0 -0.015 -0.025 -0.01315906273 2
0 -0.015 -0.015 -0.01358581887 2
0 -0.015 -0.005 -0.01380685312 2
0 -0.015 0.005 -0.01382132695 2
0 -0.015 0.015 -0.01363143919 2
0 -0.015 0.025 -0.01324178549 2
0 -0.015 0.035 -0.01265869223 2
0 -0.015 0.045 -0.0118902872 2
0 -0.015 0.055 -0.01094662339 2
0 -0.015 0.065 -0.009840624121 2
0 -0.015 0.075 -0.008588333288 2
0 -0.015 0.085 -0.007209371314 2
0 -0.015 0.095 -0.005726225391 2
0 -0.015 0.105 -0.004163564373 2
0 -0.015 0.115 -0.002546348659 2
0 -0.015 0.125 -0.0009001829918 2
0 -0.015 0.135 0.000760799393 2
0 -0.015 0.145 0.002419053806 2
0 -0.015 0.155 0.004043516355 2
0 -0.015 0.165 0.005577349358 2
0 -0.015 0.175 0.006960490402 2
0 -0.015 0.185 0.008122346041 2
0 -0.015 0.195 0.008919409235 2
0 -0.015 0.205 0.009354271552 2
0 -0.015 0.215 0.009473085375 2
0 -0.015 0.225 0.009548834263 2
0 -0.015 0.235 0.009653693581 2
0 -0.015 0.245 0.009900809788 2
0 -0.015 0.255 0.01014371399 2
0 -0.015 0.265 0.01034378466 2
0 -0.015 0.275 0.01026221983 2
0 -0.015 0.285 0.009926689505 2
0 -0.015 0.295 0.009302787279 2
0 -0.015 0.305 0.008516968651 2
0 -0.015 0.315 0.007563313664 2
0 -0.015 0.325 0.006462738185 2
0 -0.015 0.335 0.005240481425 2
0 -0.015 0.345 0.003929426213 2
0 -0.015 0.355 0.002561834279 2
0 -0.015 0.365 0.001168737529 2
0 -0.015 0.375 -0.0002191128909 2
0 -0.015 0.385 -0.001571206226 2
0 -0.015 0.395 -0.00285691538 2
0 -0.015 0.405 -0.004045120926 2
0 -0.015 0.415 -0.005102216678 2
0 -0.015 0.425 -0.005984275245 2
0 -0.015 0.435 -0.00662748902 2
0 -0.015 0.445 -0.006993849422 2
0 -0.015 0.455 -0.007071677298 1
0 -0.015 0.465 -0.00689586108 1
0 -0.015 0.475 -0.006466778674 1
0 -0.015 0.485 -0.005561655488 1
0 -0.015 0.495 -0.004194421458 2
0 -0.015 0.505 -0.00223666794 2
0 -0.015 0.515 -0.0008753995355 2
0 -0.015 0.525 0 2
0 -0.015 0.535 0 2
0 -0.015 0.545 0 2
0 -0.015 0.555 0 2
0 -0.015 0.565 0 2
0 -0.005 -0.555 0 2
0 -0.005 -0.545 0 2
0 -0.005 -0.535 0 2
0 -0.005 -0.525 0 2
0 -0.005 -0.515 -0.002030629177 2
0 -0.005 -0.505 -0.005041268324 2
0 -0.005 -0.495 -0.01016746131 2
0 -0.005 -0.485 -0.01363019822 2
0 -0.005 -0.475 -0.01595950823 2
0 -0.005 -0.465 -0.01705571714 2
0 -0.005 -0.455 -0.0172830737 2
0 -0.005 -0.445 -0.01675969285 2
0 -0.005 -0.435 -0.01558526923 2
0 -0.005 -0.425 -0.01384914708 2
0 -0.005 -0.415 -0.01160453618 2
0 -0.005 -0.405 -0.008901192227 2
0 -0.005 -0.395 -0.00595862163 2
0 -0.005 -0.385 -0.002964885246 1
0 -0.005 -0.375 -0.0002148155677 1
0 -0.005 -0.365 0.002400454193 1
0 -0.005 -0.355 0.004938137907 1
0 -0.005 -0.345 0.007555258846 1
0 -0.005 -0.335 0.01034409354 1
0 -0.005 -0.325 0.01345987345 1
0 -0.005 -0.315 0.01697935849 1
0 -0.005 -0.305 0.02061353709 2
0 -0.005 -0.295 0.02392422843 2
0 -0.005 -0.285 0.02660307629 2
0 -0.005 -0.275 0.02855250687 2
0 -0.005 -0.265 0.02986642731 2
0 -0.005 -0.255 0.0306279402 2
0 -0.005 -0.245 0.03085633118 2
0 -0.005 -0.235 0.03055383207 2
0 -0.005 -0.225 0.02972636536 2
0 -0.005 -0.215 0.02838737629 2
0 -0.005 -0.205 0.02655866411 2
0 -0.005 -0.195 0.02427010105 2
0 -0.005 -0.185 0.0215591807 2
0 -0.005 -0.175 0.01847036955 2
0 -0.005 -0.165 0.0150543547 2
0 -0.005 -0.155 0.01136719819 2
0 -0.005 -0.145 0.007469414499 2
0 -0.005 -0.135 0.003424982258 2
0 -0.005 -0.125 -0.0006996966585 2
0 -0.005 -0.115 -0.004836877725 2
0 -0.005 -0.105 -0.008918580815 2
0 -0.005 -0.095 -0.01287771173 2
0 -0.005 -0.085 -0.01664918911 2
0 -0.005 -0.075 -0.02017107067 2
0 -0.005 -0.065 -0.02338568025 2
0 -0.005 -0.055 -0.02624073498 2
0 -0.005 -0.045 -0.02869048063 2
0 -0.005 -0.035 -0.03069680813 2
0 -0.005 -0.025 -0.03223028937 2
0 -0.005 -0.015 -0.03327094611 2
0 -0.005 -0.005 -0.03380847578 2
0 -0.005 0.005 -0.03384172722 2
0 -0.005 0.015 -0.03337710762 2
0 -0.005 0.025 -0.03242671119 2
0 -0.005 0.035 -0.03100599375 2
0 -0.005 0.045 -0.02913415804 2
0 -0.005 0.055 -0.02683407604 2
0 -0.005 0.065 -0.0241363414 2
0 -0.005 0.075 -0.02107934727 2
0 -0.005 0.085 -0.01771130181 2
0 -0.005 0.095 -0.01408767499 2
0 -0.005 0.105 -0.01026989635 2
0 -0.005 0.115 -0.006320681676 2
0 -0.005 0.125 -0.002305272847 2
0 -0.005 0.135 0.001739114403 2
0 -0.005 0.145 0.005749272183 2
0 -0.005 0.155 0.009649697589 2
0 -0.005 0.165 0.01329636334 2
0 -0.005 0.175 0.01653470706 2
0 -0.005 0.185 0.01915354488 2
0 -0.005 0.195 0.02090069621 2
0 -0.005 0.205 0.02188596051 2
0 -0.005 0.215 0.02221704868 1
0 -0.005 0.225 0.02251996076 1
0 -0.005 0.235 0.0228473978 1
0 -0.005 0.245 0.02337742408 1
0 -0.005 0.255 0.02397652357 1
0 -0.005 0.265 0.02456750612 2
0 -0.005 0.275 0.02456681684 2
0 -0.005 0.285 0.02394647539 2
0 -0.005 0.295 0.02261559528 2
0 -0.005 0.305 0.02075774282 2
0 -0.005 0.315 0.0184523975 2
0 -0.005 0.325 0.01576804597 2
0 -0.005 0.335 0.0127861919 2
0 -0.005 0.345 0.009589329889 2
0 -0.005 0.355 0.006257032107 2
0 -0.005 0.365 0.002864381806 2
0 -0.005 0.375 -0.0005136533186 2
0 -0.005 0.385 -0.003802976135 2
0 -0.005 0.395 -0.006928963429 2
0 -0.005 0.405 -0.009815465728 2
0 -0.005 0.415 -0.01238340449 2
0 -0.005 0.425 -0.01453894714 2
0 -0.005 0.435 -0.01616002723 2
0 -0.005 0.445 -0.01715459915 2
0 -0.005 0.455 -0.01745207193 2
0 -0.005 0.465 -0.01706805836 2
0 -0.005 0.475 -0.015932364 2
0 -0.005 0.485 -0.01366413138 2
0 -0.005 0.495 -0.01026878694 2
0 -0.005 0.505 -0.005124743998 2
0 -0.005 0.515 -0.002075296829 2
0 -0.005 0.525 0 2
0 -0.005 0.535 0 2
0 -0.005 0.545 0 2
0 -0.005 0.555 0 2
0 -0.005 0.565 0 2
0 0.005 -0.555 0 2
0 0.005 -0.545 0 2
0 0.005 -0.535 0 2
0 0.005 -0.525 0 2
0 0.005 -0.515 -0.00321679041 2
0 0.005 -0.505 -0.008092865091 2
0 0.005 -0.495 -0.01535757291 2
0 0.005 -0.485 -0.0197608734 2
0 0.005 -0.475 -0.02257027726 2
0 0.005 -0.465 -0.02406865246 2
0 0.005 -0.455 -0.02437066783 2
0 0.005 -0.445 -0.02363209348 2
0 0.005 -0.435 -0.02197160078 2
0 0.005 -0.425 -0.01952414034 2
0 0.005 -0.415 -0.01638210592 2
0 0.005 -0.405 -0.01262637323 2
0 0.005 -0.395 -0.008498507891 2
0 0.005 -0.385 -0.00429176698 1
0 0.005 -0.375 -0.0002455312188 1
0 0.005 -0.365 0.003662525454 1
0 0.005 -0.355 0.007564213772 1
0 0.005 -0.345 0.0116699497 1
0 0.005 -0.335 0.01606623275 1
0 0.005 -0.325 0.02090259119 1
0 0.005 -0.315 0.0259443979 2
0 0.005 -0.305 0.03092552885 2
0 0.005 -0.295 0.03537759938 2
0 0.005 -0.285 0.03895742295 2
0 0.005 -0.275 0.04158445516 2
0 0.005 -0.265 0.0433941399 2
0 0.005 -0.255 0.04445717799 2
0 0.005 -0.245 0.04476638927 2
0 0.005 -0.235 0.04431152092 2
0 0.005 -0.225 0.0430984394 2
0 0.005 -0.215 0.04114516629 2
0 0.005 -0.205 0.03848253241 2
0 0.005 -0.195 0.03515340443 2
0 0.005 -0.185 0.03121189504 2
0 0.005 -0.175 0.02672235386 2
0 0.005 -0.165 0.02175823978 2
0 0.005 -0.155 0.01640087011 2
0 0.005 -0.145 0.01073806533 2
0 0.005 -0.135 0.004862702462 2
0 0.005 -0.125 -0.001128805998 2
0 0.005 -0.115 -0.007138089448 2
0 0.005 -0.105 -0.01306643468 2
0 0.005 -0.095 -0.01881642252 2
0 0.005 -0.085 -0.02429357269 2
0 0.005 -0.075 -0.02940798689 2
0 0.005 -0.065 -0.03407599241 2
0 0.005 -0.055 -0.038221778 2
0 0.005 -0.045 -0.04177904575 2
0 0.005 -0.035 -0.04469260831 2
0 0.005 -0.025 -0.04691988194 2
0 0.005 -0.015 -0.04843205603 2
0 0.005 -0.005 -0.04921448948 2
0 0.005 0.005 -0.04926600472 2
0 0.005 0.015 -0.04859615932 2
0 0.005 0.025 -0.04722291859 2
0 0.005 0.035 -0.04516862983 2
0 0.005 0.045 -0.04246246667 2
0 0.005 0.055 -0.03913683 2
0 0.005 0.065 -0.0352364728 2
0 0.005 0.075 -0.03081489554 2
0 0.005 0.085 -0.02594136027 2
0 0.005 0.095 -0.02069456883 2
0 0.005 0.105 -0.01516383759 2
0 0.005 0.115 -0.00944069928 2
0 0.005 0.125 -0.003615131305 2
0 0.005 0.135 0.002243538812 2
0 0.005 0.145 0.008015978 2
0 0.005 0.155 0.01352759604 2
0 0.005 0.165 0.0184929242 2
0 0.005 0.175 0.02274631273 2
0 0.005 0.185 0.02608396106 2
0 0.005 0.195 0.02844880175 1
0 0.005 0.205 0.02999262453 1
0 0.005 0.215 0.03090050461 1
0 0.005 0.225 0.03164699648 1
0 0.005 0.235 0.03232874533 1
0 0.005 0.245 0.03300939768 1
0 0.005 0.255 0.03386851771 1
0 0.005 0.265 0.03466450729 1
0 0.005 0.275 0.03509618586 2
0 0.005 0.285 0.03441358498 2
0 0.005 0.295 0.03268663846 2
0 0.005 0.305 0.0300353371 2
0 0.005 0.315 0.0267248302 2
0 0.005 0.325 0.02286531639 2
0 0.005 0.335 0.01858296741 2
0 0.005 0.345 0.01399469792 2
0 0.005 0.355 0.009215892283 2
0 0.005 0.365 0.004353017521 2
0 0.005 0.375 -0.0004855399616 2
0 0.005 0.385 -0.005194390755 2
0 0.005 0.395 -0.009667090314 2
0 0.005 0.405 -0.01379503883 2
0 0.005 0.415 -0.01747142253 2
0 0.005 0.425 -0.02057401841 2
0 0.005 0.435 -0.02294790721 2
0 0.005 0.445 -0.02444740326 2
0 0.005 0.455 -0.02497029584 2
0 0.005 0.465 -0.02448866328 2
0 0.005 0.475 -0.02290816727 2
0 0.005 0.485 -0.02011330136 2
0 0.005 0.495 -0.01570179842 2
0 0.005 0.505 -0.008315008505 2
0 0.005 0.515 -0.003310750816 2
0 0.005 0.525 0 2
0 0.005 0.535 0 2
0 0.005 0.545 0 2
0 0.005 0.555 0 2
0 0.005 0.565 0 2
0 0.015 -0.555 0 2
0 0.015 -0.545 0 2
0 0.015 -0.535 0 2
0 0.015 -0.525 0 2
0 0.015 -0.515 -0.003657377928 2
0 0.015 -0.505 -0.009154133885 2
0 0.015 -0.495 -0.01639197753 2
0 0.015 -0.485 -0.02087016914 2
0 0.015 -0.475 -0.02334896022 2
0 0.015 -0.465 -0.02484956533 2
0 0.015 -0.455 -0.02512342225 2
0 0.015 -0.445 -0.02434895828 2
0 0.015 -0.435 -0.02261326103 2
0 0.015 -0.425 -0.02006849942 2
0 0.015 -0.415 -0.0168321409 2
0 0.015 -0.405 -0.01300487336 2
0 0.015 -0.395 -0.008782899056 2
0 0.015 -0.385 -0.004439557077 2
0 0.015 -0.375 -4.05074915e-05 1
0 0.015 -0.365 0.004321005564 1
0 0.015 -0.355 0.00884354568 1
0 0.015 -0.345 0.0136331556 1
0 0.015 -0.335 0.01871342642 1
0 0.015 -0.325 0.02401917733 2
0 0.015 -0.315 0.02924056484 2
0 0.015 -0.305 0.03413141252 2
0 0.015 -0.295 0.03835782991 2
0 0.015 -0.285 0.04175852641 2
0 0.015 -0.275 0.04435972947 2
0 0.015 -0.265 0.04621648678 2
0 0.015 -0.255 0.04731670913 2
0 0.015 -0.245 0.04762581685 2
0 0.015 -0.235 0.04712675911 2
0 0.015 -0.225 0.04582286955 2
0 0.015 -0.215 0.04373199354 2
0 0.015 -0.205 0.0408862988 2
0 0.015 -0.195 0.03733107711 2
0 0.015 -0.185 0.03312376787 2
0 0.015 -0.175 0.02833281492 2
0 0.015 -0.165 0.02303643217 2
0 0.015 -0.155 0.01732125224 2
0 0.015 -0.145 0.01128087089 2
0 0.015 -0.135 0.005014297643 2
0 0.015 -0.125 -0.001375670555 2
0 0.015 -0.115 -0.007784134012 2
0 0.015 -0.105 -0.01410581388 2
0 0.015 -0.095 -0.02023679605 2
0 0.015 -0.085 -0.02607628117 2
0 0.015 -0.075 -0.03152832822 2
0 0.015 -0.065 -0.03650359751 2
0 0.015 -0.055 -0.04092107725 2
0 0.015 -0.045 -0.04470986495 2
0 0.015 -0.035 -0.04781086882 2
0 0.015 -0.025 -0.0501786756 2
0 0.015 -0.015 -0.05178297129 2
0 0.015 -0.005 -0.05260942183 2
0 0.015 0.005 -0.05265874037 2
0 0.015 0.015 -0.05194347946 2
0 0.015 0.025 -0.05048593356 2
0 0.015 0.035 -0.04831049602 2
0 0.015 0.045 -0.04545046113 2
0 0.015 0.055 -0.04193426369 2
0 0.015 0.065 -0.03780986019 2
0 0.015 0.075 -0.03312884322 2
0 0.015 0.085 -0.02796567756 2
0 0.015 0.095 -0.02240073831 2
0 0.015 0.105 -0.01653262156 2
0 0.015 0.115 -0.01046052211 2
0 0.015 0.125 -0.004278001274 2
0 0.015 0.135 0.001909091027 2
0 0.015 0.145 0.007941493784 2
0 0.015 0.155 0.01351566564 2
0 0.015 0.165 0.0183735227 2
0 0.015 0.175 0.02239182173 2
0 0.015 0.185 0.02551807316 1
0 0.015 0.195 0.02795847152 1
0 0.015 0.205 0.02981834883 1
0 0.015 0.215 0.03139861763 1
0 0.015 0.225 0.03261455857 1
0 0.015 0.235 0.03358852512 1
0 0.015 0.245 0.03436234348 1
0 0.015 0.255 0.03535601715 1
0 0.015 0.265 0.03618616201 1
0 0.015 0.275 0.03697361657 2
0 0.015 0.285 0.0363958936 2
0 0.015 0.295 0.03467721294 2
0 0.015 0.305 0.03189462624 2
0 0.015 0.315 0.02838830413 2
0 0.015 0.325 0.02430097451 2
0 0.015 0.335 0.01978136548 2
0 0.015 0.345 0.01494977614 2
0 0.015 0.355 0.009930784685 2
0 0.015 0.365 0.004831167576 2
0 0.015 0.375 -0.0002327079988 2
0 0.015 0.385 -0.005156426534 2
0 0.015 0.395 -0.009833453623 2
0 0.015 0.405 -0.0141501606 2
0 0.015 0.415 -0.01799883354 2
0 0.015 0.425 -0.02125517212 2
0 0.015 0.435 -0.0237896836 2
0 0.015 0.445 -0.02546713584 2
0 0.015 0.455 -0.02616862431 2
0 0.015 0.465 -0.02579192581 2
0 0.015 0.475 -0.02417995282 2
0 0.015 0.485 -0.02160453515 2
0 0.015 0.495 -0.01696542669 2
0 0.015 0.505 -0.009489761942 2
0 0.015 0.515 -0.003791241649 2
0 0.015 0.525 0 2
0 0.015 0.535 0 2
0 0.015 0.545 0 2
0 0.015 0.555 0 2
0 0.015 0.565 0 2
0 0.025 -0.555 0 2
0 0.025 -0.545 0 2
0 0.025 -0.535 0 2
0 0.025 -0.525 0 2
0 0.025 -0.515 -0.003520436268 2
0 0.025 -0.505 -0.008628576196 2
0 0.025 -0.495 -0.01466506746 2
0 0.025 -0.485 -0.01797549351 2
0 0.025 -0.475 -0.01925365315 2
0 0.025 -0.465 -0.02028834044 2
0 0.025 -0.455 -0.02037151742 2
0 0.025 -0.445 -0.01967155607 2
0 0.025 -0.435 -0.01819246735 2
0 0.025 -0.425 -0.01606817685 2
0 0.025 -0.415 -0.01340309076 2
0 0.025 -0.405 -0.01031204595 2
0 0.025 -0.395 -0.006910747653 2
0 0.025 -0.385 -0.00330654016 2
0 0.025 -0.375 0.0004560332211 1
0 0.025 -0.365 0.004370830836 1
0 0.025 -0.355 0.008633912004 1
0 0.025 -0.345 0.01318265278 1
0 0.025 -0.335 0.01793278802 2
0 0.025 -0.325 0.02252030291 2
0 0.025 -0.315 0.02675079228 2
0 0.025 -0.305 0.0303925836 2
0 0.025 -0.295 0.0334502927 2
0 0.025 -0.285 0.03597831802 2
0 0.025 -0.275 0.03800322035 2
0 0.025 -0.265 0.03948558777 2
0 0.025 -0.255 0.04036842349 2
0 0.025 -0.245 0.04059584204 2
0 0.025 -0.235 0.04014297084 2
0 0.025 -0.225 0.03900819732 2
0 0.025 -0.215 0.03720461104 2
0 0.025 -0.205 0.03475854341 2
0 0.025 -0.195 0.0317079996 2
0 0.025 -0.185 0.02810161806 2
0 0.025 -0.175 0.02399759324 2
0 0.025 -0.165 0.01946257207 2
0 0.025 -0.155 0.01457047055 2
0 0.025 -0.145 0.009401211248 2
0 0.025 -0.135 0.004039386023 2
0 0.025 -0.125 -0.001427143513 2
0 0.025 -0.115 -0.006908692416 2
0 0.025 -0.105 -0.01231522904 2
0 0.025 -0.095 -0.01755786465 2
0 0.025 -0.085 -0.02255034246 2
0 0.025 -0.075 -0.0272105099 2
0 0.025 -0.065 -0.03146178158 2
0 0.025 -0.055 -0.03523455908 2
0 0.025 -0.045 -0.03846773769 2
0 0.025 -0.035 -0.04111005006 2
0 0.025 -0.025 -0.04312212363 2
0 0.025 -0.015 -0.04447752451 2
0 0.025 -0.005 -0.04516494317 2
0 0.025 0.005 -0.04519164967 2
0 0.025 0.015 -0.04457859812 2
0 0.025 0.025 -0.04335784285 2
0 0.025 0.035 -0.04154324329 2
0 0.025 0.045 -0.03916998346 2
0 0.025 0.055 -0.03623801033 2
0 0.025 0.065 -0.03278940566 2
0 0.025 0.075 -0.02883953297 2
0 0.025 0.085 -0.02446227429 2
0 0.025 0.095 -0.01971983741 2
0 0.025 0.105 -0.01471988333 2
0 0.025 0.115 -0.009546982455 2
0 0.025 0.125 -0.004292656271 2
0 0.025 0.135 0.0009071450785 2
0 0.025 0.145 0.005855218638 2
0 0.025 0.155 0.01023353603 2
0 0.025 0.165 0.01392589274 2
0 0.025 0.175 0.01677806514 1
0 0.025 0.185 0.01913790462 1
0 0.025 0.195 0.0213289221 1
0 0.025 0.205 0.023380944 1
0 0.025 0.215 0.02537815527 1
0 0.025 0.225 0.02693852503 1
0 0.025 0.235 0.0280822636 1
0 0.025 0.245 0.02894705445 1
0 0.025 0.255 0.02988658379 1
0 0.025 0.265 0.03092902477 1
0 0.025 0.275 0.03157417295 2
0 0.025 0.285 0.03116628821 2
0 0.025 0.295 0.02962925625 2
0 0.025 0.305 0.02719429492 2
0 0.025 0.315 0.02416762104 2
0 0.025 0.325 0.02069259985 2
0 0.025 0.335 0.01689310899 2
0 0.025 0.345 0.01285330199 2
0 0.025 0.355 0.008685904409 2
0 0.025 0.365 0.004455547176 2
0 0.025 0.375 0.0002662698819 2
0 0.025 0.385 -0.003803397108 2
0 0.025 0.395 -0.007666825326 2
0 0.025 0.405 -0.01123875727 2
0 0.025 0.415 -0.01444746197 2
0 0.025 0.425 -0.01719533098 2
0 0.025 0.435 -0.01938021996 2
0 0.025 0.445 -0.02088757753 2
0 0.025 0.455 -0.02159752164 2
0 0.025 0.465 -0.02146943663 2
0 0.025 0.475 -0.0203291517 2
0 0.025 0.485 -0.01892600838 2
0 0.025 0.495 -0.0153995897 2
0 0.025 0.505 -0.009050168911 2
0 0.025 0.515 -0.003684934044 2
0 0.025 0.525 0 2
0 0.025 0.535 0 2
0 0.025 0.545 0 2
0 0.025 0.555 0 2
0 0.025 0.565 0 2
0 0.035 -0.555 0 2
0 0.035 -0.545 0 2
0 0.035 -0.535 0 2
0 0.035 -0.525 0 2
0 0.035 -0.515 -0.003423962837 2
0 0.035 -0.505 -0.008425760584 2
0 0.035 -0.495 -0.01407791254 2
0 0.035 -0.485 -0.01703336749 2
0 0.035 -0.475 -0.01787954187 2
0 0.035 -0.465 -0.0186190889 2
0 0.035 -0.455 -0.01851446221 2
0 0.035 -0.445 -0.01776167645 2
0 0.035 -0.435 -0.01631233729 2
0 0.035 -0.425 -0.014280055 2
0 0.035 -0.415 -0.01174994142 2
0 0.035 -0.405 -0.008864588855 2
0 0.035 -0.395 -0.00572658847 2
0 0.035 -0.385 -0.002459859255 1
0 0.035 -0.375 0.0009318726413 1
0 0.035 -0.365 0.004576387617 1
0 0.035 -0.355 0.008597396045 2
0 0.035 -0.345 0.01288949155 2
0 0.035 -0.335 0.01729441716 2
0 0.035 -0.325 0.02141705551 2
0 0.035 -0.315 0.0251296126 2
0 0.035 -0.305 0.02831732197 2
0 0.035 -0.295 0.03105748814 2
0 0.035 -0.285 0.03338909758 2
0 0.035 -0.275 0.03527631596 2
0 0.035 -0.265 0.03665605953 2
0 0.035 -0.255 0.03746543487 2
0 0.035 -0.245 0.03766040293 2
0 0.035 -0.235 0.03722494209 2
0 0.035 -0.225 0.03615685892 2
0 0.035 -0.215 0.03446815886 2
0 0.035 -0.205 0.03218311223 2
0 0.035 -0.195 0.0293369069 2
0 0.035 -0.185 0.025974645 2
0 0.035 -0.175 0.02215034179 2
0 0.035 -0.165 0.01792589618 2
0 0.035 -0.155 0.01336999032 2
0 0.035 -0.145 0.008556914451 2
0 0.035 -0.135 0.003565323067 2
0 0.035 -0.125 -0.00152306605 2
0 0.035 -0.115 -0.006624813996 2
0 0.035 -0.105 -0.01165612712 2
0 0.035 -0.095 -0.01653422874 2
0 0.035 -0.085 -0.02117872049 2
0 0.035 -0.075 -0.0255129109 2
0 0.035 -0.065 -0.02946511816 2
0 0.035 -0.055 -0.03296988876 2
0 0.035 -0.045 -0.03596932385 2
0 0.035 -0.035 -0.03841409137 2
0 0.035 -0.025 -0.04026582943 2
0 0.035 -0.015 -0.04149715184 2
0 0.035 -0.005 -0.04210138275 2
0 0.035 0.005 -0.04208595581 2
0 0.035 0.015 -0.04148038001 2
0 0.035 0.025 -0.04031671222 2
0 0.035 0.035 -0.03861504893 2
0 0.035 0.045 -0.03642997542 2
0 0.035 0.055 -0.0337315794 2
0 0.035 0.065 -0.03057937901 2
0 0.035 0.075 -0.02697466109 2
0 0.035 0.085 -0.02299786657 2
0 0.035 0.095 -0.01866821412 2
0 0.035 0.105 -0.01410318135 2
0 0.035 0.115 -0.009355048012 2
0 0.035 0.125 -0.004527757944 2
0 0.035 0.135 0.0002227408451 2
0 0.035 0.145 0.004645653441 2
0 0.035 0.155 0.008510788831 2
0 0.035 0.165 0.01176101372 2
0 0.035 0.175 0.01440006583 1
0 0.035 0.185 0.01685436886 1
0 0.035 0.195 0.0192370987 1
0 0.035 0.205 0.02152263049 1
0 0.035 0.215 0.02359888472 1
0 0.035 0.225 0.02523836524 1
0 0.035 0.235 0.02659884662 1
0 0.035 0.245 0.02786715169 1
0 0.035 0.255 0.02906433603 1
0 0.035 0.265 0.030300013 2
0 0.035 0.275 0.03042335776 2
0 0.035 0.285 0.02968818488 2
0 0.035 0.295 0.02784589499 2
0 0.035 0.305 0.02536748803 2
0 0.035 0.315 0.02242667484 2
0 0.035 0.325 0.01914661412 2
0 0.035 0.335 0.01561234305 2
0 0.035 0.345 0.01188786614 2
0 0.035 0.355 0.008085910113 2
0 0.035 0.365 0.004274915472 2
0 0.035 0.375 0.0005510953422 2
0 0.035 0.385 -0.003067571671 2
0 0.035 0.395 -0.006541137773 2
0 0.035 0.405 -0.009820528915 2
0 0.035 0.415 -0.01280052489 2
0 0.035 0.425 -0.01539602108 2
0 0.035 0.435 -0.0174649032 2
0 0.035 0.445 -0.01892832589 2
0 0.035 0.455 -0.01967424242 2
0 0.035 0.465 -0.01973255279 2
0 0.035 0.475 -0.01890423042 2
0 0.035 0.485 -0.01796792858 2
0 0.035 0.495 -0.01482783214 2
0 0.035 0.505 -0.008865558639 2
0 0.035 0.515 -0.003601858647 2
0 0.035 0.525 0 2
0 0.035 0.535 0 2
0 0.035 0.545 0 2
0 0.035 0.555 0 2
0 0.035 0.565 0 2
0 0.045 -0.555 0 2
0 0.045 -0.545 0 2
0 0.045 -0.535 0 2
0 0.045 -0.525 0 2
0 0.045 -0.515 -0.003321476102 2
0 0.045 -0.505 -0.008189269501 2
0 0.045 -0.495 -0.01346659835 2
0 0.045 -0.485 -0.01606937027 2
0 0.045 -0.475 -0.01649676604 2
0 0.045 -0.465 -0.01694000576 2
0 0.045 -0.455 -0.01664133602 2
0 0.045 -0.445 -0.01582213753 2
0 0.045 -0.435 -0.0143979509 2
0 0.045 -0.425 -0.01246028214 2
0 0.045 -0.415 -0.01006626244 2
0 0.045 -0.405 -0.007400210995 2
0 0.045 -0.395 -0.004547052896 1
0 0.045 -0.385 -0.001710633655 1
0 0.045 -0.375 0.001229552164 1
0 0.045 -0.365 0.004402630086 1
0 0.045 -0.355 0.007846664073 1
0 0.045 -0.345 0.01152189427 1
0 0.045 -0.335 0.015330296 2
0 0.045 -0.325 0.0190440429 2
0 0.045 -0.315 0.02245185614 2
0 0.045 -0.305 0.02546231677 2
0 0.045 -0.295 0.02804860288 2
0 0.045 -0.285 0.03024235076 2
0 0.045 -0.275 0.03200706829 2
0 0.045 -0.265 0.03327679533 2
0 0.045 -0.255 0.03400857326 2
0 0.045 -0.245 0.03417715701 2
0 0.045 -0.235 0.03376980444 2
0 0.045 -0.225 0.03278621914 2
0 0.045 -0.215 0.03123814837 2
0 0.045 -0.205 0.02914796094 2
0 0.045 -0.195 0.02654779034 2
0 0.045 -0.185 0.0234786903 2
0 0.045 -0.175 0.01998978997 2
0 0.045 -0.165 0.01613738044 2
0 0.045 -0.155 0.01198392916 2
0 0.045 -0.145 0.007597017873 2
0 0.045 -0.135 0.003048215491 2
0 0.045 -0.125 -0.001588101517 2
0 0.045 -0.115 -0.006235964483 2
0 0.045 -0.105 -0.01081904574 2
0 0.045 -0.095 -0.01526188883 2
0 0.045 -0.085 -0.01949111728 2
0 0.045 -0.075 -0.02343659117 2
0 0.045 -0.065 -0.02703251476 2
0 0.045 -0.055 -0.03021839886 2
0 0.045 -0.045 -0.0329401111 2
0 0.045 -0.035 -0.03515034397 2
0 0.045 -0.025 -0.03681092229 2
0 0.045 -0.015 -0.03789077875 2
0 0.045 -0.005 -0.03838240141 2
0 0.045 0.005 -0.03827867531 2
0 0.045 0.015 -0.0376170404 2
0 0.045 0.025 -0.03636482655 2
0 0.045 0.035 -0.03459337888 2
0 0.045 0.045 -0.0323581039 2
0 0.045 0.055 -0.02978434911 2
0 0.045 0.065 -0.0269437968 2
0 0.045 0.075 -0.02385257202 2
0 0.045 0.085 -0.02050604878 2
0 0.045 0.095 -0.01687785358 2
0 0.045 0.105 -0.0130033957 2
0 0.045 0.115 -0.008869510332 2
0 0.045 0.125 -0.004607215649 2
0 0.045 0.135 -0.0003945061703 2
0 0.045 0.145 0.003506147698 2
0 0.045 0.155 0.006961721812 2
0 0.045 0.165 0.009830311085 1
0 0.045 0.175 0.01241400684 1
0 0.045 0.185 0.01487143869 1
0 0.045 0.195 0.0173162782 1
0 0.045 0.205 0.01961221291 1
0 0.045 0.215 0.02163791828 1
0 0.045 0.225 0.02338752865 1
0 0.045 0.235 0.02507822033 1
0 0.045 0.245 0.02675500277 1
0 0.045 0.255 0.02829286093 1
0 0.045 0.265 0.029234697 2
0 0.045 0.275 0.02895137316 2
0 0.045 0.285 0.02776943665 2
0 0.045 0.295 0.02568464371 2
0 0.045 0.305 0.02316571481 2
0 0.045 0.315 0.02028814215 2
0 0.045 0.325 0.01716979894 2
0 0.045 0.335 0.01386537217 2
0 0.045 0.345 0.01050272052 2
0 0.045 0.355 0.00715876958 2
0 0.045 0.365 0.003908774171 2
0 0.045 0.375 0.0007761355599 2
0 0.045 0.385 -0.002273832888 2
0 0.045 0.395 -0.005271887939 2
0 0.045 0.405 -0.008243383611 2
0 0.045 0.415 -0.01102320428 2
0 0.045 0.425 -0.01352617807 2
0 0.045 0.435 -0.01555563174 2
0 0.045 0.445 -0.01703326881 2
0 0.045 0.455 -0.0178703119 2
0 0.045 0.465 -0.01813102404 2
0 0.045 0.475 -0.01759826951 2
0 0.045 0.485 -0.01707696111 2
0 0.045 0.495 -0.01427766106 2
0 0.045 0.505 -0.008665225654 2
0 0.045 0.515 -0.00351417945 2
0 0.045 0.525 0 2
0 0.045 0.535 0 2
0 0.045 0.545 0 2
0 0.045 0.555 0 2
0 0.045 0.565 0 2
0 0.055 -0.555 0 2
0 0.055 -0.545 0 2
0 0.055 -0.535 0 2
0 0.055 -0.525 0 2
0 0.055 -0.515 -0.003300188867 2
0 0.055 -0.505 -0.008167930742 2
0 0.055 -0.495 -0.01324595087 2
0 0.055 -0.485 -0.01563722385 2
0 0.055 -0.475 -0.0157495618 2
0 0.055 -0.465 -0.01596701319 2
0 0.055 -0.455 -0.01549683704 2
0 0.055 -0.445 -0.01459432425 2
0 0.055 -0.435 -0.01316984374 2
0 0.055 -0.425 -0.01130179272 2
0 0.055 -0.415 -0.00900049543 2
0 0.055 -0.405 -0.00647622187 2
0 0.055 -0.395 -0.003837661253 1
0 0.055 -0.385 -0.001309833075 1
0 0.055 -0.375 0.001281758585 1
0 0.055 -0.365 0.004028345385 1
0 0.055 -0.355 0.006913743288 1
0 0.055 -0.345 0.009934238102 1
0 0.055 -0.335 0.01313638531 1
0 0.055 -0.325 0.01654257993 2
0 0.055 -0.315 0.01992354815 2
0 0.055 -0.305 0.022971652 2
0 0.055 -0.295 0.02559880525 2
0 0.055 -0.285 0.02776634789 2
0 0.055 -0.275 0.02948240683 2
0 0.055 -0.265 0.03069640452 2
0 0.055 -0.255 0.03138895223 2
0 0.055 -0.245 0.03154697127 2
0 0.055 -0.235 0.0311650532 2
0 0.055 -0.225 0.03024678477 2
0 0.055 -0.215 0.02880490879 2
0 0.055 -0.205 0.02686096508 2
0 0.055 -0.195 0.02444511981 2
0 0.055 -0.185 0.02159555802 2
0 0.055 -0.175 0.01835783573 2
0 0.055 -0.165 0.01478408309 2
0 0.055 -0.155 0.0109321244 2
0 0.055 -0.145 0.006864510525 2
0 0.055 -0.135 0.002647486196 2
0 0.055 -0.125 -0.001650093996 2
0 0.055 -0.115 -0.005957881967 2
0 0.055 -0.105 -0.01020516577 2
0 0.055 -0.095 -0.0143219894 2
0 0.055 -0.085 -0.01824024146 2
0 0.055 -0.075 -0.0218946733 2
0 0.055 -0.065 -0.02522384481 2
0 0.055 -0.055 -0.0281708559 2
0 0.055 -0.045 -0.03068412221 2
0 0.055 -0.035 -0.03271720835 2
0 0.055 -0.025 -0.03423064684 2
0 0.055 -0.015 -0.03518698561 2
0 0.055 -0.005 -0.03557085853 2
0 0.055 0.005 -0.03534178882 2
0 0.055 0.015 -0.03446971043 2
0 0.055 0.025 -0.03284655806 2
0 0.055 0.035 -0.03067833838 2
0 0.055 0.045 -0.02808306148 2
0 0.055 0.055 -0.02549262774 2
0 0.055 0.065 -0.02289340173 2
0 0.055 0.075 -0.020300304 2
0 0.055 0.085 -0.01757861299 2
0 0.055 0.095 -0.01472376749 2
0 0.055 0.105 -0.01159818694 2
0 0.055 0.115 -0.008164734802 2
0 0.055 0.125 -0.004492529171 2
0 0.055 0.135 -0.0007387201121 2
0 0.055 0.145 0.002865959787 2
0 0.055 0.155 0.006140811557 2
0 0.055 0.165 0.00887593555 1
0 0.055 0.175 0.01143138136 1
0 0.055 0.185 0.01384895041 1
0 0.055 0.195 0.01629132863 1
0 0.055 0.205 0.01865732611 1
0 0.055 0.215 0.02087641604 1
0 0.055 0.225 0.02303978798 1
0 0.055 0.235 0.025099161 1
0 0.055 0.245 0.02700595128 1
0 0.055 0.255 0.02835515801 2
0 0.055 0.265 0.02866180481 2
0 0.055 0.275 0.02795908595 2
0 0.055 0.285 0.02632352968 2
0 0.055 0.295 0.02405587879 2
0 0.055 0.305 0.02141308718 2
0 0.055 0.315 0.01847091841 2
0 0.055 0.325 0.01536654038 2
0 0.055 0.335 0.01216523615 2
0 0.055 0.345 0.009090810507 2
0 0.055 0.355 0.006177334112 1
0 0.055 0.365 0.003466895203 1
0 0.055 0.375 0.0008615270837 1
0 0.055 0.385 -0.001687776941 1
0 0.055 0.395 -0.004269919688 1
0 0.055 0.405 -0.006993761517 2
0 0.055 0.415 -0.009747077771 2
0 0.055 0.425 -0.01227372595 2
0 0.055 0.435 -0.01435757711 2
0 0.055 0.445 -0.0158909246 2
0 0.055 0.455 -0.01682692608 2
0 0.055 0.465 -0.01725170228 2
0 0.055 0.475 -0.01692876522 2
0 0.055 0.485 -0.0167070349 2
0 0.055 0.495 -0.01410381052 2
0 0.055 0.505 -0.008669731491 2
0 0.055 0.515 -0.003503699854 2
0 0.055 0.525 0 2
0 0.055 0.535 0 2
0 0.055 0.545 0 2
0 0.055 0.555 0 2
0 0.055 0.565 0 2
0 0.065 -0.555 0 2
0 0.065 -0.545 0 2
0 0.065 -0.535 0 2
0 0.065 -0.525 0 2
0 0.065 -0.515 -0.003341010202 2
0 0.065 -0.505 -0.008305054847 2
0 0.065 -0.495 -0.01328146202 2
0 0.065 -0.485 -0.01551586601 2
0 0.065 -0.475 -0.01532245935 2
0 0.065 -0.465 -0.01532845684 2
0 0.065 -0.455 -0.0146859776 2
0 0.065 -0.445 -0.01369455903 2
0 0.065 -0.435 -0.01227584709 2
0 0.065 -0.425 -0.0104931623 2
0 0.065 -0.415 -0.008314904683 2
0 0.065 -0.405 -0.005945130598 2
0 0.065 -0.395 -0.003506872703 1
0 0.065 -0.385 -0.001183831369 1
0 0.065 -0.375 0.001160395832 1
0 0.065 -0.365 0.003587627052 1
0 0.065 -0.355 0.006038671429 1
0 0.065 -0.345 0.008507081938 1
0 0.065 -0.335 0.01115961044 1
0 0.065 -0.325 0.01417470869 1
0 0.065 -0.315 0.01750251865 2
0 0.065 -0.305 0.02065588431 2
0 0.065 -0.295 0.02339751825 2
0 0.065 -0.285 0.02558076407 2
0 0.065 -0.275 0.02725472555 2
0 0.065 -0.265 0.02842463186 2
0 0.065 -0.255 0.0290853604 2
0 0.065 -0.245 0.02923565592 2
0 0.065 -0.235 0.02887754948 2
0 0.065 -0.225 0.02801765888 2
0 0.065 -0.215 0.0266696939 2
0 0.065 -0.205 0.02485457263 2
0 0.065 -0.195 0.02260082827 2
0 0.065 -0.185 0.01994418569 2
0 0.065 -0.175 0.01692710238 2
0 0.065 -0.165 0.01359807534 2
0 0.065 -0.155 0.01001085878 2
0 0.065 -0.145 0.006223582152 2
0 0.065 -0.135 0.002297802501 2
0 0.065 -0.125 -0.001702494557 2
0 0.065 -0.115 -0.00571192413 2
0 0.065 -0.105 -0.009664741881 2
0 0.065 -0.095 -0.01349586976 2
0 0.065 -0.085 -0.01714188458 2
0 0.065 -0.075 -0.02054192333 2
0 0.065 -0.065 -0.02363850002 2
0 0.065 -0.055 -0.02637804806 2
0 0.065 -0.045 -0.02871146896 2
0 0.065 -0.035 -0.03059334633 2
0 0.065 -0.025 -0.03198312641 2
0 0.065 -0.015 -0.03283665541 2
0 0.065 -0.005 -0.03312194057 2
0 0.065 0.005 -0.03275167377 2
0 0.065 0.015 -0.03155352755 2
0 0.065 0.025 -0.02942676408 2
0 0.065 0.035 -0.02662300616 2
0 0.065 0.045 -0.0236427962 1
0 0.065 0.055 -0.02100608951 1
0 0.065 0.065 -0.01866001541 1
0 0.065 0.075 -0.01652693467 1
0 0.065 0.085 -0.0144041133 1
0 0.065 0.095 -0.01225234781 2
0 0.065 0.105 -0.009789128439 2
0 0.065 0.115 -0.007045370951 2
0 0.065 0.125 -0.003998577894 2
0 0.065 0.135 -0.0007209634672 2
0 0.065 0.145 0.002649170529 2
0 0.065 0.155 0.005822672641 2
0 0.065 0.165 0.008644855452 1
0 0.065 0.175 0.0112157968 1
0 0.065 0.185 0.01374089228 1
0 0.065 0.195 0.01627755636 1
0 0.065 0.205 0.01880529466 1
0 0.065 0.215 0.02124280601 1
0 0.065 0.225 0.02374969299 1
0 0.065 0.235 0.02587012084 1
0 0.065 0.245 0.02757120283 2
0 0.065 0.255 0.02833045844 2
0 0.065 0.265 0.0280506574 2
0 0.065 0.275 0.02686707431 2
0 0.065 0.285 0.02491226506 2
0 0.065 0.295 0.0224721081 2
0 0.065 0.305 0.01964566322 2
0 0.065 0.315 0.01656289224 2
0 0.065 0.325 0.01343656349 2
0 0.065 0.335 0.01045409267 1
0 0.065 0.345 0.00779980928 1
0 0.065 0.355 0.005354784269 1
0 0.065 0.365 0.003061883047 1
0 0.065 0.375 0.0008437494627 1
0 0.065 0.385 -0.001354305327 1
0 0.065 0.395 -0.003674691462 1
0 0.065 0.405 -0.006183031796 1
0 0.065 0.415 -0.0089133684 2
0 0.065 0.425 -0.01145389212 2
0 0.065 0.435 -0.01360080531 2
0 0.065 0.445 -0.01518552156 2
0 0.065 0.455 -0.01620654266 2
0 0.065 0.465 -0.01677243194 2
0 0.065 0.475 -0.01662123838 2
0 0.065 0.485 -0.01666589224 2
0 0.065 0.495 -0.01419109429 2
0 0.065 0.505 -0.008829528562 2
0 0.065 0.515 -0.003554379796 2
0 0.065 0.525 0 2
0 0.065 0.535 0 2
0 0.065 0.545 0 2
0 0.065 0.555 0 2
0 0.065 0.565 0 2
0 0.075 -0.555 0 2
0 0.075 -0.545 0 2
0 0.075 -0.535 0 2
0 0.075 -0.525 0 2
0 0.075 -0.515 -0.003451340559 2
0 0.075 -0.505 -0.0086196277 2
0 0.075 -0.495 -0.01359640743 2
0 0.075 -0.485 -0.01574411962 2
0 0.075 -0.475 -0.01525278991 2
0 0.075 -0.465 -0.01505752587 2
0 0.075 -0.455 -0.0142158606 2
0 0.075 -0.445 -0.01310886532 2
0 0.075 -0.435 -0.01168653094 2
0 0.075 -0.425 -0.01000155589 2
0 0.075 -0.415 -0.008002325692 2
0 0.075 -0.405 -0.005802980888 2
0 0.075 -0.395 -0.003540103936 1
0 0.075 -0.385 -0.001333466418 1
0 0.075 -0.375 0.0008515283911 1
0 0.075 -0.365 0.003089464377 1
0 0.075 -0.355 0.00531639464 1
0 0.075 -0.345 0.007473751694 1
0 0.075 -0.335 0.00972843888 1
0 0.075 -0.325 0.01237494078 1
0 0.075 -0.315 0.01550315971 2
0 0.075 -0.305 0.01876820499 2
0 0.075 -0.295 0.02159635881 2
0 0.075 -0.285 0.02381016859 2
0 0.075 -0.275 0.02544589517 2
0 0.075 -0.265 0.02657171594 2
0 0.075 -0.255 0.0272024404 2
0 0.075 -0.245 0.02734418184 2
0 0.075 -0.235 0.02700489713 2
0 0.075 -0.225 0.02619244454 2
0 0.075 -0.215 0.02492115523 2
0 0.075 -0.205 0.02321126689 2
0 0.075 -0.195 0.02108995041 2
0 0.075 -0.185 0.01859091454 2
0 0.075 -0.175 0.01575408919 2
0 0.075 -0.165 0.01262500215 2
0 0.075 -0.155 0.009254074572 2
0 0.075 -0.145 0.005695807835 2
0 0.075 -0.135 0.002007905414 2
0 0.075 -0.125 -0.001749657032 2
0 0.075 -0.115 -0.005515591167 2
0 0.075 -0.105 -0.009228265496 2
0 0.075 -0.095 -0.01282666005 2
0 0.075 -0.085 -0.0162512835 2
0 0.075 -0.075 -0.01944500391 2
0 0.075 -0.065 -0.02235379079 2
0 0.075 -0.055 -0.02492715446 2
0 0.075 -0.045 -0.02711860605 2
0 0.075 -0.035 -0.02888450957 2
0 0.075 -0.025 -0.03018515693 2
0 0.075 -0.015 -0.03097360676 2
0 0.075 -0.005 -0.03120727095 2
0 0.075 0.005 -0.03076187164 2
0 0.075 0.015 -0.02931693443 2
0 0.075 0.025 -0.02686399338 2
0 0.075 0.035 -0.02355771632 1
0 0.075 0.045 -0.02045514373 1
0 0.075 0.055 -0.01781175457 1
0 0.075 0.065 -0.0156801867 1
0 0.075 0.075 -0.01373853523 1
0 0.075 0.085 -0.01182923926 1
0 0.075 0.095 -0.009987790884 1
0 0.075 0.105 -0.008006116051 1
0 0.075 0.115 -0.005777311393 2
0 0.075 0.125 -0.003212952171 2
0 0.075 0.135 -0.0003511081669 2
0 0.075 0.145 0.00274387814 2
0 0.075 0.155 0.005852513871 2
0 0.075 0.165 0.008865077794 2
0 0.075 0.175 0.01164303226 1
0 0.075 0.185 0.01436688036 1
0 0.075 0.195 0.01707583064 1
0 0.075 0.205 0.01979238757 1
0 0.075 0.215 0.02238659147 1
0 0.075 0.225 0.02484910228 2
0 0.075 0.235 0.02672679804 2
0 0.075 0.245 0.0278405815 2
0 0.075 0.255 0.0279973384 2
0 0.075 0.265 0.02725458094 2
0 0.075 0.275 0.02575332301 2
0 0.075 0.285 0.02362815864 2
0 0.075 0.295 0.02098148796 2
0 0.075 0.305 0.01791968545 2
0 0.075 0.315 0.01472175931 2
0 0.075 0.325 0.0117333983 1
0 0.075 0.335 0.009142360522 1
0 0.075 0.345 0.006886364553 1
0 0.075 0.355 0.004788221736 1
0 0.075 0.365 0.002743455709 1
0 0.075 0.375 0.0007197798665 1
0 0.075 0.385 -0.00131704014 1
0 0.075 0.395 -0.003505236108 1
0 0.075 0.405 -0.005912210933 1
0 0.075 0.415 -0.008629699959 2
0 0.075 0.425 -0.01117891689 2
0 0.075 0.435 -0.01334724195 2
0 0.075 0.445 -0.01494042148 2
0 0.075 0.455 -0.01601343959 2
0 0.075 0.465 -0.016693522 2
0 0.075 0.475 -0.01667745328 2
0 0.075 0.485 -0.01696002364 2
0 0.075 0.495 -0.01454874446 2
0 0.075 0.505 -0.00915300985 2
0 0.075 0.515 -0.003669571864 2
0 0.075 0.525 0 2
0 0.075 0.535 0 2
0 0.075 0.545 0 2
0 0.075 0.555 0 2
0 0.075 0.565 0 2
0 0.085 -0.555 0 2
0 0.085 -0.545 0 2
0 0.085 -0.535 0 2
0 0.085 -0.525 0 2
0 0.085 -0.515 -0.00362345323 2
0 0.085 -0.505 -0.009105024932 2
0 0.085 -0.495 -0.01414864289 2
0 0.085 -0.485 -0.01625263433 2
0 0.085 -0.475 -0.01542054259 2
0 0.085 -0.465 -0.01499852202 2
0 0.085 -0.455 -0.01390537578 2
0 0.085 -0.445 -0.01264696922 2
0 0.085 -0.435 -0.01121278837 2
0 0.085 -0.425 -0.009644429084 2
0 0.085 -0.415 -0.007857125994 2
0 0.085 -0.405 -0.005840850156 2
0 0.085 -0.395 -0.003794784094 1
0 0.085 -0.385 -0.001676051495 1
0 0.085 -0.375 0.0003988477241 1
0 0.085 -0.365 0.00252468198 1
0 0.085 -0.355 0.004639553878 1
0 0.085 -0.345 0.006663419603 1
0 0.085 -0.335 0.008689575046 1
0 0.085 -0.325 0.01109557768 1
0 0.085 -0.315 0.01397891895 1
0 0.085 -0.305 0.01728959255 2
0 0.085 -0.295 0.02018001097 2
0 0.085 -0.285 0.02242792553 2
0 0.085 -0.275 0.02399759453 2
0 0.085 -0.265 0.02505560979 2
0 0.085 -0.255 0.02564856967 2
0 0.085 -0.245 0.02577632733 2
0 0.085 -0.235 0.02544975632 2
0 0.085 -0.225 0.02467530399 2
0 0.085 -0.215 0.02346705743 2
0 0.085 -0.205 0.02184424249 2
0 0.085 -0.195 0.01983273554 2
0 0.085 -0.185 0.01746449397 2
0 0.085 -0.175 0.01477731352 2
0 0.085 -0.165 0.01181423323 2
0 0.085 -0.155 0.008622885589 2
0 0.085 -0.145 0.00525473552 2
0 0.085 -0.135 0.001764257507 2
0 0.085 -0.125 -0.001791939178 2
0 0.085 -0.115 -0.00535601511 2
0 0.085 -0.105 -0.008869816902 2
0 0.085 -0.095 -0.01227578142 2
0 0.085 -0.085 -0.01551780793 2
0 0.085 -0.075 -0.01854205201 2
0 0.085 -0.065 -0.02129764835 2
0 0.085 -0.055 -0.02373714551 2
0 0.085 -0.045 -0.02581703965 2
0 0.085 -0.035 -0.02749663733 2
0 0.085 -0.025 -0.02873977177 2
0 0.085 -0.015 -0.02950264534 2
0 0.085 -0.005 -0.02975219293 2
0 0.085 0.005 -0.02935979296 2
0 0.085 0.015 -0.02794715866 2
0 0.085 0.025 -0.02548609312 2
0 0.085 0.035 -0.02210448798 1
0 0.085 0.045 -0.01897035013 1
0 0.085 0.055 -0.01628904292 1
0 0.085 0.065 -0.01418112472 1
0 0.085 0.075 -0.01224122024 1
0 0.085 0.085 -0.01030732346 1
0 0.085 0.095 -0.008407376588 1
0 0.085 0.105 -0.0065348121 1
0 0.085 0.115 -0.004553928014 1
0 0.085 0.125 -0.002328377497 2
0 0.085 0.135 0.0002030682032 2
0 0.085 0.145 0.002935842862 2
0 0.085 0.155 0.005868337627 2
0 0.085 0.165 0.008916717359 2
0 0.085 0.175 0.01198921379 2
0 0.085 0.185 0.01499240977 2
0 0.085 0.195 0.01792002002 2
0 0.085 0.205 0.02069704323 2
0 0.085 0.215 0.02324637178 2
0 0.085 0.225 0.02531358645 2
0 0.085 0.235 0.02680042141 2
0 0.085 0.245 0.02739758235 2
0 0.085 0.255 0.02720057638 2
0 0.085 0.265 0.02628888473 2
0 0.085 0.275 0.02475583842 2
0 0.085 0.285 0.0225491987 2
0 0.085 0.295 0.01970973437 2
0 0.085 0.305 0.01637880611 2
0 0.085 0.315 0.01318490274 1
0 0.085 0.325 0.01046983446 1
0 0.085 0.335 0.008298105224 1
0 0.085 0.345 0.006361481834 1
0 0.085 0.355 0.004451472616 1
0 0.085 0.365 0.002509152431 1
0 0.085 0.375 0.0005325962111 1
0 0.085 0.385 -0.001522427193 1
0 0.085 0.395 -0.003737234969 1
0 0.085 0.405 -0.006194656822 1
0 0.085 0.415 -0.008859755892 2
0 0.085 0.425 -0.01137350405 2
0 0.085 0.435 -0.01348317247 2
0 0.085 0.445 -0.01505313915 2
0 0.085 0.455 -0.01615313563 2
0 0.085 0.465 -0.01692830504 2
0 0.085 0.475 -0.01702298587 2
0 0.085 0.485 -0.01752853813 2
0 0.085 0.495 -0.01513271782 2
0 0.085 0.505 -0.009615553006 2
0 0.085 0.515 -0.003840225629 2
0 0.085 0.525 0 2
0 0.085 0.535 0 2
0 0.085 0.545 0 2
0 0.085 0.555 0 2
0 0.085 0.565 0 2
0 0.095 -0.555 0 2
0 0.095 -0.545 0 2
0 0.095 -0.535 0 2
0 0.095 -0.525 0 2
0 0.095 -0.515 -0.003843222094 2
0 0.095 -0.505 -0.009748618412 2
0 0.095 -0.495 -0.0149034005 2
0 0.095 -0.485 -0.01698624375 2
0 0.095 -0.475 -0.01573550064 2
0 0.095 -0.465 -0.01495333114 2
0 0.095 -0.455 -0.01350116803 2
0 0.095 -0.445 -0.01205240446 2
0 0.095 -0.435 -0.0106042233 2
0 0.095 -0.425 -0.00919381828 2
0 0.095 -0.415 -0.007673067646 2
0 0.095 -0.405 -0.00592610171 2
0 0.095 -0.395 -0.004108042545 2
0 0.095 -0.385 -0.002135727914 1
0 0.095 -0.375 -0.000177283132 1
0 0.095 -0.365 0.001864091617 1
0 0.095 -0.355 0.003924119483 1
0 0.095 -0.345 0.005892593438 1
0 0.095 -0.335 0.007837494226 1
0 0.095 -0.325 0.01016331545 1
0 0.095 -0.315 0.01297628451 1
0 0.095 -0.305 0.01627151043 2
0 0.095 -0.295 0.01918681173 2
0 0.095 -0.285 0.02141890905 2
0 0.095 -0.275 0.02288497959 2
0 0.095 -0.265 0.02384573834 2
0 0.095 -0.255 0.02439438436 2
0 0.095 -0.245 0.02450332507 2
0 0.095 -0.235 0.02418376171 2
0 0.095 -0.225 0.02343849563 2
0 0.095 -0.215 0.02228064633 2
0 0.095 -0.205 0.02072819032 2
0 0.095 -0.195 0.01880577367 2
0 0.095 -0.185 0.01654383402 2
0 0.095 -0.175 0.01397837853 2
0 0.095 -0.165 0.01115038394 2
0 0.095 -0.155 0.008105181648 2
0 0.095 -0.145 0.004891733452 2
0 0.095 -0.135 0.001561850571 2
0 0.095 -0.125 -0.001830639218 2
0 0.095 -0.115 -0.005230755291 2
0 0.095 -0.105 -0.008583242603 2
0 0.095 -0.095 -0.01183344395 2
0 0.095 -0.085 -0.01492815044 2
0 0.095 -0.075 -0.01781639139 2
0 0.095 -0.065 -0.02045018555 2
0 0.095 -0.055 -0.022785059 2
0 0.095 -0.045 -0.0247807947 2
0 0.095 -0.035 -0.02640067444 2
0 0.095 -0.025 -0.02761455529 2
0 0.095 -0.015 -0.02838756063 2
0 0.095 -0.005 -0.02871587431 2
0 0.095 0.005 -0.02849260145 2
0 0.095 0.015 -0.02738652027 2
0 0.095 0.025 -0.02517084106 2
0 0.095 0.035 -0.02211305888 1
0 0.095 0.045 -0.01885258868 1
0 0.095 0.055 -0.01607277789 1
0 0.095 0.065 -0.01377973718 1
0 0.095 0.075 -0.01171175732 1
0 0.095 0.085 -0.009624207105 1
0 0.095 0.095 -0.007537205096 1
0 0.095 0.105 -0.005545970623 1
0 0.095 0.115 -0.003573516086 1
0 0.095 0.125 -0.001526227957 1
0 0.095 0.135 0.0007110868171 2
0 0.095 0.145 0.003116365635 2
0 0.095 0.155 0.005755585452 2
0 0.095 0.165 0.008560731691 2
0 0.095 0.175 0.01155658816 2
0 0.095 0.185 0.01456240146 2
0 0.095 0.195 0.0175667515 2
0 0.095 0.205 0.02037699681 2
0 0.095 0.215 0.02286902181 2
0 0.095 0.225 0.0247275693 2
0 0.095 0.235 0.02595175114 2
0 0.095 0.245 0.0263701047 2
0 0.095 0.255 0.02615099648 2
0 0.095 0.265 0.02535111856 2
0 0.095 0.275 0.02396355982 2
0 0.095 0.285 0.02176750145 2
0 0.095 0.295 0.01878743503 2
0 0.095 0.305 0.0152696579 1
0 0.095 0.315 0.01217999705 1
0 0.095 0.325 0.009717977489 1
0 0.095 0.335 0.00780542879 1
0 0.095 0.345 0.00600083126 1
0 0.095 0.355 0.004140721051 1
0 0.095 0.365 0.002239711482 1
0 0.095 0.375 0.0002543998881 1
0 0.095 0.385 -0.001889503944 1
0 0.095 0.395 -0.004226329166 1
0 0.095 0.405 -0.006827009855 1
0 0.095 0.415 -0.0094463749 2
0 0.095 0.425 -0.01191045006 2
0 0.095 0.435 -0.01391865167 2
0 0.095 0.445 -0.01545052543 2
0 0.095 0.455 -0.01656652151 2
0 0.095 0.465 -0.01742494017 2
0 0.095 0.475 -0.01761275647 2
0 0.095 0.485 -0.01833020084 2
0 0.095 0.495 -0.01591005557 2
0 0.095 0.505 -0.01019678919 2
0 0.095 0.515 -0.00405849631 2
0 0.095 0.525 0 2
0 0.095 0.535 0 2
0 0.095 0.545 0 2
0 0.095 0.555 0 2
0 0.095 0.565 0 2
0 0.105 -0.555 0 1
0 0.105 -0.545 0 1
0 0.105 -0.535 0 1
0 0.105 -0.525 0 2
0 0.105 -0.515 -0.004051148848 2
0 0.105 -0.505 -0.01044705398 2
0 0.105 -0.495 -0.01580689629 2
0 0.105 -0.485 -0.01782827734 2
0 0.105 -0.475 -0.01608089184 2
0 0.105 -0.465 -0.01483430725 2
0 0.105 -0.455 -0.01305093662 2
0 0.105 -0.445 -0.01147312706 2
0 0.105 -0.435 -0.01004288214 2
0 0.105 -0.425 -0.008770181366 2
0 0.105 -0.415 -0.007475438402 2
0 0.105 -0.405 -0.005987931756 2
0 0.105 -0.395 -0.00435930832 2
0 0.105 -0.385 -0.00262619219 1
0 0.105 -0.375 -0.0008019890378 1
0 0.105 -0.365 0.001139130974 1
0 0.105 -0.355 0.003171449353 1
0 0.105 -0.345 0.005150681172 1
0 0.105 -0.335 0.007141742209 1
0 0.105 -0.325 0.009489127195 1
0 0.105 -0.315 0.01236019225 1
0 0.105 -0.305 0.01564214362 2
0 0.105 -0.295 0.01854998929 2
0 0.105 -0.285 0.02069523433 2
0 0.105 -0.275 0.02203695995 2
0 0.105 -0.265 0.02288640878 2
0 0.105 -0.255 0.02338963651 2
0 0.105 -0.245 0.02347816048 2
0 0.105 -0.235 0.02316164247 2
0 0.105 -0.225 0.02243837871 2
0 0.105 -0.215 0.02132025546 2
0 0.105 -0.205 0.01982398915 2
0 0.105 -0.195 0.0179731127 2
0 0.105 -0.185 0.0157967589 2
0 0.105 -0.175 0.01332943829 2
0 0.105 -0.165 0.01061042028 2
0 0.105 -0.155 0.007683141646 2
0 0.105 -0.145 0.004594507866 2
0 0.105 -0.135 0.001394143274 2
0 0.105 -0.125 -0.001866410962 2
0 0.105 -0.115 -0.005134531148 2
0 0.105 -0.105 -0.008357364146 2
0 0.105 -0.095 -0.01148268159 2
0 0.105 -0.085 -0.01445972478 2
0 0.105 -0.075 -0.01724001113 2
0 0.105 -0.065 -0.01977813903 2
0 0.105 -0.055 -0.02203243164 2
0 0.105 -0.045 -0.02396593996 2
0 0.105 -0.035 -0.02554620086 2
0 0.105 -0.025 -0.02674956548 2
0 0.105 -0.015 -0.02755145841 2
0 0.105 -0.005 -0.02797538471 2
0 0.105 0.005 -0.02795160387 2
0 0.105 0.015 -0.027270032 2
0 0.105 0.025 -0.02551880027 2
0 0.105 0.035 -0.02290919236 2
0 0.105 0.045 -0.01958114718 1
0 0.105 0.055 -0.01652603475 1
0 0.105 0.065 -0.01388403517 1
0 0.105 0.075 -0.01161804686 1
0 0.105 0.085 -0.009425132739 1
0 0.105 0.095 -0.007185163198 1
0 0.105 0.105 -0.004989683852 1
0 0.105 0.115 -0.002912241817 1
0 0.105 0.125 -0.0008525332641 1
0 0.105 0.135 0.001247347123 2
0 0.105 0.145 0.003391181257 1
0 0.105 0.155 0.005558877696 1
0 0.105 0.165 0.007867343356 1
0 0.105 0.175 0.01047700799 2
0 0.105 0.185 0.01321797836 2
0 0.105 0.195 0.01603110705 2
0 0.105 0.205 0.01881500867 2
0 0.105 0.215 0.0213844237 2
0 0.105 0.225 0.02339208318 2
0 0.105 0.235 0.02470637095 2
0 0.105 0.245 0.02526556343 2
0 0.105 0.255 0.02521131877 2
0 0.105 0.265 0.02463853792 2
0 0.105 0.275 0.02347602796 2
0 0.105 0.285 0.0213864749 2
0 0.105 0.295 0.01837666864 2
0 0.105 0.305 0.01481409173 1
0 0.105 0.315 0.01171006221 1
0 0.105 0.325 0.009288286062 1
0 0.105 0.335 0.007420006504 1
0 0.105 0.345 0.005635559971 1
0 0.105 0.355 0.00380450406 1
0 0.105 0.365 0.001931372692 1
0 0.105 0.375 -8.624592015e-05 1
0 0.105 0.385 -0.002333597655 1
0 0.105 0.395 -0.004860012585 1
0 0.105 0.405 -0.007602907198 2
0 0.105 0.415 -0.01024915897 2
0 0.105 0.425 -0.01263402179 2
0 0.105 0.435 -0.0145339277 2
0 0.105 0.445 -0.01604379188 2
0 0.105 0.455 -0.0171868765 2
0 0.105 0.465 -0.01812593927 2
0 0.105 0.475 -0.01839653352 2
0 0.105 0.485 -0.01931816845 2
0 0.105 0.495 -0.01684259145 2
0 0.105 0.505 -0.01087276384 2
0 0.105 0.515 -0.004315123353 2
0 0.105 0.525 0 2
0 0.105 0.535 0 2
0 0.105 0.545 0 2
0 0.105 0.555 0 2
0 0.105 0.565 0 2
0 0.115 -0.555 0 1
0 0.115 -0.545 0 1
0 0.115 -0.535 0 1
0 0.115 -0.525 0 1
0 0.115 -0.515 -0.004144855092 1
0 0.115 -0.505 -0.01092758767 2
0 0.115 -0.495 -0.01658957382 2
0 0.115 -0.485 -0.01868943835 2
0 0.115 -0.475 -0.01662788013 2
0 0.115 -0.465 -0.01495571223 2
0 0.115 -0.455 -0.0128471847 1
0 0.115 -0.445 -0.01111916857 1
0 0.115 -0.435 -0.009751155303 1
0 0.115 -0.425 -0.008605164355 1
0 0.115 -0.415 -0.007438722249 1
0 0.115 -0.405 -0.006174362707 1
0 0.115 -0.395 -0.004764892814 1
0 0.115 -0.385 -0.003184474047 2
0 0.115 -0.375 -0.001415782048 1
0 0.115 -0.365 0.0004453072719 1
0 0.115 -0.355 0.00243624329 1
0 0.115 -0.345 0.004451798824 1
0 0.115 -0.335 0.006588793926 1
0 0.115 -0.325 0.009061003179 1
0 0.115 -0.315 0.01206096453 1
0 0.115 -0.305 0.01528362956 2
0 0.115 -0.295 0.01811018767 2
0 0.115 -0.285 0.02012031595 2
0 0.115 -0.275 0.02135825123 2
0 0.115 -0.265 0.02212368759 2
0 0.115 -0.255 0.02259170673 2
0 0.115 -0.245 0.0226636856 2
0 0.115 -0.235 0.0223486395 2
0 0.115 -0.225 0.02164185615 2
0 0.115 -0.215 0.02055445974 2
0 0.115 -0.205 0.01910220722 2
0 0.115 -0.195 0.01730773472 2
0 0.115 -0.185 0.01519909557 2
0 0.115 -0.175 0.01280956616 2
0 0.115 -0.165 0.01017701559 2
0 0.115 -0.155 0.007343335443 2
0 0.115 -0.145 0.004353760172 2
0 0.115 -0.135 0.001256140224 2
0 0.115 -0.125 -0.00189983797 2
0 0.115 -0.115 -0.00506346594 2
0 0.115 -0.105 -0.00818384992 2
0 0.115 -0.095 -0.01121075585 2
0 0.115 -0.085 -0.01409545671 2
0 0.115 -0.075 -0.01679156244 2
0 0.115 -0.065 -0.019255879 2
0 0.115 -0.055 -0.02144917625 2
0 0.115 -0.045 -0.0233373883 2
0 0.115 -0.035 -0.02489187364 2
0 0.115 -0.025 -0.02609426463 2
0 0.115 -0.015 -0.02692935601 2
0 0.115 -0.005 -0.02742972851 2
0 0.115 0.005 -0.02757124734 2
0 0.115 0.015 -0.02722381637 2
0 0.115 0.025 -0.02595201317 2
0 0.115 0.035 -0.02370263695 2
0 0.115 0.045 -0.02062017218 1
0 0.115 0.055 -0.01736347743 1
0 0.115 0.065 -0.01439418641 1
0 0.115 0.075 -0.01181990305 1
0 0.115 0.085 -0.009451459077 1
0 0.115 0.095 -0.00710509946 1
0 0.115 0.105 -0.004742533492 1
0 0.115 0.115 -0.002491360355 1
0 0.115 0.125 -0.0003212976527 1
0 0.115 0.135 0.001727570935 1
0 0.115 0.145 0.003706849183 1
0 0.115 0.155 0.005604860761 1
0 0.115 0.165 0.007517334536 1
0 0.115 0.175 0.009565848071 1
0 0.115 0.185 0.01174482128 1
0 0.115 0.195 0.01411403045 1
0 0.115 0.205 0.01674696121 2
0 0.115 0.215 0.01946094647 2
0 0.115 0.225 0.02182782621 2
0 0.115 0.235 0.02352022118 2
0 0.115 0.245 0.02438018872 2
0 0.115 0.255 0.02453098711 2
0 0.115 0.265 0.02417045365 2
0 0.115 0.275 0.0232145028 2
0 0.115 0.285 0.02133965211 2
0 0.115 0.295 0.01844126943 2
0 0.115 0.305 0.01494521806 1
0 0.115 0.315 0.01168323436 1
0 0.115 0.325 0.009085885257 1
0 0.115 0.335 0.007072625579 1
0 0.115 0.345 0.005263069774 1
0 0.115 0.355 0.003451842849 1
0 0.115 0.365 0.001583087343 1
0 0.115 0.375 -0.0004756050172 1
0 0.115 0.385 -0.00282600279 1
0 0.115 0.395 -0.005571875062 2
0 0.115 0.405 -0.008424003001 2
0 0.115 0.415 -0.0111137089 2
0 0.115 0.425 -0.01340304323 2
0 0.115 0.435 -0.01524162793 2
0 0.115 0.445 -0.01676714817 2
0 0.115 0.455 -0.01796034276 2
0 0.115 0.465 -0.01898301742 2
0 0.115 0.475 -0.01933088166 2
0 0.115 0.485 -0.02045039401 2
0 0.115 0.495 -0.01789517392 2
0 0.115 0.505 -0.01162104523 2
0 0.115 0.515 -0.004601336927 2
0 0.115 0.525 0 2
0 0.115 0.535 0 2
0 0.115 0.545 0 2
0 0.115 0.555 0 2
0 0.115 0.565 0 2
0 0.125 -0.555 0 1
0 0.125 -0.545 0 1
0 0.125 -0.535 0 1
0 0.125 -0.525 0 1
0 0.125 -0.515 -0.004153025045 1
0 0.125 -0.505 -0.01107963276 1
0 0.125 -0.495 -0.01704687124 2
0 0.125 -0.485 -0.01947165252 2
0 0.125 -0.475 -0.01744767082 2
0 0.125 -0.465 -0.01555193484 1
0 0.125 -0.455 -0.01330298576 1
0 0.125 -0.445 -0.01156143475 1
0 0.125 -0.435 -0.01023223983 1
0 0.125 -0.425 -0.009073770476 1
0 0.125 -0.415 -0.007852187841 1
0 0.125 -0.405 -0.006579462507 1
0 0.125 -0.395 -0.005197474085 1
0 0.125 -0.385 -0.003684367354 1
0 0.125 -0.375 -0.002017319926 1
0 0.125 -0.365 -0.0001750292706 1
0 0.125 -0.355 0.001819423047 1
0 0.125 -0.345 0.003909559877 1
0 0.125 -0.335 0.006208894795 1
0 0.125 -0.325 0.008773709084 1
0 0.125 -0.315 0.011816223 1
0 0.125 -0.305 0.01493348594 2
0 0.125 -0.295 0.01768428592 2
0 0.125 -0.285 0.0195984493 2
0 0.125 -0.275 0.02078404141 2
0 0.125 -0.265 0.02151622376 2
0 0.125 -0.255 0.02196426004 2
0 0.125 -0.245 0.02202603538 2
0 0.125 -0.235 0.02171219654 2
0 0.125 -0.225 0.02101760114 2
0 0.125 -0.215 0.01995343346 2
0 0.125 -0.205 0.01853491697 2
0 0.125 -0.195 0.01678403654 2
0 0.125 -0.185 0.01472797594 2
0 0.125 -0.175 0.01239900408 2
0 0.125 -0.165 0.009833850055 2
0 0.125 -0.155 0.007073156878 2
0 0.125 -0.145 0.004160816879 2
0 0.125 -0.135 0.001143261604 2
0 0.125 -0.125 -0.001931303026 2
0 0.125 -0.115 -0.005013696903 2
0 0.125 -0.105 -0.008054591802 2
0 0.125 -0.095 -0.01100535111 2
0 0.125 -0.085 -0.01381887988 2
0 0.125 -0.075 -0.01645047236 2
0 0.125 -0.065 -0.01885870326 2
0 0.125 -0.055 -0.0210062756 2
0 0.125 -0.045 -0.02286126925 2
0 0.125 -0.035 -0.02439773424 2
0 0.125 -0.025 -0.02559972759 2
0 0.125 -0.015 -0.02645760387 2
0 0.125 -0.005 -0.02698896023 2
0 0.125 0.005 -0.02721206199 2
0 0.125 0.015 -0.02703581471 2
0 0.125 0.025 -0.02619427636 2
0 0.125 0.035 -0.02440639393 2
0 0.125 0.045 -0.02177522775 2
0 0.125 0.055 -0.01860805714 1
0 0.125 0.065 -0.01542918223 1
0 0.125 0.075 -0.01253868376 1
0 0.125 0.085 -0.009850487391 1
0 0.125 0.095 -0.007279094409 1
0 0.125 0.105 -0.004742583585 1
0 0.125 0.115 -0.002310863744 1
0 0.125 0.125 2.380062923e-05 1
0 0.125 0.135 0.002171536953 1
0 0.125 0.145 0.004100797392 1
0 0.125 0.155 0.005848276508 1
0 0.125 0.165 0.007525597298 1
0 0.125 0.175 0.009212427182 1
0 0.125 0.185 0.01092617444 1
0 0.125 0.195 0.01275569271 1
0 0.125 0.205 0.01498586245 1
0 0.125 0.215 0.01765752436 2
0 0.125 0.225 0.02035628877 2
0 0.125 0.235 0.02257336507 2
0 0.125 0.245 0.02382907779 2
0 0.125 0.255 0.02418152543 2
0 0.125 0.265 0.02391870296 2
0 0.125 0.275 0.02307583787 2
0 0.125 0.285 0.02145633026 2
0 0.125 0.295 0.01877955127 2
0 0.125 0.305 0.01544564482 1
0 0.125 0.315 0.01203074172 1
0 0.125 0.325 0.009128061102 1
0 0.125 0.335 0.006825888693 1
0 0.125 0.345 0.004900831251 1
0 0.125 0.355 0.003082315096 1
0 0.125 0.365 0.00117951954 1
0 0.125 0.375 -0.0009463854164 1
0 0.125 0.385 -0.003422888463 1
0 0.125 0.395 -0.006300622439 2
0 0.125 0.405 -0.009246425599 2
0 0.125 0.415 -0.01194827959 2
0 0.125 0.425 -0.01417255527 2
0 0.125 0.435 -0.01600728355 2
0 0.125 0.445 -0.01758066855 2
0 0.125 0.455 -0.0188426698 2
0 0.125 0.465 -0.01995416993 2
0 0.125 0.475 -0.02037655276 2
0 0.125 0.485 -0.02168811295 2
0 0.125 0.495 -0.01903503519 2
0 0.125 0.505 -0.01242069598 2
0 0.125 0.515 -0.004908893356 2
0 0.125 0.525 0 2
0 0.125 0.535 0 2
0 0.125 0.545 0 2
0 0.125 0.555 0 2
0 0.125 0.565 0 2
0 0.135 -0.555 0 1
0 0.135 -0.545 0 1
0 0.135 -0.535 0 1
0 0.135 -0.525 0 1
0 0.135 -0.515 -0.004159297374 1
0 0.135 -0.505 -0.01107051221 1
0 0.135 -0.495 -0.01734209789 1
0 0.135 -0.485 -0.02018798936 2
0 0.135 -0.475 -0.01866936881 2
0 0.135 -0.465 -0.01690752079 1
0 0.135 -0.455 -0.0145316881 1
0 0.135 -0.445 -0.0127184736 1
0 0.135 -0.435 -0.01133702458 1
0 0.135 -0.425 -0.01006575863 1
0 0.135 -0.415 -0.008674186385 1
0 0.135 -0.405 -0.007243535521 1
0 0.135 -0.395 -0.005748302571 1
0 0.135 -0.385 -0.004165157733 1
0 0.135 -0.375 -0.002517331591 1
0 0.135 -0.365 -0.0006818009108 1
0 0.135 -0.355 0.001346000354 2
0 0.135 -0.345 0.003500018769 1
0 0.135 -0.335 0.005836624227 1
0 0.135 -0.325 0.008452962554 1
0 0.135 -0.315 0.01148756758 2
0 0.135 -0.305 0.01455301882 2
0 0.135 -0.295 0.01719231769 2
0 0.135 -0.285 0.01905838381 2
0 0.135 -0.275 0.02027747661 2
0 0.135 -0.265 0.02103487418 2
0 0.135 -0.255 0.02147943973 2
0 0.135 -0.245 0.02153718241 2
0 0.135 -0.235 0.02122446396 2
0 0.135 -0.225 0.02053844341 2
0 0.135 -0.215 0.01949119564 2
0 0.135 -0.205 0.01809778056 2
0 0.135 -0.195 0.01637972876 2
0 0.135 -0.185 0.01436352048 2
0 0.135 -0.175 0.01208060163 2
0 0.135 -0.165 0.009566778793 2
0 0.135 -0.155 0.006861697964 2
0 0.135 -0.145 0.00400819125 2
0 0.135 -0.135 0.001051578025 2
0 0.135 -0.125 -0.001961090221 2
0 0.135 -0.115 -0.00498182098 2
0 0.135 -0.105 -0.007962499213 2
0 0.135 -0.095 -0.01085572212 2
0 0.135 -0.085 -0.01361564736 2
0 0.135 -0.075 -0.0161988453 2
0 0.135 -0.065 -0.01856519178 2
0 0.135 -0.055 -0.020678742 2
0 0.135 -0.045 -0.02250888656 2
0 0.135 -0.035 -0.02403114362 2
0 0.135 -0.025 -0.02522964019 2
0 0.135 -0.015 -0.0260969954 2
0 0.135 -0.005 -0.0266350623 2
0 0.135 0.005 -0.02687783054 2
0 0.135 0.015 -0.02676815677 2
0 0.135 0.025 -0.02618610543 2
0 0.135 0.035 -0.02484957711 2
0 0.135 0.045 -0.02270030498 2
0 0.135 0.055 -0.01990121941 2
0 0.135 0.065 -0.01675509341 1
0 0.135 0.075 -0.01366830617 1
0 0.135 0.085 -0.01070214054 1
0 0.135 0.095 -0.007889615213 1
0 0.135 0.105 -0.005114129559 1
0 0.135 0.115 -0.00241544829 1
0 0.135 0.125 0.0001330257311 1
0 0.135 0.135 0.00243069746 1
0 0.135 0.145 0.004430946097 1
0 0.135 0.155 0.006213110546 1
0 0.135 0.165 0.007859825831 1
0 0.135 0.175 0.009386704544 1
0 0.135 0.185 0.01082821961 1
0 0.135 0.195 0.01223982088 1
0 0.135 0.205 0.01398624295 1
0 0.135 0.215 0.01641513439 1
0 0.135 0.225 0.01925527005 2
0 0.135 0.235 0.02196723234 2
0 0.135 0.245 0.02357224971 2
0 0.135 0.255 0.02405247449 2
0 0.135 0.265 0.02375920678 2
0 0.135 0.275 0.0229060676 2
0 0.135 0.285 0.02152369805 2
0 0.135 0.295 0.01920560593 2
0 0.135 0.305 0.01610475248 2
0 0.135 0.315 0.01262210056 1
0 0.135 0.325 0.009361290102 1
0 0.135 0.335 0.006722945463 1
0 0.135 0.345 0.004613767378 1
0 0.135 0.355 0.002711852824 1
0 0.135 0.365 0.0007118272464 1
0 0.135 0.375 -0.001521602327 1
0 0.135 0.385 -0.00416657898 1
0 0.135 0.395 -0.007102803335 2
0 0.135 0.405 -0.01010271533 2
0 0.135 0.415 -0.01275914685 2
0 0.135 0.425 -0.01495232303 2
0 0.135 0.435 -0.01681939277 2
0 0.135 0.445 -0.01846256847 2
0 0.135 0.455 -0.01980155743 2
0 0.135 0.465 -0.02100548835 2
0 0.135 0.475 -0.02150006695 2
0 0.135 0.485 -0.02299742285 2
0 0.135 0.495 -0.02023315784 2
0 0.135 0.505 -0.013253169 2
0 0.135 0.515 -0.005230429015 2
0 0.135 0.525 0 2
0 0.135 0.535 0 2
0 0.135 0.545 0 1
0 0.135 0.555 0 1
0 0.135 0.565 0 1
0 0.145 -0.555 0 1
0 0.145 -0.545 0 1
0 0.145 -0.535 0 1
0 0.145 -0.525 0 1
0 0.145 -0.515 -0.004242461215 1
0 0.145 -0.505 -0.011165553 1
0 0.145 -0.495 -0.01774615264 1
0 0.145 -0.485 -0.02104496071 1
0 0.145 -0.475 -0.02020325176 2
0 0.145 -0.465 -0.0188951243 1
0 0.145 -0.455 -0.0164528284 1
0 0.145 -0.445 -0.01441910945 1
0 0.145 -0.435 -0.01280338395 1
0 0.145 -0.425 -0.01134802987 1
0 0.145 -0.415 -0.009711122033 1
0 0.145 -0.405 -0.008001974477 1
0 0.145 -0.395 -0.006251169611 1
0 0.145 -0.385 -0.004495360062 1
0 0.145 -0.375 -0.00282704783 1
0 0.145 -0.365 -0.001042750956 1
0 0.145 -0.355 0.0009326304126 2
0 0.145 -0.345 0.003081623073 2
0 0.145 -0.335 0.005372182275 2
0 0.145 -0.325 0.007906451484 2
0 0.145 -0.315 0.01083038253 2
0 0.145 -0.305 0.01398582445 2
0 0.145 -0.295 0.01665819114 2
0 0.145 -0.285 0.01860002886 2
0 0.145 -0.275 0.01988352814 2
0 0.145 -0.265 0.02067486718 2
0 0.145 -0.255 0.02112020519 2
0 0.145 -0.245 0.02117447299 2
0 0.145 -0.235 0.02086114004 2
0 0.145 -0.225 0.02018008896 2
0 0.145 -0.215 0.01914436369 2
0 0.145 -0.205 0.01776888467 2
0 0.145 -0.195 0.01607477248 2
0 0.145 -0.185 0.01408789237 2
0 0.145 -0.175 0.01183900182 2
0 0.145 -0.165 0.009363161634 2
0 0.145 -0.155 0.006699233134 2
0 0.145 -0.145 0.003889229747 2
0 0.145 -0.135 0.0009776236243 2
0 0.145 -0.125 -0.001989404537 2
0 0.145 -0.115 -0.004964750894 2
0 0.145 -0.105 -0.007901200749 2
0 0.145 -0.095 -0.01075225681 2
0 0.145 -0.085 -0.01347297907 2
0 0.145 -0.075 -0.01602082741 2
0 0.145 -0.065 -0.01835652705 2
0 0.145 -0.055 -0.02044491864 2
0 0.145 -0.045 -0.02225592878 2
0 0.145 -0.035 -0.02376540624 2
0 0.145 -0.025 -0.02495606522 2
0 0.145 -0.015 -0.02581930852 2
0 0.145 -0.005 -0.02634722838 2
0 0.145 0.005 -0.02656093864 2
0 0.145 0.015 -0.0264449056 2
0 0.145 0.025 -0.02595359879 2
0 0.145 0.035 -0.02490988281 2
0 0.145 0.045 -0.02318595276 2
0 0.145 0.055 -0.02083115775 2
0 0.145 0.065 -0.01802127407 2
0 0.145 0.075 -0.01494814433 2
0 0.145 0.085 -0.01180588777 1
0 0.145 0.095 -0.008765872076 1
0 0.145 0.105 -0.00578430697 1
0 0.145 0.115 -0.00283060802 1
0 0.145 0.125 -2.177215969e-05 1
0 0.145 0.135 0.002508589068 1
0 0.145 0.145 0.004676014074 1
0 0.145 0.155 0.006536305556 1
0 0.145 0.165 0.008218744551 1
0 0.145 0.175 0.009736097344 1
0 0.145 0.185 0.01109258589 1
0 0.145 0.195 0.01229220409 1
0 0.145 0.205 0.01366854587 1
0 0.145 0.215 0.01580408337 1
0 0.145 0.225 0.01861813589 1
0 0.145 0.235 0.02165666664 2
0 0.145 0.245 0.02356758896 2
0 0.145 0.255 0.0240849087 2
0 0.145 0.265 0.02363322306 2
0 0.145 0.275 0.02266325015 2
0 0.145 0.285 0.02139713229 2
0 0.145 0.295 0.01940281196 2
0 0.145 0.305 0.01658187556 2
0 0.145 0.315 0.01321577993 2
0 0.145 0.325 0.009775392663 1
0 0.145 0.335 0.006781966371 1
0 0.145 0.345 0.004394464162 1
0 0.145 0.355 0.002304589469 1
0 0.145 0.365 0.00016809041 1
0 0.145 0.375 -0.002227661204 1
0 0.145 0.385 -0.005056852698 2
0 0.145 0.395 -0.008051650176 2
0 0.145 0.405 -0.01100314947 2
0 0.145 0.415 -0.01356594872 2
0 0.145 0.425 -0.01575601915 2
0 0.145 0.435 -0.01767441472 2
0 0.145 0.445 -0.01939447731 2
0 0.145 0.455 -0.02081136732 2
0 0.145 0.465 -0.02210897151 2
0 0.145 0.475 -0.02267292252 2
0 0.145 0.485 -0.02434901904 2
0 0.145 0.495 -0.02146425473 2
0 0.145 0.505 -0.01410233394 2
0 0.145 0.515 -0.005559496776 2
0 0.145 0.525 0 2
0 0.145 0.535 0 1
0 0.145 0.545 0 1
0 0.145 0.555 0 1
0 0.145 0.565 0 1
0 0.155 -0.555 0 1
0 0.155 -0.545 0 1
0 0.155 -0.535 0 1
0 0.155 -0.525 0 1
0 0.155 -0.515 -0.00437492625 1
0 0.155 -0.505 -0.01140350143 1
0 0.155 -0.495 -0.01835707909 1
0 0.155 -0.485 -0.02228989657 1
0 0.155 -0.475 -0.02207324264 2
0 0.155 -0.465 -0.02131991869 1
0 0.155 -0.455 -0.01894435155 1
0 0.155 -0.445 -0.01658145051 1
0 0.155 -0.435 -0.01448594247 1
0 0.155 -0.425 -0.01270524611 1
0 0.155 -0.415 -0.01078396661 1
0 0.155 -0.405 -0.008819983117 1
0 0.155 -0.395 -0.006781462613 1
0 0.155 -0.385 -0.004759125927 1
0 0.155 -0.375 -0.002957890615 1
0 0.155 -0.365 -0.001190099919 1
0 0.155 -0.355 0.0006966724705 2
0 0.155 -0.345 0.002703170404 2
0 0.155 -0.335 0.004800000818 2
0 0.155 -0.325 0.007210738422 2
0 0.155 -0.315 0.01012207224 2
0 0.155 -0.305 0.01341253514 2
0 0.155 -0.295 0.01619860212 2
0 0.155 -0.285 0.01828270493 2
0 0.155 -0.275 0.01962597303 2
0 0.155 -0.265 0.02043070673 2
0 0.155 -0.255 0.02087068129 2
0 0.155 -0.245 0.02091719904 2
0 0.155 -0.235 0.02060018055 2
0 0.155 -0.225 0.0199206229 2
0 0.155 -0.215 0.01889195055 2
0 0.155 -0.205 0.01752864882 2
0 0.155 -0.195 0.01585132873 2
0 0.155 -0.185 0.01388526126 2
0 0.155 -0.175 0.01166060906 2
0 0.155 -0.165 0.009211832094 2
0 0.155 -0.155 0.006577188135 2
0 0.155 -0.145 0.003798080369 2
0 0.155 -0.135 0.0009183631635 2
0 0.155 -0.125 -0.002016407367 2
0 0.155 -0.115 -0.004959755615 2
0 0.155 -0.105 -0.007865093257 2
0 0.155 -0.095 -0.01068653918 2
0 0.155 -0.085 -0.01337974562 2
0 0.155 -0.075 -0.01590272057 2
0 0.155 -0.065 -0.01821664934 2
0 0.155 -0.055 -0.02028669261 2
0 0.155 -0.045 -0.02208276947 2
0 0.155 -0.035 -0.02358033046 2
0 0.155 -0.025 -0.02476053097 2
0 0.155 -0.015 -0.02561199234 2
0 0.155 -0.005 -0.02612618139 2
0 0.155 0.005 -0.02630537674 2
0 0.155 0.015 -0.02614850158 2
0 0.155 0.025 -0.02564581486 2
0 0.155 0.035 -0.02470173368 2
0 0.155 0.045 -0.02326289747 2
0 0.155 0.055 -0.02125638569 2
0 0.155 0.065 -0.01874863476 2
0 0.155 0.075 -0.01588183612 2
0 0.155 0.085 -0.01287493846 2
0 0.155 0.095 -0.009787475095 2
0 0.155 0.105 -0.006651520235 2
0 0.155 0.115 -0.0034233051 2
0 0.155 0.125 -0.0003084418945 2
0 0.155 0.135 0.002443456406 1
0 0.155 0.145 0.004763538082 1
0 0.155 0.155 0.006734347267 1
0 0.155 0.165 0.008512337703 1
0 0.155 0.175 0.01007934377 1
0 0.155 0.185 0.01143389527 1
0 0.155 0.195 0.01257743265 1
0 0.155 0.205 0.01378592578 1
0 0.155 0.215 0.01580530074 1
0 0.155 0.225 0.01862495791 1
0 0.155 0.235 0.02165615984 2
0 0.155 0.245 0.023623889 2
0 0.155 0.255 0.02406116834 2
0 0.155 0.265 0.02342887972 2
0 0.155 0.275 0.02231194291 2
0 0.155 0.285 0.02106755353 2
0 0.155 0.295 0.01931163766 2
0 0.155 0.305 0.0167726327 2
0 0.155 0.315 0.01351690034 2
0 0.155 0.325 0.01008386937 1
0 0.155 0.335 0.006929528748 1
0 0.155 0.345 0.004274642532 1
0 0.155 0.355 0.001884278999 1
0 0.155 0.365 -0.000484696788 1
0 0.155 0.375 -0.003089842219 1
0 0.155 0.385 -0.005997310529 2
0 0.155 0.395 -0.009026625588 2
0 0.155 0.405 -0.01189796782 2
0 0.155 0.415 -0.01438210374 2
0 0.155 0.425 -0.01658720828 2
0 0.155 0.435 -0.01856791778 2
0 0.155 0.445 -0.02035980384 2
0 0.155 0.455 -0.02185150351 2
0 0.155 0.465 -0.02324144491 2
0 0.155 0.475 -0.02387114182 2
0 0.155 0.485 -0.02571796193 2
0 0.155 0.495 -0.0227066735 2
0 0.155 0.505 -0.01495440258 2
0 0.155 0.515 -0.005890556463 2
0 0.155 0.525 0 2
0 0.155 0.535 0 1
0 0.155 0.545 0 1
0 0.155 0.555 0 1
0 0.155 0.565 0 1
0 0.165 -0.555 0 1
0 0.165 -0.545 0 1
0 0.165 -0.535 0 1
0 0.165 -0.525 0 1
0 0.165 -0.515 -0.004568655658 1
0 0.165 -0.505 -0.01192164512 1
0 0.165 -0.495 -0.01935238581 1
0 0.165 -0.485 -0.0238325218 1
0 0.165 -0.475 -0.02421776404 2
0 0.165 -0.465 -0.02391776748 2
0 0.165 -0.455 -0.02157665845 1
0 0.165 -0.445 -0.01888613528 1
0 0.165 -0.435 -0.01639334493 1
0 0.165 -0.425 -0.01431982566 1
0 0.165 -0.415 -0.01209676565 1
0 0.165 -0.405 -0.009795872475 1
0 0.165 -0.395 -0.007386822354 1
0 0.165 -0.385 -0.005018707576 1
0 0.165 -0.375 -0.002954630351 1
0 0.165 -0.365 -0.00109211752 1
0 0.165 -0.355 0.0007168202082 1
0 0.165 -0.345 0.002478940291 1
0 0.165 -0.335 0.004308754968 1
0 0.165 -0.325 0.006537138782 1
0 0.165 -0.315 0.009451882343 1
0 0.165 -0.305 0.01295037764 2
0 0.165 -0.295 0.01601344782 2
0 0.165 -0.285 0.01822852772 2
0 0.165 -0.275 0.01954935897 2
0 0.165 -0.265 0.02030011552 2
0 0.165 -0.255 0.02071584633 2
0 0.165 -0.245 0.02074569711 2
0 0.165 -0.235 0.02042103319 2
0 0.165 -0.225 0.01973995642 2
0 0.165 -0.215 0.01871494645 2
0 0.165 -0.205 0.01735948196 2
0 0.165 -0.195 0.01569346075 2
0 0.165 -0.185 0.01374154047 2
0 0.165 -0.175 0.01153336027 2
0 0.165 -0.165 0.009102904982 2
0 0.165 -0.155 0.006487987832 2
0 0.165 -0.145 0.003729583976 2
0 0.165 -0.135 0.0008711292312 2
0 0.165 -0.125 -0.002042232175 2
0 0.165 -0.115 -0.004964428708 2
0 0.165 -0.105 -0.00784926334 2
0 0.165 -0.095 -0.01065122407 2
0 0.165 -0.085 -0.01332629361 2
0 0.165 -0.075 -0.01583274653 2
0 0.165 -0.065 -0.01813192332 2
0 0.165 -0.055 -0.02018896664 2
0 0.165 -0.045 -0.02197346397 2
0 0.165 -0.035 -0.02346008174 2
0 0.165 -0.025 -0.02462858586 2
0 0.165 -0.015 -0.02546463534 2
0 0.165 -0.005 -0.02595803527 2
0 0.165 0.005 -0.026101419 2
0 0.165 0.015 -0.02589091476 2
0 0.165 0.025 -0.02533367408 2
0 0.165 0.035 -0.02438227231 2
0 0.165 0.045 -0.02304018385 2
0 0.165 0.055 -0.02124527663 2
0 0.165 0.065 -0.01900096161 2
0 0.165 0.075 -0.0163626602 2
0 0.165 0.085 -0.01348281509 2
0 0.165 0.095 -0.01045990781 2
0 0.165 0.105 -0.007342603963 2
0 0.165 0.115 -0.004078321096 2
0 0.165 0.125 -0.0008243272291 2
0 0.165 0.135 0.002135383383 2
0 0.165 0.145 0.004657844453 1
0 0.165 0.155 0.006800113681 1
0 0.165 0.165 0.008749232636 1
0 0.165 0.175 0.01039845784 1
0 0.165 0.185 0.01172133047 1
0 0.165 0.195 0.01288194675 1
0 0.165 0.205 0.01417353671 1
0 0.165 0.215 0.01625664353 1
0 0.165 0.225 0.01901000785 1
0 0.165 0.235 0.02178347335 2
0 0.165 0.245 0.02356172166 2
0 0.165 0.255 0.02383304387 2
0 0.165 0.265 0.02308420063 2
0 0.165 0.275 0.02185640925 2
0 0.165 0.285 0.02056202835 2
0 0.165 0.295 0.01887915469 2
0 0.165 0.305 0.01660666889 2
0 0.165 0.315 0.0136331272 2
0 0.165 0.325 0.01028603857 2
0 0.165 0.335 0.007004579178 1
0 0.165 0.345 0.00404710176 1
0 0.165 0.355 0.001386251489 1
0 0.165 0.365 -0.001186847525 1
0 0.165 0.375 -0.0039906576 2
0 0.165 0.385 -0.006978031414 2
0 0.165 0.395 -0.009977489857 2
0 0.165 0.405 -0.01273281161 2
0 0.165 0.415 -0.01518253486 2
0 0.165 0.425 -0.01742299992 2
0 0.165 0.435 -0.0194742388 2
0 0.165 0.445 -0.02133654153 2
0 0.165 0.455 -0.02290337254 2
0 0.165 0.465 -0.02438283896 2
0 0.165 0.475 -0.02507432211 2
0 0.165 0.485 -0.02708306678 2
0 0.165 0.495 -0.02394200602 2
0 0.165 0.505 -0.01579768192 2
0 0.165 0.515 -0.006218894334 2
0 0.165 0.525 0 2
0 0.165 0.535 0 1
0 0.165 0.545 0 1
0 0.165 0.555 0 1
0 0.165 0.565 0 1
0 0.175 -0.555 0 1
0 0.175 -0.545 0 1
0 0.175 -0.535 0 1
0 0.175 -0.525 0 1
0 0.175 -0.515 -0.004869288108 1
0 0.175 -0.505 -0.01273162926 1
0 0.175 -0.495 -0.02079675958 1
0 0.175 -0.485 -0.02558429508 1
0 0.175 -0.475 -0.02615387491 2
0 0.175 -0.465 -0.02613837262 2
0 0.175 -0.455 -0.02408263314 2
0 0.175 -0.445 -0.021324831 2
0 0.175 -0.435 -0.01845614043 1
0 0.175 -0.425 -0.01599763972 1
0 0.175 -0.415 -0.01351297872 1
0 0.175 -0.405 -0.01086072253 1
0 0.175 -0.395 -0.008063689562 1
0 0.175 -0.385 -0.005364569221 1
0 0.175 -0.375 -0.003067016412 1
0 0.175 -0.365 -0.001113533983 1
0 0.175 -0.355 0.0006865597468 1
0 0.175 -0.345 0.002335329514 1
0 0.175 -0.335 0.004028843911 1
0 0.175 -0.325 0.006194950678 1
0 0.175 -0.315 0.009187499787 1
0 0.175 -0.305 0.01282793666 2
0 0.175 -0.295 0.01608890249 2
0 0.175 -0.285 0.0183531434 2
0 0.175 -0.275 0.01959938276 2
0 0.175 -0.265 0.02025042992 2
0 0.175 -0.255 0.02062979325 2
0 0.175 -0.245 0.0206375891 2
0 0.175 -0.235 0.02030329807 2
0 0.175 -0.225 0.01961930531 2
0 0.175 -0.215 0.01859606506 2
0 0.175 -0.205 0.01724561479 2
0 0.175 -0.195 0.01558699458 2
0 0.175 -0.185 0.01364426022 2
0 0.175 -0.175 0.01144660951 2
0 0.175 -0.165 0.009027675654 2
0 0.175 -0.155 0.006424974115 2
0 0.175 -0.145 0.003679214489 2
0 0.175 -0.135 0.0008335877028 2
0 0.175 -0.125 -0.002066991418 2
0 0.175 -0.115 -0.004976665475 2
0 0.175 -0.105 -0.00784943199 2
0 0.175 -0.095 -0.01063994466 2
0 0.175 -0.085 -0.01330430687 2
0 0.175 -0.075 -0.01580084405 2
0 0.175 -0.065 -0.01809083724 2
0 0.175 -0.055 -0.02013920443 2
0 0.175 -0.045 -0.02191506566 2
0 0.175 -0.035 -0.02339224669 2
0 0.175 -0.025 -0.02454940932 2
0 0.175 -0.015 -0.02537020021 2
0 0.175 -0.005 -0.02584257318 2
0 0.175 0.005 -0.02595883214 2
0 0.175 0.015 -0.02570939536 2
0 0.175 0.025 -0.02509867973 2
0 0.175 0.035 -0.02411140197 2
0 0.175 0.045 -0.02276381596 2
0 0.175 0.055 -0.02102627052 2
0 0.175 0.065 -0.01891968143 2
0 0.175 0.075 -0.01646668902 2
0 0.175 0.085 -0.01373697691 2
0 0.175 0.095 -0.01081931823 2
0 0.175 0.105 -0.007773677514 2
0 0.175 0.115 -0.004609093042 2
0 0.175 0.125 -0.001407413148 2
0 0.175 0.135 0.001629219439 2
0 0.175 0.145 0.004358110666 2
0 0.175 0.155 0.006712659309 1
0 0.175 0.165 0.008762893065 1
0 0.175 0.175 0.01052007673 1
0 0.175 0.185 0.01200090759 1
0 0.175 0.195 0.01330970864 1
0 0.175 0.205 0.01474396828 1
0 0.175 0.215 0.01680286187 1
0 0.175 0.225 0.01936971338 1
0 0.175 0.235 0.02181193185 2
0 0.175 0.245 0.02327551563 2
0 0.175 0.255 0.0233723581 2
0 0.175 0.265 0.02258614748 2
0 0.175 0.275 0.02132766998 2
0 0.175 0.285 0.01997914019 2
0 0.175 0.295 0.0182932107 2
0 0.175 0.305 0.01614182253 2
0 0.175 0.315 0.01339520714 2
0 0.175 0.325 0.01021040955 2
0 0.175 0.335 0.006978666018 2
0 0.175 0.345 0.003847488209 2
0 0.175 0.355 0.0008849284367 2
0 0.175 0.365 -0.002006664842 2
0 0.175 0.375 -0.004940212036 2
0 0.175 0.385 -0.007898404391 2
0 0.175 0.395 -0.01079175527 2
0 0.175 0.405 -0.01346948304 2
0 0.175 0.415 -0.01594383093 2
0 0.175 0.425 -0.01824663048 2
0 0.175 0.435 -0.02037394575 2
0 0.175 0.445 -0.02230931545 2
0 0.175 0.455 -0.02395037959 2
0 0.175 0.465 -0.02551588748 2
0 0.175 0.475 -0.02626510979 2
0 0.175 0.485 -0.02842640388 2
0 0.175 0.495 -0.0251546967 2
0 0.175 0.505 -0.01662232256 2
0 0.175 0.515 -0.006540531002 2
0 0.175 0.525 0 2
0 0.175 0.535 0 2
0 0.175 0.545 0 1
0 0.175 0.555 0 1
0 0.175 0.565 0 1
0 0.185 -0.555 0 2
0 0.185 -0.545 0 2
0 0.185 -0.535 0 1
0 0.185 -0.525 0 1
0 0.185 -0.515 -0.005370345052 1
0 0.185 -0.505 -0.01406681585 1
0 0.185 -0.495 -0.02286040431 2
0 0.185 -0.485 -0.02773172917 2
0 0.185 -0.475 -0.02786537182 2
0 0.185 -0.465 -0.0276682921 2
0 0.185 -0.455 -0.02568522764 2
0 0.185 -0.445 -0.02316586355 2
0 0.185 -0.435 -0.02043597045 2
0 0.185 -0.425 -0.0178367503 2
0 0.185 -0.415 -0.01504024739 2
0 0.185 -0.405 -0.01190927266 2
0 0.185 -0.395 -0.008633324142 2
0 0.185 -0.385 -0.005652393617 1
0 0.185 -0.375 -0.003240468331 1
0 0.185 -0.365 -0.00127544929 1
0 0.185 -0.355 0.0005059082329 1
0 0.185 -0.345 0.002126785266 1
0 0.185 -0.335 0.003816727144 1
0 0.185 -0.325 0.006038555406 1
0 0.185 -0.315 0.009221176648 1
0 0.185 -0.305 0.01301278382 2
0 0.185 -0.295 0.01637998435 2
0 0.185 -0.285 0.01859228152 2
0 0.185 -0.275 0.01971040133 2
0 0.185 -0.265 0.02024563938 2
0 0.185 -0.255 0.02058407888 2
0 0.185 -0.245 0.0205702427 2
0 0.185 -0.235 0.02022751721 2
0 0.185 -0.225 0.01954141841 2
0 0.185 -0.215 0.01851976894 2
0 0.185 -0.205 0.01717304195 2
0 0.185 -0.195 0.01551942475 2
0 0.185 -0.185 0.01358245994 2
0 0.185 -0.175 0.01139102109 2
0 0.185 -0.165 0.008978523723 2
0 0.185 -0.155 0.006382327453 2
0 0.185 -0.145 0.003643023767 2
0 0.185 -0.135 0.0008037102114 2
0 0.185 -0.125 -0.002090772865 2
0 0.185 -0.115 -0.004994624429 2
0 0.185 -0.105 -0.007861876637 2
0 0.185 -0.095 -0.01064718796 2
0 0.185 -0.085 -0.01330662288 2
0 0.185 -0.075 -0.01579840388 2
0 0.185 -0.065 -0.0180836159 2
0 0.185 -0.055 -0.02012684785 2
0 0.185 -0.045 -0.02189672341 2
0 0.185 -0.035 -0.02336632946 2
0 0.185 -0.025 -0.0245134135 2
0 0.185 -0.015 -0.02532044311 2
0 0.185 -0.005 -0.02577416697 2
0 0.185 0.005 -0.02586610318 2
0 0.185 0.015 -0.02558966448 2
0 0.185 0.025 -0.02494290741 2
0 0.185 0.035 -0.02392339199 2
0 0.185 0.045 -0.02254733187 2
0 0.185 0.055 -0.02081859021 2
0 0.185 0.065 -0.01875884663 2
0 0.185 0.075 -0.01639010427 2
0 0.185 0.085 -0.01376399601 2
0 0.185 0.095 -0.01095174342 2
0 0.185 0.105 -0.008018078064 2
0 0.185 0.115 -0.005011368461 2
0 0.185 0.125 -0.001976987103 2
0 0.185 0.135 0.0009875908603 2
0 0.185 0.145 0.003780139843 2
0 0.185 0.155 0.006370468203 2
0 0.185 0.165 0.008707020854 2
0 0.185 0.175 0.01059769078 2
0 0.185 0.185 0.01208947639 1
0 0.185 0.195 0.01342958254 1
0 0.185 0.205 0.01517771845 1
0 0.185 0.215 0.01741917685 2
0 0.185 0.225 0.01971423776 2
0 0.185 0.235 0.02158526371 2
0 0.185 0.245 0.0225963739 2
0 0.185 0.255 0.02262021823 2
0 0.185 0.265 0.02193715182 2
0 0.185 0.275 0.02074860916 2
0 0.185 0.285 0.0193620608 2
0 0.185 0.295 0.01764634698 2
0 0.185 0.305 0.0155412945 2
0 0.185 0.315 0.01296550222 2
0 0.185 0.325 0.009960609575 2
0 0.185 0.335 0.006745181095 2
0 0.185 0.345 0.003528645276 2
0 0.185 0.355 0.0004124987241 2
0 0.185 0.365 -0.002637679858 2
0 0.185 0.375 -0.005642757599 2
0 0.185 0.385 -0.008602315934 2
0 0.185 0.395 -0.01144855771 2
0 0.185 0.405 -0.01412897708 2
0 0.185 0.415 -0.0166638361 2
0 0.185 0.425 -0.01904903715 2
0 0.185 0.435 -0.02125349958 2
0 0.185 0.445 -0.02326391492 2
0 0.185 0.455 -0.02497782426 2
0 0.185 0.465 -0.02662573362 2
0 0.185 0.475 -0.0274287071 2
0 0.185 0.485 -0.02973282631 2
0 0.185 0.495 -0.02633165344 2
0 0.185 0.505 -0.01742007466 2
0 0.185 0.515 -0.006852127071 2
0 0.185 0.525 0 2
0 0.185 0.535 0 2
0 0.185 0.545 0 1
0 0.185 0.555 0 1
0 0.185 0.565 0 1
0 0.195 -0.555 0 2
0 0.195 -0.545 0 2
0 0.195 -0.535 0 2
0 0.195 -0.525 0 2
0 0.195 -0.515 -0.006056901858 2
0 0.195 -0.505 -0.01577808441 2
0 0.195 -0.495 -0.02508870322 2
0 0.195 -0.485 -0.02976299517 2
0 0.195 -0.475 -0.02920206529 2
0 0.195 -0.465 -0.02875030705 2
0 0.195 -0.455 -0.02682835856 2
0 0.195 -0.445 -0.02453795833 2
0 0.195 -0.435 -0.02191680991 2
0 0.195 -0.425 -0.01924606693 2
0 0.195 -0.415 -0.01622380536 2
0 0.195 -0.405 -0.01274719919 2
0 0.195 -0.395 -0.009123792077 2
0 0.195 -0.385 -0.006009545899 1
0 0.195 -0.375 -0.003597808315 1
0 0.195 -0.365 -0.001687228405 1
0 0.195 -0.355 6.711236938e-05 1
0 0.195 -0.345 0.001750472137 1
0 0.195 -0.335 0.00361345674 1
0 0.195 -0.325 0.006085552154 1
0 0.195 -0.315 0.009541410094 1
0 0.195 -0.305 0.01338399552 2
0 0.195 -0.295 0.01668763445 2
0 0.195 -0.285 0.01875820296 2
0 0.195 -0.275 0.01975851661 2
0 0.195 -0.265 0.02023334535 2
0 0.195 -0.255 0.02054548543 2
0 0.195 -0.245 0.02052076553 2
0 0.195 -0.235 0.02017549576 2
0 0.195 -0.225 0.01949080811 2
0 0.195 -0.215 0.01847237361 2
0 0.195 -0.205 0.0171295353 2
0 0.195 -0.195 0.0154798734 2
0 0.195 -0.185 0.01354662045 2
0 0.195 -0.175 0.01135849318 2
0 0.195 -0.165 0.008948840579 2
0 0.195 -0.155 0.006355006926 2
0 0.195 -0.145 0.003617600361 2
0 0.195 -0.135 0.0007797564083 2
0 0.195 -0.125 -0.002113629712 2
0 0.195 -0.115 -0.005016685624 2
0 0.195 -0.105 -0.007883352579 2
0 0.195 -0.095 -0.0106681721 2
0 0.195 -0.085 -0.01332705545 2
0 0.195 -0.075 -0.01581802127 2
0 0.195 -0.065 -0.01810188262 2
0 0.195 -0.055 -0.02014286674 2
0 0.195 -0.045 -0.02190913622 2
0 0.195 -0.035 -0.02337320146 2
0 0.195 -0.025 -0.02451216415 2
0 0.195 -0.015 -0.02530788153 2
0 0.195 -0.005 -0.02574671358 2
0 0.195 0.005 -0.02581980381 2
0 0.195 0.015 -0.0255221785 2
0 0.195 0.025 -0.0248542127 2
0 0.195 0.035 -0.02381932601 2
0 0.195 0.045 -0.02242773806 2
0 0.195 0.055 -0.02069399218 2
0 0.195 0.065 -0.01864486665 2
0 0.195 0.075 -0.01631437406 2
0 0.195 0.085 -0.01374981749 2
0 0.195 0.095 -0.01100988044 2
0 0.195 0.105 -0.008160113642 2
0 0.195 0.115 -0.005253875771 2
0 0.195 0.125 -0.002343988627 2
0 0.195 0.135 0.0005307795397 2
0 0.195 0.145 0.003307519878 2
0 0.195 0.155 0.005894901203 2
0 0.195 0.165 0.00827725593 2
0 0.195 0.175 0.01030906601 2
0 0.195 0.185 0.01210278122 2
0 0.195 0.195 0.01376307473 2
0 0.195 0.205 0.01555522985 2
0 0.195 0.215 0.01756497011 2
0 0.195 0.225 0.0195238034 2
0 0.195 0.235 0.02109882306 2
0 0.195 0.245 0.02187278475 2
0 0.195 0.255 0.02185728762 2
0 0.195 0.265 0.02125563625 2
0 0.195 0.275 0.02016006492 2
0 0.195 0.285 0.0187641293 2
0 0.195 0.295 0.01701792064 2
0 0.195 0.305 0.01490599069 2
0 0.195 0.315 0.01241237298 2
0 0.195 0.325 0.009572007174 2
0 0.195 0.335 0.006468466181 2
0 0.195 0.345 0.003271123952 2
0 0.195 0.355 6.823793568e-05 2
0 0.195 0.365 -0.003079350883 2
0 0.195 0.375 -0.006140920163 2
0 0.195 0.385 -0.009116981019 2
0 0.195 0.395 -0.01198640197 2
0 0.195 0.405 -0.0147384453 2
0 0.195 0.415 -0.01735630953 2
0 0.195 0.425 -0.01982564412 2
0 0.195 0.435 -0.02210424558 2
0 0.195 0.445 -0.02418945923 2
0 0.195 0.455 -0.02597377614 2
0 0.195 0.465 -0.02769992664 2
0 0.195 0.475 -0.02855260436 2
0 0.195 0.485 -0.03098960879 2
0 0.195 0.495 -0.02746191214 2
0 0.195 0.505 -0.01818407063 2
0 0.195 0.515 -0.007150895842 2
0 0.195 0.525 0 2
0 0.195 0.535 0 2
0 0.195 0.545 0 2
0 0.195 0.555 0 1
0 0.195 0.565 0 1
0 0.205 -0.555 0 2
0 0.205 -0.545 0 2
0 0.205 -0.535 0 2
0 0.205 -0.525 0 2
0 0.205 -0.515 -0.006751862244 2
0 0.205 -0.505 -0.0174225411 2
0 0.205 -0.495 -0.02718231038 2
0 0.205 -0.485 -0.03155048192 2
0 0.205 -0.475 -0.03015714223 2
0 0.205 -0.465 -0.02947537858 2
0 0.205 -0.455 -0.02758589354 2
0 0.205 -0.445 -0.02547575308 2
0 0.205 -0.435 -0.02304881494 2
0 0.205 -0.425 -0.02040341101 2
0 0.205 -0.415 -0.01715964632 2
0 0.205 -0.405 -0.01336307382 2
0 0.205 -0.395 -0.009508374369 1
0 0.205 -0.385 -0.006379177517 1
0 0.205 -0.375 -0.00402615358 1
0 0.205 -0.365 -0.002138304468 1
0 0.205 -0.355 -0.0003623863914 1
0 0.205 -0.345 0.001446297986 1
0 0.205 -0.335 0.003529276353 1
0 0.205 -0.325 0.00630443249 1
0 0.205 -0.315 0.009911982098 1
0 0.205 -0.305 0.01373510106 2
0 0.205 -0.295 0.01688207511 2
0 0.205 -0.285 0.01877933426 2
0 0.205 -0.275 0.01970195947 2
0 0.205 -0.265 0.02018098213 2
0 0.205 -0.255 0.02049034127 2
0 0.205 -0.245 0.02047110611 2
0 0.205 -0.235 0.02013231599 2
0 0.205 -0.225 0.01945454891 2
0 0.205 -0.215 0.01844235231 2
0 0.205 -0.205 0.01710473237 2
0 0.205 -0.195 0.01545908108 2
0 0.205 -0.185 0.01352861228 2
0 0.205 -0.175 0.01134209174 2
0 0.205 -0.165 0.008932964716 2
0 0.205 -0.155 0.006338696644 2
0 0.205 -0.145 0.0036000335 2
0 0.205 -0.135 0.0007602603071 2
0 0.205 -0.125 -0.002135567852 2
0 0.205 -0.115 -0.005041407554 2
0 0.205 -0.105 -0.007911014946 2
0 0.205 -0.095 -0.01069872759 2
0 0.205 -0.085 -0.01336022728 2
0 0.205 -0.075 -0.01585326946 2
0 0.205 -0.065 -0.01813836221 2
0 0.205 -0.055 -0.02017937895 2
0 0.205 -0.045 -0.0219440833 2
0 0.205 -0.035 -0.02340455632 2
0 0.205 -0.025 -0.02453749125 2
0 0.205 -0.015 -0.02532441806 2
0 0.205 -0.005 -0.02575172446 2
0 0.205 0.005 -0.02581078626 2
0 0.205 0.015 -0.02549778953 2
0 0.205 0.025 -0.02481443039 2
0 0.205 0.035 -0.02376748997 2
0 0.205 0.045 -0.02237022341 2
0 0.205 0.055 -0.02064164488 2
0 0.205 0.065 -0.01860941047 2
0 0.205 0.075 -0.016308826 2
0 0.205 0.085 -0.01378444561 2
0 0.205 0.095 -0.0110865414 2
0 0.205 0.105 -0.008274683186 2
0 0.205 0.115 -0.005410078294 2
0 0.205 0.125 -0.002548034986 2
0 0.205 0.135 0.0002588243359 2
0 0.205 0.145 0.002992524306 2
0 0.205 0.155 0.005579197264 2
0 0.205 0.165 0.008006479898 2
0 0.205 0.175 0.01014370902 2
0 0.205 0.185 0.01200830625 2
0 0.205 0.195 0.01380786558 2
0 0.205 0.205 0.01567495183 2
0 0.205 0.215 0.01763200473 2
0 0.205 0.225 0.01931583154 2
0 0.205 0.235 0.02054887032 2
0 0.205 0.245 0.02114039845 2
0 0.205 0.255 0.0211232658 2
0 0.205 0.265 0.02059716678 2
0 0.205 0.275 0.01958970889 2
0 0.205 0.285 0.01820679991 2
0 0.205 0.295 0.01645130003 2
0 0.205 0.305 0.01434255288 2
0 0.205 0.315 0.01189288439 2
0 0.205 0.325 0.009141289301 2
0 0.205 0.335 0.006149369712 2
0 0.205 0.345 0.003019228288 2
0 0.205 0.355 -0.0001681921883 2
0 0.205 0.365 -0.003342522907 2
0 0.205 0.375 -0.006462734486 2
0 0.205 0.385 -0.009509488924 2
0 0.205 0.395 -0.01246245079 2
0 0.205 0.405 -0.01530627867 2
0 0.205 0.415 -0.01801532005 2
0 0.205 0.425 -0.02056671465 2
0 0.205 0.435 -0.02291938017 2
0 0.205 0.445 -0.02507701882 2
0 0.205 0.455 -0.02692834727 2
0 0.205 0.465 -0.028727986 2
0 0.205 0.475 -0.02962627034 2
0 0.205 0.485 -0.03218609607 2
0 0.205 0.495 -0.02853632224 2
0 0.205 0.505 -0.01890861898 2
0 0.205 0.515 -0.007434520991 2
0 0.205 0.525 0 2
0 0.205 0.535 0 2
0 0.205 0.545 0 2
0 0.205 0.555 0 2
0 0.205 0.565 0 1
0 0.215 -0.555 0 2
0 0.215 -0.545 0 2
0 0.215 -0.535 0 2
0 0.215 -0.525 0 2
0 0.215 -0.515 -0.007347566241 2
0 0.215 -0.505 -0.01877227451 2
0 0.215 -0.495 -0.02880130401 2
0 0.215 -0.485 -0.03291134985 2
0 0.215 -0.475 -0.03089663865 2
0 0.215 -0.465 -0.03014198768 2
0 0.215 -0.455 -0.02830170422 2
0 0.215 -0.445 -0.02629427403 2
0 0.215 -0.435 -0.02399302448 2
0 0.215 -0.425 -0.02135370898 2
0 0.215 -0.415 -0.01797748795 2
0 0.215 -0.405 -0.01401939293 2
0 0.215 -0.395 -0.01004367928 1
0 0.215 -0.385 -0.006863527656 1
0 0.215 -0.375 -0.004496313345 1
0 0.215 -0.365 -0.002549686653 1
0 0.215 -0.355 -0.0007087542332 1
0 0.215 -0.345 0.001253431571 1
0 0.215 -0.335 0.00356871074 1
0 0.215 -0.325 0.00666749426 1
0 0.215 -0.315 0.01030417495 2
0 0.215 -0.305 0.01397953046 2
0 0.215 -0.295 0.01680390909 2
0 0.215 -0.285 0.01853726251 2
0 0.215 -0.275 0.01949833026 2
0 0.215 -0.265 0.02006265516 2
0 0.215 -0.255 0.02040203302 2
0 0.215 -0.245 0.02040822814 2
0 0.215 -0.235 0.02008681277 2
0 0.215 -0.225 0.01942258864 2
0 0.215 -0.215 0.01842047831 2
0 0.215 -0.205 0.01709016712 2
0 0.215 -0.195 0.01544937646 2
0 0.215 -0.185 0.01352163695 2
0 0.215 -0.175 0.01133598358 2
0 0.215 -0.165 0.008926118857 2
0 0.215 -0.155 0.006329754745 2
0 0.215 -0.145 0.003587879283 2
0 0.215 -0.135 0.0007440176295 2
0 0.215 -0.125 -0.002156534074 2
0 0.215 -0.115 -0.00506748778 2
0 0.215 -0.105 -0.007942348442 2
0 0.215 -0.095 -0.01073519246 2
0 0.215 -0.085 -0.01340142691 2
0 0.215 -0.075 -0.01589851557 2
0 0.215 -0.065 -0.01818665671 2
0 0.215 -0.055 -0.02022939832 2
0 0.215 -0.045 -0.02199417489 2
0 0.215 -0.035 -0.02345275889 2
0 0.215 -0.025 -0.02458160801 2
0 0.215 -0.015 -0.02536213809 2
0 0.215 -0.005 -0.0257808861 2
0 0.215 0.005 -0.0258296996 2
0 0.215 0.015 -0.02550579548 2
0 0.215 0.025 -0.02481204283 2
0 0.215 0.035 -0.02375703933 2
0 0.215 0.045 -0.02235578761 2
0 0.215 0.055 -0.020629712 2
0 0.215 0.065 -0.01860754787 2
0 0.215 0.075 -0.01632490949 2
0 0.215 0.085 -0.01382454384 2
0 0.215 0.095 -0.01115462752 2
0 0.215 0.105 -0.008366956817 2
0 0.215 0.115 -0.005518629461 2
0 0.215 0.125 -0.002663299741 2
0 0.215 0.135 0.000145495272 2
0 0.215 0.145 0.002873396149 2
0 0.215 0.155 0.005458662249 2
0 0.215 0.165 0.007864959118 2
0 0.215 0.175 0.01006247928 2
0 0.215 0.185 0.01206406771 2
0 0.215 0.195 0.01399258994 2
0 0.215 0.205 0.01584301275 2
0 0.215 0.215 0.0176045598 2
0 0.215 0.225 0.01904442019 2
0 0.215 0.235 0.02006012687 2
0 0.215 0.245 0.0205603166 2
0 0.215 0.255 0.02053662391 2
0 0.215 0.265 0.02003681996 2
0 0.215 0.275 0.01907645647 2
0 0.215 0.285 0.01771109398 2
0 0.215 0.295 0.01596265802 2
0 0.215 0.305 0.01386284404 2
0 0.215 0.315 0.01144254063 2
0 0.215 0.325 0.008746360264 2
0 0.215 0.335 0.005830220953 2
0 0.215 0.345 0.002761037964 2
0 0.215 0.355 -0.0003977182982 2
0 0.215 0.365 -0.003587608406 2
0 0.215 0.375 -0.006762344259 2
0 0.215 0.385 -0.009885870158 2
0 0.215 0.395 -0.01292634521 2
0 0.215 0.405 -0.01585631773 2
0 0.215 0.415 -0.01864599721 2
0 0.215 0.425 -0.02127083518 2
0 0.215 0.435 -0.02369381376 2
0 0.215 0.445 -0.02591944946 2
0 0.215 0.455 -0.02783342395 2
0 0.215 0.465 -0.02970117036 2
0 0.215 0.475 -0.03064087561 2
0 0.215 0.485 -0.03331338313 2
0 0.215 0.495 -0.02954725703 2
0 0.215 0.505 -0.01958900866 2
0 0.215 0.515 -0.007701079285 2
0 0.215 0.525 0 2
0 0.215 0.535 0 2
0 0.215 0.545 0 2
0 0.215 0.555 0 2
0 0.215 0.565 0 1
0 0.225 -0.555 0 2
0 0.225 -0.545 0 2
0 0.225 -0.535 0 2
0 0.225 -0.525 0 2
0 0.225 -0.515 -0.007745312851 2
0 0.225 -0.505 -0.01971291814 2
0 0.225 -0.495 -0.02996055883 2
0 0.225 -0.485 -0.03400713304 2
0 0.225 -0.475 -0.03163033908 2
0 0.225 -0.465 -0.03082489787 2
0 0.225 -0.455 -0.02900822872 2
0 0.225 -0.445 -0.02706242245 2
0 0.225 -0.435 -0.02484475583 2
0 0.225 -0.425 -0.02223548304 2
0 0.225 -0.415 -0.01881174735 2
0 0.225 -0.405 -0.01476604407 2
0 0.225 -0.395 -0.01071509317 1
0 0.225 -0.385 -0.00748679463 1
0 0.225 -0.375 -0.005068584491 1
0 0.225 -0.365 -0.003034485551 1
0 0.225 -0.355 -0.001056480323 1
0 0.225 -0.345 0.001117385333 1
0 0.225 -0.335 0.003663247027 1
0 0.225 -0.325 0.00685871033 1
0 0.225 -0.315 0.01045281219 2
0 0.225 -0.305 0.01397243048 2
0 0.225 -0.295 0.01656179602 2
0 0.225 -0.285 0.01818951847 2
0 0.225 -0.275 0.01921536874 2
0 0.225 -0.265 0.01989076183 2
0 0.225 -0.255 0.02028115715 2
0 0.225 -0.245 0.02032752563 2
0 0.225 -0.235 0.02003276611 2
0 0.225 -0.225 0.01938814333 2
0 0.225 -0.215 0.01839992471 2
0 0.225 -0.205 0.0170792514 2
0 0.225 -0.195 0.01544461178 2
0 0.225 -0.185 0.01352014799 2
0 0.225 -0.175 0.01133535842 2
0 0.225 -0.165 0.00892434155 2
0 0.225 -0.155 0.006325159669 2
0 0.225 -0.145 0.003579125078 2
0 0.225 -0.135 0.0007300709011 2
0 0.225 -0.125 -0.002176408111 2
0 0.225 -0.115 -0.005093730152 2
0 0.225 -0.105 -0.007975107931 2
0 0.225 -0.095 -0.01077432471 2
0 0.225 -0.085 -0.0134464921 2
0 0.225 -0.075 -0.01594877615 2
0 0.225 -0.065 -0.01824107802 2
0 0.225 -0.055 -0.02028665661 2
0 0.225 -0.045 -0.02205268062 2
0 0.225 -0.035 -0.02351070384 2
0 0.225 -0.025 -0.02463705512 2
0 0.225 -0.015 -0.02541315531 2
0 0.225 -0.005 -0.02582575478 2
0 0.225 0.005 -0.02586714779 2
0 0.225 0.015 -0.02553532593 2
0 0.225 0.025 -0.0248341895 2
0 0.225 0.035 -0.02377366876 2
0 0.225 0.045 -0.02237000294 2
0 0.225 0.055 -0.02064578316 2
0 0.225 0.065 -0.01863016148 2
0 0.225 0.075 -0.01635846539 2
0 0.225 0.085 -0.01387187524 2
0 0.225 0.095 -0.01121648903 2
0 0.225 0.105 -0.008441751667 2
0 0.225 0.115 -0.005598910307 2
0 0.225 0.125 -0.002737899281 2
0 0.225 0.135 9.100326128e-05 2
0 0.225 0.145 0.002841349692 2
0 0.225 0.155 0.005461213684 2
0 0.225 0.165 0.007911592863 2
0 0.225 0.175 0.01017821072 2
0 0.225 0.185 0.01226784428 2
0 0.225 0.195 0.01422149115 2
0 0.225 0.205 0.01601472763 2
0 0.225 0.215 0.01760360399 2
0 0.225 0.225 0.01886773897 2
0 0.225 0.235 0.01973020616 2
0 0.225 0.245 0.02013921217 2
0 0.225 0.255 0.02008278673 2
0 0.225 0.265 0.01957662065 2
0 0.225 0.275 0.01863129607 2
0 0.225 0.285 0.01727674136 2
0 0.225 0.295 0.01554091343 2
0 0.225 0.305 0.01345676302 2
0 0.225 0.315 0.0110598047 2
0 0.225 0.325 0.008393755356 2
0 0.225 0.335 0.00550896919 2
0 0.225 0.345 0.002461726163 2
0 0.225 0.355 -0.0006919381955 2
0 0.225 0.365 -0.00389841736 2
0 0.225 0.375 -0.007110153159 2
0 0.225 0.385 -0.01028590378 2
0 0.225 0.395 -0.01338868042 2
0 0.225 0.405 -0.01638545265 2
0 0.225 0.415 -0.01924322872 2
0 0.225 0.425 -0.0219350979 2
0 0.225 0.435 -0.02442248591 2
0 0.225 0.445 -0.02671059874 2
0 0.225 0.455 -0.02868211469 2
0 0.225 0.465 -0.03061209278 2
0 0.225 0.475 -0.03158897362 2
0 0.225 0.485 -0.03436399986 2
0 0.225 0.495 -0.03048833896 2
0 0.225 0.505 -0.02022132346 2
0 0.225 0.515 -0.007948968407 2
0 0.225 0.525 0 2
0 0.225 0.535 0 2
0 0.225 0.545 0 2
0 0.225 0.555 0 2
0 0.225 0.565 0 1
0 0.235 -0.555 0 2
0 0.235 -0.545 0 2
0 0.235 -0.535 0 2
0 0.235 -0.525 0 2
0 0.235 -0.515 -0.008032053978 2
0 0.235 -0.505 -0.02043078434 2
0 0.235 -0.495 -0.03093083371 2
0 0.235 -0.485 -0.03500745932 2
0 0.235 -0.475 -0.03242525801 2
0 0.235 -0.465 -0.03158600573 2
0 0.235 -0.455 -0.02974625031 2
0 0.235 -0.445 -0.0278024752 2
0 0.235 -0.435 -0.02560029445 2
0 0.235 -0.425 -0.02301360678 2
0 0.235 -0.415 -0.01965508025 2
0 0.235 -0.405 -0.01569114332 2
0 0.235 -0.395 -0.01170182887 1
0 0.235 -0.385 -0.008434576068 1
0 0.235 -0.375 -0.005891055681 1
0 0.235 -0.365 -0.003707802493 1
0 0.235 -0.355 -0.001552657388 1
0 0.235 -0.345 0.0007918136821 1
0 0.235 -0.335 0.003622634718 1
0 0.235 -0.325 0.006947602635 2
0 0.235 -0.315 0.01050729208 2
0 0.235 -0.305 0.01368774615 2
0 0.235 -0.295 0.01608043766 2
0 0.235 -0.285 0.0177285783 2
0 0.235 -0.275 0.01887427105 2
0 0.235 -0.265 0.01967609066 2
0 0.235 -0.255 0.0201325314 2
0 0.235 -0.245 0.02022886356 2
0 0.235 -0.235 0.01996754848 2
0 0.235 -0.225 0.01934716688 2
0 0.235 -0.215 0.0183759941 2
0 0.235 -0.205 0.01706709521 2
0 0.235 -0.195 0.01544002224 2
0 0.235 -0.185 0.01351973401 2
0 0.235 -0.175 0.01133633152 2
0 0.235 -0.165 0.00892440857 2
0 0.235 -0.155 0.006322450658 2
0 0.235 -0.145 0.003572149793 2
0 0.235 -0.135 0.000717690293 2
0 0.235 -0.125 -0.00219500045 2
0 0.235 -0.115 -0.005119020596 2
0 0.235 -0.105 -0.008007271801 2
0 0.235 -0.095 -0.01081323346 2
0 0.235 -0.085 -0.01349172045 2
0 0.235 -0.075 -0.01599961119 2
0 0.235 -0.065 -0.01829653336 2
0 0.235 -0.055 -0.02034549543 2
0 0.235 -0.045 -0.02211345384 2
0 0.235 -0.035 -0.02357180909 2
0 0.235 -0.025 -0.02469682604 2
0 0.235 -0.015 -0.02546998326 2
0 0.235 -0.005 -0.02587825163 2
0 0.235 0.005 -0.0259143234 2
0 0.235 0.015 -0.02557678545 2
0 0.235 0.025 -0.02487027859 2
0 0.235 0.035 -0.02380559371 2
0 0.235 0.045 -0.02239976564 2
0 0.235 0.055 -0.02067602285 2
0 0.235 0.065 -0.01866368677 2
0 0.235 0.075 -0.01639777685 2
0 0.235 0.085 -0.01391842327 2
0 0.235 0.095 -0.01127003066 2
0 0.235 0.105 -0.008500032191 2
0 0.235 0.115 -0.00565769085 2
0 0.235 0.125 -0.002792112383 2
0 0.235 0.135 4.79145806e-05 2
0 0.235 0.145 0.002816392268 2
0 0.235 0.155 0.005470854345 2
0 0.235 0.165 0.007977459258 2
0 0.235 0.175 0.01031387141 2
0 0.235 0.185 0.012463082 2
0 0.235 0.195 0.01441359859 2
0 0.235 0.205 0.01613564289 2
0 0.235 0.215 0.01759070986 2
0 0.235 0.225 0.0187210869 2
0 0.235 0.235 0.01947791058 2
0 0.235 0.245 0.01982043501 2
0 0.235 0.255 0.01972920676 2
0 0.235 0.265 0.01920324165 2
0 0.235 0.275 0.01825346696 2
0 0.235 0.285 0.0169012303 2
0 0.235 0.295 0.01517224887 2
0 0.235 0.305 0.01309840342 2
0 0.235 0.315 0.01071603871 2
0 0.235 0.325 0.008067228717 2
0 0.235 0.335 0.005198724489 2
0 0.235 0.345 0.002161024253 2
0 0.235 0.355 -0.0009945402328 2
0 0.235 0.365 -0.00421759283 2
0 0.235 0.375 -0.007460670883 2
0 0.235 0.385 -0.01068001216 2
0 0.235 0.395 -0.01383508074 2
0 0.235 0.405 -0.01688892272 2
0 0.235 0.415 -0.01980562106 2
0 0.235 0.425 -0.02255627215 2
0 0.235 0.435 -0.0251009256 2
0 0.235 0.445 -0.02744515256 2
0 0.235 0.455 -0.02946846493 2
0 0.235 0.465 -0.03145444432 2
0 0.235 0.475 -0.03246423619 2
0 0.235 0.485 -0.0353316334 2
0 0.235 0.495 -0.03135419461 2
0 0.235 0.505 -0.02080227618 2
0 0.235 0.515 -0.008176842594 2
0 0.235 0.525 0 2
0 0.235 0.535 0 2
0 0.235 0.545 0 2
0 0.235 0.555 0 2
0 0.235 0.565 0 1
0 0.245 -0.555 0 2
0 0.245 -0.545 0 2
0 0.245 -0.535 0 2
0 0.245 -0.525 0 2
0 0.245 -0.515 -0.008274529651 2
0 0.245 -0.505 -0.02104865537 2
0 0.245 -0.495 -0.03181638549 2
0 0.245 -0.485 -0.03595841868 2
0 0.245 -0.475 -0.03322733775 2
0 0.245 -0.465 -0.03233694013 2
0 0.245 -0.455 -0.03044901548 2
0 0.245 -0.445 -0.02848883199 2
0 0.245 -0.435 -0.02626735875 2
0 0.245 -0.425 -0.02370041721 2
0 0.245 -0.415 -0.02048218103 2
0 0.245 -0.405 -0.01671524806 2
0 0.245 -0.395 -0.01290968311 1
0 0.245 -0.385 -0.009671531452 1
0 0.245 -0.375 -0.00702624636 1
0 0.245 -0.365 -0.004685107881 1
0 0.245 -0.355 -0.002270380793 1
0 0.245 -0.345 0.0004310235544 2
0 0.245 -0.335 0.003539492886 2
0 0.245 -0.325 0.006869480959 2
0 0.245 -0.315 0.01026534096 2
0 0.245 -0.305 0.01322542538 2
0 0.245 -0.295 0.01555757498 2
0 0.245 -0.285 0.01727586481 2
0 0.245 -0.275 0.0185412986 2
0 0.245 -0.265 0.01944607316 2
0 0.245 -0.255 0.019969092 2
0 0.245 -0.245 0.02011681907 2
0 0.245 -0.235 0.01989167189 2
0 0.245 -0.225 0.01929791047 2
0 0.245 -0.215 0.018345778 2
0 0.245 -0.205 0.0170502538 2
0 0.245 -0.195 0.01543203464 2
0 0.245 -0.185 0.01351697076 2
0 0.245 -0.175 0.01133582819 2
0 0.245 -0.165 0.008923743826 2
0 0.245 -0.155 0.006319661737 2
0 0.245 -0.145 0.003565679188 2
0 0.245 -0.135 0.0007063493582 2
0 0.245 -0.125 -0.002212056671 2
0 0.245 -0.115 -0.005142311979 2
0 0.245 -0.105 -0.008037008075 2
0 0.245 -0.095 -0.01084932775 2
0 0.245 -0.085 -0.01353380347 2
0 0.245 -0.075 -0.0160470483 2
0 0.245 -0.065 -0.01834844706 2
0 0.245 -0.055 -0.02040079668 2
0 0.245 -0.045 -0.02217088601 2
0 0.245 -0.035 -0.02363000859 2
0 0.245 -0.025 -0.02475440352 2
0 0.245 -0.015 -0.02552562513 2
0 0.245 -0.005 -0.02593084168 2
0 0.245 0.005 -0.02596307127 2
0 0.245 0.015 -0.02562135325 2
0 0.245 0.025 -0.02491086671 2
0 0.245 0.035 -0.02384297656 2
0 0.245 0.045 -0.02243521634 2
0 0.245 0.055 -0.02071115025 2
0 0.245 0.065 -0.01870012373 2
0 0.245 0.075 -0.01643682253 2
0 0.245 0.085 -0.01396064767 2
0 0.245 0.095 -0.01131487442 2
0 0.245 0.105 -0.008545579466 2
0 0.245 0.115 -0.005700570111 2
0 0.245 0.125 -0.002828080394 2
0 0.245 0.135 2.414050893e-05 2
0 0.245 0.145 0.002810506694 2
0 0.245 0.155 0.005489142587 2
0 0.245 0.165 0.00802408522 2
0 0.245 0.175 0.01038586336 2
0 0.245 0.185 0.01254786768 2
0 0.245 0.195 0.01448473305 2
0 0.245 0.205 0.01616444927 2
0 0.245 0.215 0.01755162481 2
0 0.245 0.225 0.01860523091 2
0 0.245 0.235 0.01928887386 2
0 0.245 0.245 0.01957319951 2
0 0.245 0.255 0.01944196375 2
0 0.245 0.265 0.01889197529 2
0 0.245 0.275 0.01793059848 2
0 0.245 0.285 0.01657453013 2
0 0.245 0.295 0.01484720567 2
0 0.245 0.305 0.01277852289 2
0 0.245 0.315 0.01040365174 2
0 0.245 0.325 0.007762786219 2
0 0.245 0.335 0.00490019097 2
0 0.245 0.345 0.001863186852 2
0 0.245 0.355 -0.001299561815 2
0 0.245 0.365 -0.004539449956 2
0 0.245 0.375 -0.007809286624 2
0 0.245 0.385 -0.01106418324 2
0 0.245 0.395 -0.01426168228 2
0 0.245 0.405 -0.01736255661 2
0 0.245 0.415 -0.02032881414 2
0 0.245 0.425 -0.02312994828 2
0 0.245 0.435 -0.02572453803 2
0 0.245 0.445 -0.02811816179 2
0 0.245 0.455 -0.03018718735 2
0 0.245 0.465 -0.03222274343 2
0 0.245 0.475 -0.03326122163 2
0 0.245 0.485 -0.03621088916 2
0 0.245 0.495 -0.03214024643 2
0 0.245 0.505 -0.02132906952 2
0 0.245 0.515 -0.008383558345 2
0 0.245 0.525 0 2
0 0.245 0.535 0 2
0 0.245 0.545 0 2
0 0.245 0.555 0 2
0 0.245 0.565 0 1
0 0.255 -0.555 0 2
0 0.255 -0.545 0 2
0 0.255 -0.535 0 2
0 0.255 -0.525 0 2
0 0.255 -0.515 -0.008484862665 2
0 0.255 -0.505 -0.02158504846 2
0 0.255 -0.495 -0.03259739575 2
0 0.255 -0.485 -0.03681159428 2
0 0.255 -0.475 -0.0339685892 2
0 0.255 -0.465 -0.03303879104 2
0 0.255 -0.455 -0.03110171838 2
0 0.255 -0.445 -0.02910994989 2
0 0.255 -0.435 -0.02683430677 2
0 0.255 -0.425 -0.0242510011 2
0 0.255 -0.415 -0.02120953365 2
0 0.255 -0.405 -0.01779148244 2
0 0.255 -0.395 -0.01430933639 2
0 0.255 -0.385 -0.01112140357 2
0 0.255 -0.375 -0.00826529804 2
0 0.255 -0.365 -0.005585879015 2
0 0.255 -0.355 -0.002849617041 2
0 0.255 -0.345 0.0001236257513 2
0 0.255 -0.335 0.003353133524 2
0 0.255 -0.325 0.006744663987 2
0 0.255 -0.315 0.009978096763 2
0 0.255 -0.305 0.01277367537 2
0 0.255 -0.295 0.01506931273 2
0 0.255 -0.285 0.01685996993 2
0 0.255 -0.275 0.01823306517 2
0 0.255 -0.265 0.01921617276 2
0 0.255 -0.255 0.01980067651 2
0 0.255 -0.245 0.01999631494 2
0 0.255 -0.235 0.01980679623 2
0 0.255 -0.225 0.019239925 2
0 0.255 -0.215 0.01830758881 2
0 0.255 -0.205 0.01702637133 2
0 0.255 -0.195 0.01541802462 2
0 0.255 -0.185 0.0135092462 2
0 0.255 -0.175 0.01133145375 2
0 0.255 -0.165 0.008920321998 2
0 0.255 -0.155 0.0063152504 2
0 0.255 -0.145 0.003558736831 2
0 0.255 -0.135 0.0006956959854 2
0 0.255 -0.125 -0.002227268025 2
0 0.255 -0.115 -0.005162617519 2
0 0.255 -0.105 -0.008062652142 2
0 0.255 -0.095 -0.01088028066 2
0 0.255 -0.085 -0.0135697803 2
0 0.255 -0.075 -0.01608753055 2
0 0.255 -0.065 -0.01839270948 2
0 0.255 -0.055 -0.02044794143 2
0 0.255 -0.045 -0.02221988684 2
0 0.255 -0.035 -0.02367976687 2
0 0.255 -0.025 -0.02480381766 2
0 0.255 -0.015 -0.02557367176 2
0 0.255 -0.005 -0.02597666542 2
0 0.255 0.005 -0.02600607318 2
0 0.255 0.015 -0.02566126804 2
0 0.255 0.025 -0.02494780812 2
0 0.255 0.035 -0.02387743892 2
0 0.255 0.045 -0.02246800679 2
0 0.255 0.055 -0.02074325749 2
0 0.255 0.065 -0.01873251111 2
0 0.255 0.075 -0.01647018345 2
0 0.255 0.085 -0.01399515101 2
0 0.255 0.095 -0.01134996163 2
0 0.255 0.105 -0.008579889094 2
0 0.255 0.115 -0.00573192945 2
0 0.255 0.125 -0.002853671815 2
0 0.255 0.135 7.798595838e-06 2
0 0.255 0.145 0.002807191882 2
0 0.255 0.155 0.005502106762 2
0 0.255 0.165 0.008053879181 2
0 0.255 0.175 0.01042757259 2
0 0.255 0.185 0.01259051012 2
0 0.255 0.195 0.01451131522 2
0 0.255 0.205 0.01615739045 2
0 0.255 0.215 0.01749603275 2
0 0.255 0.225 0.01849456219 2
0 0.255 0.235 0.01912446024 2
0 0.255 0.245 0.01936334034 2
0 0.255 0.255 0.01919782989 2
0 0.255 0.265 0.01862434943 2
0 0.255 0.275 0.0176486814 2
0 0.255 0.285 0.01628523652 2
0 0.255 0.295 0.01455567036 2
0 0.255 0.305 0.01248807563 2
0 0.255 0.315 0.01011605534 2
0 0.255 0.325 0.007478048137 2
0 0.255 0.335 0.004616392661 2
0 0.255 0.345 0.001576339267 2
0 0.255 0.355 -0.001595185987 2
0 0.255 0.365 -0.004850737825 2
0 0.255 0.375 -0.008143423595 2
0 0.255 0.385 -0.01142780605 2
0 0.255 0.395 -0.01466027204 2
0 0.255 0.405 -0.01780011398 2
0 0.255 0.415 -0.02080782609 2
0 0.255 0.425 -0.02365165401 2
0 0.255 0.435 -0.0262888787 2
0 0.255 0.445 -0.02872502028 2
0 0.255 0.455 -0.03083354175 2
0 0.255 0.465 -0.03291217346 2
0 0.255 0.475 -0.03397520449 2
0 0.255 0.485 -0.03699710672 2
0 0.255 0.495 -0.03284255023 2
0 0.255 0.505 -0.021799289 2
0 0.255 0.515 -0.008568131944 2
0 0.255 0.525 0 2
0 0.255 0.535 0 2
0 0.255 0.545 0 2
0 0.255 0.555 0 2
0 0.255 0.565 0 1
0 0.265 -0.555 0 2
0 0.265 -0.545 0 2
0 0.265 -0.535 0 2
0 0.265 -0.525 0 2
0 0.265 -0.515 -0.008666527775 2
0 0.265 -0.505 -0.02204791841 2
0 0.265 -0.495 -0.03327861613 2
0 0.265 -0.485 -0.03756334942 2
0 0.265 -0.475 -0.03463358689 2
0 0.265 -0.465 -0.03367205714 2
0 0.265 -0.455 -0.03168871625 2
0 0.265 -0.445 -0.02966205636 2
0 0.265 -0.435 -0.02732948034 2
0 0.265 -0.425 -0.0247320137 2
0 0.265 -0.415 -0.02181717436 2
0 0.265 -0.405 -0.01862880328 2
0 0.265 -0.395 -0.01534680256 2
0 0.265 -0.385 -0.01219819276 2
0 0.265 -0.375 -0.009200261336 2
0 0.265 -0.365 -0.006255618864 2
0 0.265 -0.355 -0.003240154771 2
0 0.265 -0.345 -8.363561811e-06 2
0 0.265 -0.335 0.003302634752 2
0 0.265 -0.325 0.00661467665 2
0 0.265 -0.315 0.009668004152 2
0 0.265 -0.305 0.01236337035 2
0 0.265 -0.295 0.01466009083 2
0 0.265 -0.285 0.01651463685 2
0 0.265 -0.275 0.01796145573 2
0 0.265 -0.265 0.01900034138 2
0 0.265 -0.255 0.01963541119 2
0 0.265 -0.245 0.01987194522 2
0 0.265 -0.235 0.01971486802 2
0 0.265 -0.225 0.01917338257 2
0 0.265 -0.215 0.01826047265 2
0 0.265 -0.205 0.01699383789 2
0 0.265 -0.195 0.01539607092 2
0 0.265 -0.185 0.01349458079 2
0 0.265 -0.175 0.01132135979 2
0 0.265 -0.165 0.008912568705 2
0 0.265 -0.155 0.006308024251 2
0 0.265 -0.145 0.003550592624 2
0 0.265 -0.135 0.0006855198507 2
0 0.265 -0.125 -0.002240287169 2
0 0.265 -0.115 -0.005179011473 2
0 0.265 -0.105 -0.008082694243 2
0 0.265 -0.095 -0.01090400588 2
0 0.265 -0.085 -0.01359700626 2
0 0.265 -0.075 -0.01611788117 2
0 0.265 -0.065 -0.01842564272 2
0 0.265 -0.055 -0.02048278279 2
0 0.265 -0.045 -0.02225586992 2
0 0.265 -0.035 -0.02371608194 2
0 0.265 -0.025 -0.02483966798 2
0 0.265 -0.015 -0.02560833591 2
0 0.265 -0.005 -0.02600956177 2
0 0.265 0.005 -0.02603681954 2
0 0.265 0.015 -0.02568972803 2
0 0.265 0.025 -0.02497411228 2
0 0.265 0.035 -0.02390197193 2
0 0.265 0.045 -0.02249135009 2
0 0.265 0.055 -0.02076608956 2
0 0.265 0.065 -0.01875546825 2
0 0.265 0.075 -0.01649370203 2
0 0.265 0.085 -0.01401931399 2
0 0.265 0.095 -0.01137437935 2
0 0.265 0.105 -0.008603657436 2
0 0.265 0.115 -0.005753653327 2
0 0.265 0.125 -0.002871606315 2
0 0.265 0.135 -4.474129358e-06 2
0 0.265 0.145 0.002802099694 2
0 0.265 0.155 0.005504642449 2
0 0.265 0.165 0.008062403414 2
0 0.265 0.175 0.01043741888 2
0 0.265 0.185 0.01259396404 2
0 0.265 0.195 0.01449817245 2
0 0.265 0.205 0.01611735411 2
0 0.265 0.215 0.01742062438 2
0 0.265 0.225 0.01837949878 2
0 0.265 0.235 0.01896985586 2
0 0.265 0.245 0.01917336897 2
0 0.265 0.255 0.01897912452 2
0 0.265 0.265 0.01838434499 2
0 0.265 0.275 0.01739442589 2
0 0.265 0.285 0.01602256453 2
0 0.265 0.295 0.01428900816 2
0 0.265 0.305 0.01222035446 2
0 0.265 0.315 0.009848748423 2
0 0.265 0.325 0.007211114593 2
0 0.265 0.335 0.004348275077 2
0 0.265 0.345 0.001304016989 2
0 0.265 0.355 -0.00187593638 2
0 0.265 0.365 -0.0051449399 2
0 0.265 0.375 -0.008456367515 2
0 0.265 0.385 -0.01176451614 2
0 0.265 0.395 -0.0150250815 2
0 0.265 0.405 -0.01819640525 2
0 0.265 0.415 -0.02123791582 2
0 0.265 0.425 -0.02411692293 2
0 0.265 0.435 -0.02678961577 2
0 0.265 0.445 -0.02926143538 2
0 0.265 0.455 -0.03140324529 2
0 0.265 0.465 -0.0335184699 2
0 0.265 0.475 -0.03460205289 2
0 0.265 0.485 -0.03768622669 2
0 0.265 0.495 -0.03345767735 2
0 0.265 0.505 -0.02221082753 2
0 0.265 0.515 -0.008729708818 2
0 0.265 0.525 0 2
0 0.265 0.535 0 2
0 0.265 0.545 0 2
0 0.265 0.555 0 2
0 0.265 0.565 0 2
0 0.275 -0.555 0 2
0 0.275 -0.545 0 2
0 0.275 -0.535 0 2
0 0.275 -0.525 0 2
0 0.275 -0.515 -0.008819756368 2
0 0.275 -0.505 -0.02243794138 2
0 0.275 -0.495 -0.03385720367 2
0 0.275 -0.485 -0.03820636138 2
0 0.275 -0.475 -0.03520991443 2
0 0.275 -0.465 -0.03422422449 2
0 0.275 -0.455 -0.03220105128 2
0 0.275 -0.445 -0.03014046457 2
0 0.275 -0.435 -0.02775077223 2
0 0.275 -0.425 -0.02512442489 2
0 0.275 -0.415 -0.02225921724 2
0 0.275 -0.405 -0.01919877994 2
0 0.275 -0.395 -0.01602875707 2
0 0.275 -0.385 -0.01285491371 2
0 0.275 -0.375 -0.009695494409 2
0 0.275 -0.365 -0.006515046368 2
0 0.275 -0.355 -0.003290164946 2
0 0.275 -0.345 2.983100635e-05 2
0 0.275 -0.335 0.003311419719 2
0 0.275 -0.325 0.006491901825 2
0 0.275 -0.315 0.009438303255 2
0 0.275 -0.305 0.01207275935 2
0 0.275 -0.295 0.01435218144 2
0 0.275 -0.285 0.01623682228 2
0 0.275 -0.275 0.01772371863 2
0 0.275 -0.265 0.01880309697 2
0 0.275 -0.255 0.01947667468 2
0 0.275 -0.245 0.0197462936 2
0 0.275 -0.235 0.01961710541 2
0 0.275 -0.225 0.01909841493 2
0 0.275 -0.215 0.01820375947 2
0 0.275 -0.205 0.01695147277 2
0 0.275 -0.195 0.0153647261 2
0 0.275 -0.185 0.01347145767 2
0 0.275 -0.175 0.01130411661 2
0 0.275 -0.165 0.008899264397 2
0 0.275 -0.155 0.006297069499 2
0 0.275 -0.145 0.003540711453 2
0 0.275 -0.135 0.0006757182053 2
0 0.275 -0.125 -0.002250747459 2
0 0.275 -0.115 -0.005190635408 2
0 0.275 -0.105 -0.008095774599 2
0 0.275 -0.095 -0.01091864378 2
0 0.275 -0.085 -0.0136131326 2
0 0.275 -0.075 -0.01613528 2
0 0.275 -0.065 -0.01844397761 2
0 0.275 -0.055 -0.02050162718 2
0 0.275 -0.045 -0.02227474202 2
0 0.275 -0.035 -0.02373448425 2
0 0.275 -0.025 -0.02485713093 2
0 0.275 -0.015 -0.02562446337 2
0 0.275 -0.005 -0.02602407548 2
0 0.275 0.005 -0.02604959714 2
0 0.275 0.015 -0.02570082902 2
0 0.275 0.025 -0.02498378477 2
0 0.275 0.035 -0.02391063506 2
0 0.275 0.045 -0.02249954817 2
0 0.275 0.055 -0.02077441975 2
0 0.275 0.065 -0.0187644875 2
0 0.275 0.075 -0.0165038271 2
0 0.275 0.085 -0.01403073223 2
0 0.275 0.095 -0.01138698827 2
0 0.275 0.105 -0.008617053441 2
0 0.275 0.115 -0.005767174044 2
0 0.275 0.125 -0.002884453601 2
0 0.275 0.135 -1.592699301e-05 2
0 0.275 0.145 0.002792319409 2
0 0.275 0.155 0.005495881335 2
0 0.275 0.165 0.008052549725 2
0 0.275 0.175 0.01042255877 2
0 0.275 0.185 0.01256856544 2
0 0.275 0.195 0.01445566561 2
0 0.275 0.205 0.01605138562 2
0 0.275 0.215 0.01732617537 2
0 0.275 0.225 0.0182540273 2
0 0.275 0.235 0.01881358795 2
0 0.275 0.245 0.01898913812 2
0 0.275 0.255 0.01877156078 2
0 0.275 0.265 0.01815889863 2
0 0.275 0.275 0.01715652187 2
0 0.275 0.285 0.01577696789 2
0 0.275 0.295 0.01403949672 2
0 0.275 0.305 0.01196952923 2
0 0.275 0.315 0.009597968098 2
0 0.275 0.325 0.006960468044 2
0 0.275 0.335 0.004096623518 2
0 0.275 0.345 0.001049100674 2
0 0.275 0.355 -0.002137283409 2
0 0.275 0.365 -0.005416492591 2
0 0.275 0.375 -0.008742148596 2
0 0.275 0.385 -0.01206843463 2
0 0.275 0.395 -0.01535062461 2
0 0.275 0.405 -0.01854643174 2
0 0.275 0.415 -0.02161452519 2
0 0.275 0.425 -0.02452151704 2
0 0.275 0.435 -0.02722271068 2
0 0.275 0.445 -0.02972348096 2
0 0.275 0.455 -0.03189245338 2
0 0.275 0.465 -0.03403786275 2
0 0.275 0.475 -0.03513815151 2
0 0.275 0.485 -0.03827470469 2
0 0.275 0.495 -0.03398263795 2
0 0.275 0.505 -0.02256183812 2
0 0.275 0.515 -0.008867543619 2
0 0.275 0.525 0 2
0 0.275 0.535 0 2
0 0.275 0.545 0 2
0 0.275 0.555 0 2
0 0.275 0.565 0 2
0 0.285 -0.555 0 2
0 0.285 -0.545 0 2
0 0.285 -0.535 0 2
0 0.285 -0.525 0 2
0 0.285 -0.515 -0.008944737839 2
0 0.285 -0.505 -0.02275573733 2
0 0.285 -0.495 -0.03433214103 2
0 0.285 -0.485 -0.03873778987 2
0 0.285 -0.475 -0.03569255478 2
0 0.285 -0.465 -0.03469042762 2
0 0.285 -0.455 -0.03263672418 2
0 0.285 -0.445 -0.03054896067 2
0 0.285 -0.435 -0.02811898377 2
0 0.285 -0.425 -0.02546690686 2
0 0.285 -0.415 -0.02259214926 2
0 0.285 -0.405 -0.01954439214 2
0 0.285 -0.395 -0.016378913 2
0 0.285 -0.385 -0.01314996757 2
0 0.285 -0.375 -0.009883846671 2
0 0.285 -0.365 -0.006583295215 2
0 0.285 -0.355 -0.003266264306 2
0 0.285 -0.345 5.240949084e-05 2
0 0.285 -0.335 0.003292911723 2
0 0.285 -0.325 0.006391401097 2
0 0.285 -0.315 0.009265646373 2
0 0.285 -0.305 0.01185583413 2
0 0.285 -0.295 0.01411758449 2
0 0.285 -0.285 0.01601205101 2
0 0.285 -0.275 0.0175183875 2
0 0.285 -0.265 0.01862425959 2
0 0.285 -0.255 0.01932507179 2
0 0.285 -0.245 0.0196201708 2
0 0.285 -0.235 0.01951381994 2
0 0.285 -0.225 0.01901482233 2
0 0.285 -0.215 0.01813679042 2
0 0.285 -0.205 0.01689829722 2
0 0.285 -0.195 0.01532283527 2
0 0.285 -0.185 0.01343868033 2
0 0.285 -0.175 0.01127860214 2
0 0.285 -0.165 0.00887945831 2
0 0.285 -0.155 0.006281685344 2
0 0.285 -0.145 0.003528704678 2
0 0.285 -0.135 0.0006662620081 2
0 0.285 -0.125 -0.002258284111 2
0 0.285 -0.115 -0.005196708323 2
0 0.285 -0.105 -0.008100684147 2
0 0.285 -0.095 -0.01092255464 2
0 0.285 -0.085 -0.01361609414 2
0 0.285 -0.075 -0.0161372479 2
0 0.285 -0.065 -0.01844483732 2
0 0.285 -0.055 -0.0205012195 2
0 0.285 -0.045 -0.02227289116 2
0 0.285 -0.035 -0.02373102797 2
0 0.285 -0.025 -0.02485195186 2
0 0.285 -0.015 -0.02561752005 2
0 0.285 -0.005 -0.02601543036 2
0 0.285 0.005 -0.02603943831 2
0 0.285 0.015 -0.02568948182 2
0 0.285 0.025 -0.02497170935 2
0 0.285 0.035 -0.02389840741 2
0 0.285 0.045 -0.02248782345 2
0 0.285 0.055 -0.02076388063 2
0 0.285 0.065 -0.01875578267 2
0 0.285 0.075 -0.01649750955 2
0 0.285 0.085 -0.01402720883 2
0 0.285 0.095 -0.0113864927 2
0 0.285 0.105 -0.008619655104 2
0 0.285 0.115 -0.005772831424 2
0 0.285 0.125 -0.002893125704 2
0 0.285 0.135 -2.774554176e-05 2
0 0.285 0.145 0.00277681305 2
0 0.285 0.155 0.005475473017 2
0 0.285 0.165 0.00802513324 2
0 0.285 0.175 0.01038506537 2
0 0.285 0.185 0.01251717082 2
0 0.285 0.195 0.01438622799 2
0 0.285 0.205 0.0159601505 2
0 0.285 0.215 0.01721043769 2
0 0.285 0.225 0.01811271453 2
0 0.285 0.235 0.01864745097 2
0 0.285 0.245 0.018800643 2
0 0.285 0.255 0.0185644418 2
0 0.285 0.265 0.01793756636 2
0 0.285 0.275 0.01692547361 2
0 0.285 0.285 0.01554028986 2
0 0.285 0.295 0.01380052635 2
0 0.285 0.305 0.01173064491 2
0 0.285 0.315 0.00936049488 2
0 0.285 0.325 0.006724658182 2
0 0.285 0.335 0.003861707914 2
0 0.285 0.345 0.0008134016588 2
0 0.285 0.355 -0.002376172312 2
0 0.285 0.365 -0.005661476938 2
0 0.285 0.375 -0.008996370911 2
0 0.285 0.385 -0.01233501474 2
0 0.285 0.395 -0.01563243107 2
0 0.285 0.405 -0.01884591852 2
0 0.285 0.415 -0.02193360898 2
0 0.285 0.425 -0.02486160145 2
0 0.285 0.435 -0.02758450023 2
0 0.285 0.445 -0.03010762806 2
0 0.285 0.455 -0.03229775558 2
0 0.285 0.465 -0.03446704691 2
0 0.285 0.475 -0.03558035701 2
0 0.285 0.485 -0.03875946231 2
0 0.285 0.495 -0.03441483712 2
0 0.285 0.505 -0.02285070906 2
0 0.285 0.515 -0.008980989046 2
0 0.285 0.525 0 2
0 0.285 0.535 0 2
0 0.285 0.545 0 2
0 0.285 0.555 0 2
0 0.285 0.565 0 2
0 0.295 -0.555 0 2
0 0.295 -0.545 0 2
0 0.295 -0.535 0 2
0 0.295 -0.525 0 2
0 0.295 -0.515 -0.0090412843 2
0 0.295 -0.505 -0.02300110185 2
0 0.295 -0.495 -0.03470210305 2
0 0.295 -0.485 -0.0391555774 2
0 0.295 -0.475 -0.03607872017 2
0 0.295 -0.465 -0.03506834745 2
0 0.295 -0.455 -0.03299465794 2
0 0.295 -0.445 -0.03088746504 2
0 0.295 -0.435 -0.0284312753 2
0 0.295 -0.425 -0.0257562997 2
0 0.295 -0.415 -0.02286078989 2
0 0.295 -0.405 -0.01979431206 2
0 0.295 -0.395 -0.01659758026 2
0 0.295 -0.385 -0.01331330707 2
0 0.295 -0.375 -0.009977113549 2
0 0.295 -0.365 -0.006617794637 2
0 0.295 -0.355 -0.003268407033 2
0 0.295 -0.345 3.591419166e-05 2
0 0.295 -0.335 0.00324071399 2
0 0.295 -0.325 0.006290865977 2
0 0.295 -0.315 0.009124285803 2
0 0.295 -0.305 0.01168643195 2
0 0.295 -0.295 0.01393132429 2
0 0.295 -0.285 0.01582354831 2
0 0.295 -0.275 0.0173385071 2
0 0.295 -0.265 0.01845981557 2
0 0.295 -0.255 0.01917881179 2
0 0.295 -0.245 0.01949270231 2
0 0.295 -0.235 0.01940437714 2
0 0.295 -0.225 0.0189219441 2
0 0.295 -0.215 0.01805876726 2
0 0.295 -0.205 0.01683338907 2
0 0.295 -0.195 0.01526940813 2
0 0.295 -0.185 0.01339526452 2
0 0.295 -0.175 0.01124391303 2
0 0.295 -0.165 0.00885239675 2
0 0.295 -0.155 0.006261327364 2
0 0.295 -0.145 0.003514286739 2
0 0.295 -0.135 0.0006571641832 2
0 0.295 -0.125 -0.002262555638 2
0 0.295 -0.115 -0.005196539038 2
0 0.295 -0.105 -0.008096369137 2
0 0.295 -0.095 -0.01091431674 2
0 0.295 -0.085 -0.0136041024 2
0 0.295 -0.075 -0.01612163653 2
0 0.295 -0.065 -0.0184257252 2
0 0.295 -0.055 -0.0204787303 2
0 0.295 -0.045 -0.02224717386 2
0 0.295 -0.035 -0.02370227754 2
0 0.295 -0.025 -0.02482042913 2
0 0.295 -0.015 -0.02558356965 2
0 0.295 -0.005 -0.02597949492 2
0 0.295 0.005 -0.02600206693 2
0 0.295 0.015 -0.02565133055 2
0 0.295 0.025 -0.02493353188 2
0 0.295 0.035 -0.02386103512 2
0 0.295 0.045 -0.02245213524 2
0 0.295 0.055 -0.02073076529 2
0 0.295 0.065 -0.01872609836 2
0 0.295 0.075 -0.01647204706 2
0 0.295 0.085 -0.01400666631 2
0 0.295 0.095 -0.01137146935 2
0 0.295 0.105 -0.008610671022 2
0 0.295 0.115 -0.005770377902 2
0 0.295 0.125 -0.002897749836 2
0 0.295 0.135 -4.016502827e-05 2
0 0.295 0.145 0.002755576324 2
0 0.295 0.155 0.005443972432 2
0 0.295 0.165 0.007981437036 2
0 0.295 0.175 0.01032680727 2
0 0.295 0.185 0.01244175582 2
0 0.295 0.195 0.01429116316 2
0 0.295 0.205 0.01584347643 2
0 0.295 0.215 0.01707112409 2
0 0.295 0.225 0.01795096441 2
0 0.295 0.235 0.01846478897 2
0 0.295 0.245 0.01859980278 2
0 0.295 0.255 0.01834905324 2
0 0.295 0.265 0.0177117344 2
0 0.295 0.275 0.01669333672 2
0 0.295 0.285 0.01530562852 2
0 0.295 0.295 0.01356647029 2
0 0.295 0.305 0.0114994831 2
0 0.295 0.315 0.009133584448 2
0 0.295 0.325 0.006502412568 2
0 0.295 0.335 0.003643652812 2
0 0.295 0.345 0.0005982850417 2
0 0.295 0.355 -0.002590224433 2
0 0.295 0.365 -0.005876773898 2
0 0.295 0.375 -0.009215455016 2
0 0.295 0.385 -0.01256046433 2
0 0.295 0.395 -0.0158666851 2
0 0.295 0.405 -0.01909114599 2
0 0.295 0.415 -0.02219160226 2
0 0.295 0.425 -0.02513377946 2
0 0.295 0.435 -0.02787174622 2
0 0.295 0.445 -0.03041077886 2
0 0.295 0.455 -0.03261618571 2
0 0.295 0.465 -0.03480317323 2
0 0.295 0.475 -0.03592597809 2
0 0.295 0.485 -0.03913786572 2
0 0.295 0.495 -0.03475205609 2
0 0.295 0.505 -0.02307605551 2
0 0.295 0.515 -0.009069491258 2
0 0.295 0.525 0 2
0 0.295 0.535 0 2
0 0.295 0.545 0 2
0 0.295 0.555 0 2
0 0.295 0.565 0 2
0 0.305 -0.555 0 2
0 0.305 -0.545 0 2
0 0.305 -0.535 0 2
0 0.305 -0.525 0 2
0 0.305 -0.515 -0.009108917605 2
0 0.305 -0.505 -0.0231731706 2
0 0.305 -0.495 -0.03496551861 2
0 0.305 -0.485 -0.03945831852 2
0 0.305 -0.475 -0.03636758889 2
0 0.305 -0.465 -0.03535818667 2
0 0.305 -0.455 -0.03327621284 2
0 0.305 -0.445 -0.03115885561 2
0 0.305 -0.435 -0.02868897842 2
0 0.305 -0.425 -0.02599968606 2
0 0.305 -0.415 -0.02308799966 2
0 0.305 -0.405 -0.02000233658 2
0 0.305 -0.395 -0.01677960015 2
0 0.305 -0.385 -0.01346143249 2
0 0.305 -0.375 -0.01008685981 2
0 0.305 -0.365 -0.006694067705 2
0 0.305 -0.355 -0.003323671023 2
0 0.305 -0.345 -1.827506399e-05 2
0 0.305 -0.335 0.003172315584 2
0 0.305 -0.325 0.006197065478 2
0 0.305 -0.315 0.009003149542 2
0 0.305 -0.305 0.01154220227 2
0 0.305 -0.295 0.01377213105 2
0 0.305 -0.285 0.01565859435 2
0 0.305 -0.275 0.01717553702 2
0 0.305 -0.265 0.01830462957 2
0 0.305 -0.255 0.01903492863 2
0 0.305 -0.245 0.01936199342 2
0 0.305 -0.235 0.01928746778 2
0 0.305 -0.225 0.01881872853 2
0 0.305 -0.215 0.01796873002 2
0 0.305 -0.205 0.01675582122 2
0 0.305 -0.195 0.0152035463 2
0 0.305 -0.185 0.01334036716 2
0 0.305 -0.175 0.01119930062 2
0 0.305 -0.165 0.00881746805 2
0 0.305 -0.155 0.006235561778 2
0 0.305 -0.145 0.003497238415 2
0 0.305 -0.135 0.0006484512982 2
0 0.305 -0.125 -0.002263264405 2
0 0.305 -0.115 -0.005189539661 2
0 0.305 -0.105 -0.008081938247 2
0 0.305 -0.095 -0.01089272796 2
0 0.305 -0.085 -0.01357564261 2
0 0.305 -0.075 -0.01608662167 2
0 0.305 -0.065 -0.01838451544 2
0 0.305 -0.055 -0.0204317442 2
0 0.305 -0.045 -0.02219490135 2
0 0.305 -0.035 -0.02364529111 2
0 0.305 -0.025 -0.02475939286 2
0 0.305 -0.015 -0.02551924507 2
0 0.305 -0.005 -0.02591274294 2
0 0.305 0.005 -0.02593384459 2
0 0.305 0.015 -0.02558268178 2
0 0.305 0.025 -0.02486557179 2
0 0.305 0.035 -0.02379492796 2
0 0.305 0.045 -0.02238906763 2
0 0.305 0.055 -0.02067191714 2
0 0.305 0.065 -0.01867261557 2
0 0.305 0.075 -0.01642502069 2
0 0.305 0.085 -0.01396712331 2
0 0.305 0.095 -0.01134037924 2
0 0.305 0.105 -0.008588971428 2
0 0.305 0.115 -0.005759019001 2
0 0.305 0.125 -0.002897754481 2
0 0.305 0.135 -5.269506014e-05 2
0 0.305 0.145 0.002729163133 2
0 0.305 0.155 0.005402098374 2
0 0.305 0.165 0.007922340301 2
0 0.305 0.175 0.01024865848 2
0 0.305 0.185 0.01234286314 2
0 0.305 0.195 0.01417023836 2
0 0.305 0.205 0.0156999251 2
0 0.305 0.215 0.01690528615 2
0 0.305 0.225 0.01776425852 2
0 0.305 0.235 0.01825970628 2
0 0.305 0.245 0.01837975366 2
0 0.305 0.255 0.01811808332 2
0 0.305 0.265 0.01747416748 2
0 0.305 0.275 0.01645340517 2
0 0.305 0.285 0.01506714574 2
0 0.305 0.295 0.01333258195 2
0 0.305 0.305 0.01127251024 2
0 0.305 0.315 0.008914956353 2
0 0.305 0.325 0.00629267558 2
0 0.305 0.335 0.00344253966 2
0 0.305 0.345 0.000404828292 2
0 0.305 0.355 -0.002777548284 2
0 0.305 0.365 -0.006059883529 2
0 0.305 0.375 -0.009396498975 2
0 0.305 0.385 -0.01274166485 2
0 0.305 0.395 -0.01605020018 2
0 0.305 0.405 -0.01927896433 2
0 0.305 0.415 -0.02238545519 2
0 0.305 0.425 -0.02533513135 2
0 0.305 0.435 -0.02808166796 2
0 0.305 0.445 -0.03063028839 2
0 0.305 0.455 -0.0328452322 2
0 0.305 0.465 -0.03504384971 2
0 0.305 0.475 -0.03617277092 2
0 0.305 0.485 -0.03940772305 2
0 0.305 0.495 -0.03499245063 2
0 0.305 0.505 -0.02323672211 2
0 0.305 0.515 -0.009132589901 2
0 0.305 0.525 0 2
0 0.305 0.535 0 2
0 0.305 0.545 0 2
0 0.305 0.555 0 2
0 0.305 0.565 0 2
0 0.315 -0.555 0 2
0 0.315 -0.545 0 2
0 0.315 -0.535 0 2
0 0.315 -0.525 0 2
0 0.315 -0.515 -0.009146580915 2
0 0.315 -0.505 -0.02326968306 2
0 0.315 -0.495 -0.03511963672 2
0 0.315 -0.485 -0.03964445133 2
0 0.315 -0.475 -0.03655983982 2
0 0.315 -0.465 -0.03556206781 2
0 0.315 -0.455 -0.03348395077 2
0 0.315 -0.445 -0.03136526381 2
0 0.315 -0.435 -0.02888863157 2
0 0.315 -0.425 -0.02618871535 2
0 0.315 -0.415 -0.02326284614 2
0 0.315 -0.405 -0.02015957529 2
0 0.315 -0.395 -0.01691550741 2
0 0.315 -0.385 -0.01357349182 2
0 0.315 -0.375 -0.01017544449 2
0 0.315 -0.365 -0.006764181583 2
0 0.315 -0.355 -0.003383875767 2
0 0.315 -0.345 -8.003389182e-05 2
0 0.315 -0.335 0.003099308029 2
0 0.315 -0.325 0.006105860832 2
0 0.315 -0.315 0.008891806144 2
0 0.315 -0.305 0.01141266602 2
0 0.315 -0.295 0.01362892396 2
0 0.315 -0.285 0.01550739665 2
0 0.315 -0.275 0.0170219362 2
0 0.315 -0.265 0.01815348275 2
0 0.315 -0.255 0.01888990293 2
0 0.315 -0.245 0.01922562899 2
0 0.315 -0.235 0.01916137696 2
0 0.315 -0.225 0.01870386513 2
0 0.315 -0.215 0.01786560139 2
0 0.315 -0.205 0.01666465725 2
0 0.315 -0.195 0.01512441476 2
0 0.315 -0.185 0.01327324794 2
0 0.315 -0.175 0.01114413049 2
0 0.315 -0.165 0.008774164192 2
0 0.315 -0.155 0.006204031094 2
0 0.315 -0.145 0.003477377358 2
0 0.315 -0.135 0.0006401393127 2
0 0.315 -0.125 -0.002260175605 2
0 0.315 -0.115 -0.005175239381 2
0 0.315 -0.105 -0.008056671422 2
0 0.315 -0.095 -0.01085681001 2
0 0.315 -0.085 -0.01352947364 2
0 0.315 -0.075 -0.01603069931 2
0 0.315 -0.065 -0.01831944558 2
0 0.315 -0.055 -0.02035824925 2
0 0.315 -0.045 -0.02211382554 2
0 0.315 -0.035 -0.0235576025 2
0 0.315 -0.025 -0.02466618174 2
0 0.315 -0.015 -0.02542171844 2
0 0.315 -0.005 -0.02581221464 2
0 0.315 0.005 -0.02583172103 2
0 0.315 0.015 -0.0254804431 2
0 0.315 0.025 -0.02476474907 2
0 0.315 0.035 -0.02369707754 2
0 0.315 0.045 -0.02229574438 2
0 0.315 0.055 -0.02058464953 2
0 0.315 0.065 -0.01859288593 2
0 0.315 0.075 -0.01635425437 2
0 0.315 0.085 -0.01390669019 2
0 0.315 0.095 -0.01129160959 2
0 0.315 0.105 -0.008553185942 2
0 0.315 0.115 -0.005737569552 2
0 0.315 0.125 -0.002892067451 2
0 0.315 0.135 -6.430438841e-05 2
0 0.315 0.145 0.002698610341 2
0 0.315 0.155 0.005350882658 2
0 0.315 0.165 0.007848772662 2
0 0.315 0.175 0.01015124989 2
0 0.315 0.185 0.01222054992 2
0 0.315 0.195 0.01402263019 2
0 0.315 0.205 0.01552753305 2
0 0.315 0.215 0.01670967608 2
0 0.315 0.225 0.01754809306 2
0 0.315 0.235 0.01802664834 2
0 0.315 0.245 0.01813424253 2
0 0.315 0.255 0.01786501155 2
0 0.315 0.265 0.01721851278 2
0 0.315 0.275 0.01619987134 2
0 0.315 0.285 0.01481986229 2
0 0.315 0.295 0.01309489052 2
0 0.315 0.305 0.01104684867 2
0 0.315 0.315 0.008702832365 2
0 0.315 0.325 0.006094712984 2
0 0.315 0.335 0.003258575906 2
0 0.315 0.345 0.0002340438241 2
0 0.315 0.355 -0.002936484919 2
0 0.315 0.365 -0.006208667436 2
0 0.315 0.375 -0.009537046869 2
0 0.315 0.385 -0.01287598715 2
0 0.315 0.395 -0.01618029149 2
0 0.315 0.405 -0.01940671982 2
0 0.315 0.415 -0.02251260193 2
0 0.315 0.425 -0.02546321071 2
0 0.315 0.435 -0.02821195211 2
0 0.315 0.445 -0.03076397758 2
0 0.315 0.455 -0.032982849 2
0 0.315 0.465 -0.03518714938 2
0 0.315 0.475 -0.03631894493 2
0 0.315 0.485 -0.03956729404 2
0 0.315 0.495 -0.035134561 2
0 0.315 0.505 -0.0233317928 2
0 0.315 0.515 -0.009169921187 2
0 0.315 0.525 0 2
0 0.315 0.535 0 2
0 0.315 0.545 0 2
0 0.315 0.555 0 2
0 0.315 0.565 0 2
0 0.325 -0.555 0 2
0 0.325 -0.545 0 2
0 0.325 -0.535 0 2
0 0.325 -0.525 0 2
0 0.325 -0.515 -0.009151930207 2
0 0.325 -0.505 -0.02328533595 2
0 0.325 -0.495 -0.03515864058 2
0 0.325 -0.485 -0.03971125866 2
0 0.325 -0.475 -0.03665824831 2
0 0.325 -0.465 -0.03568556268 2
0 0.325 -0.455 -0.03362399909 2
0 0.325 -0.445 -0.03151154453 2
0 0.325 -0.435 -0.02903412698 2
0 0.325 -0.425 -0.02632776765 2
0 0.325 -0.415 -0.02339156687 2
0 0.325 -0.405 -0.0202752428 2
0 0.325 -0.395 -0.01701635837 2
0 0.325 -0.385 -0.01365914499 2
0 0.325 -0.375 -0.01024749953 2
0 0.325 -0.365 -0.006826691416 2
0 0.325 -0.355 -0.003442794587 2
0 0.325 -0.345 -0.0001425407227 2
0 0.325 -0.335 0.003026778267 2
0 0.325 -0.325 0.006018501687 2
0 0.325 -0.315 0.00878752958 2
0 0.325 -0.305 0.01129197033 2
0 0.325 -0.295 0.01349439503 2
0 0.325 -0.285 0.01536290309 2
0 0.325 -0.275 0.01687178481 2
0 0.325 -0.265 0.01800181675 2
0 0.325 -0.255 0.01874033284 2
0 0.325 -0.245 0.01908111988 2
0 0.325 -0.235 0.01902426265 2
0 0.325 -0.225 0.01857594923 2
0 0.325 -0.215 0.01774827005 2
0 0.325 -0.205 0.01655898488 2
0 0.325 -0.195 0.01503124595 2
0 0.325 -0.185 0.01319325727 2
0 0.325 -0.175 0.01107786255 2
0 0.325 -0.165 0.008722057646 2
0 0.325 -0.155 0.006166430515 2
0 0.325 -0.145 0.003454535694 2
0 0.325 -0.135 0.0006322133876 2
0 0.325 -0.125 -0.002253134557 2
0 0.325 -0.115 -0.005153298401 2
0 0.325 -0.105 -0.00802003007 2
0 0.325 -0.095 -0.01080581463 2
0 0.325 -0.085 -0.01346463026 2
0 0.325 -0.075 -0.01595268393 2
0 0.325 -0.065 -0.01822911091 2
0 0.325 -0.055 -0.02025662725 2
0 0.325 -0.045 -0.0220021252 2
0 0.325 -0.035 -0.02343720277 2
0 0.325 -0.025 -0.02453861946 2
0 0.325 -0.015 -0.02528867143 2
0 0.325 -0.005 -0.02567548024 2
0 0.325 0.005 -0.02569319046 2
0 0.325 0.015 -0.02534207253 2
0 0.325 0.025 -0.02462852847 2
0 0.325 0.035 -0.02356499914 2
0 0.325 0.045 -0.02216977307 2
0 0.325 0.055 -0.0204666981 2
0 0.325 0.065 -0.0184847986 2
0 0.325 0.075 -0.01625780192 2
0 0.325 0.085 -0.0138235793 2
0 0.325 0.095 -0.0112235073 2
0 0.325 0.105 -0.008501757302 2
0 0.325 0.115 -0.005704522012 2
0 0.325 0.125 -0.002879190579 2
0 0.325 0.135 -7.348777231e-05 2
0 0.325 0.145 0.002665401451 2
0 0.325 0.155 0.00529169374 2
0 0.325 0.165 0.007761820414 2
0 0.325 0.175 0.01003515336 2
0 0.325 0.185 0.01207460875 2
0 0.325 0.195 0.01384710465 2
0 0.325 0.205 0.01532387089 2
0 0.325 0.215 0.01648062803 2
0 0.325 0.225 0.01729768134 2
0 0.325 0.235 0.01775997075 2
0 0.325 0.245 0.01785713995 2
0 0.325 0.255 0.01758364305 2
0 0.325 0.265 0.01693891221 2
0 0.325 0.275 0.0159275452 2
0 0.325 0.285 0.01455948715 2
0 0.325 0.295 0.01285012746 2
0 0.325 0.305 0.01082028043 2
0 0.325 0.315 0.008495998888 2
0 0.325 0.325 0.005908218166 2
0 0.325 0.335 0.003092233405 2
0 0.325 0.345 8.703775884e-05 2
0 0.325 0.355 -0.003065442138 2
0 0.325 0.365 -0.006321190444 2
0 0.325 0.375 -0.009634951086 2
0 0.325 0.385 -0.01296118325 2
0 0.325 0.395 -0.0162547006 2
0 0.325 0.405 -0.01947220987 2
0 0.325 0.415 -0.02257094002 2
0 0.325 0.425 -0.02551604049 2
0 0.325 0.435 -0.02826075821 2
0 0.325 0.445 -0.03081014305 2
0 0.325 0.455 -0.03302746642 2
0 0.325 0.465 -0.03523162168 2
0 0.325 0.475 -0.03636317473 2
0 0.325 0.485 -0.03961530742 2
0 0.325 0.495 -0.03517732893 2
0 0.325 0.505 -0.0233606048 2
0 0.325 0.515 -0.009181222867 2
0 0.325 0.525 0 2
0 0.325 0.535 0 2
0 0.325 0.545 0 2
0 0.325 0.555 0 2
0 0.325 0.565 0 2
0 0.335 -0.555 0 2
0 0.335 -0.545 0 2
0 0.335 -0.535 0 2
0 0.335 -0.525 0 2
0 0.335 -0.515 -0.009116796305 2
0 0.335 -0.505 -0.02320672254 2
0 0.335 -0.495 -0.0350739443 2
0 0.335 -0.485 -0.03965732867 2
0 0.335 -0.475 -0.03667356089 2
0 0.335 -0.465 -0.03573743485 2
0 0.335 -0.455 -0.03370670287 2
0 0.335 -0.445 -0.03160542595 2
0 0.335 -0.435 -0.02913019382 2
0 0.335 -0.425 -0.02641950912 2
0 0.335 -0.415 -0.02347550684 2
0 0.335 -0.405 -0.02034955547 2
0 0.335 -0.395 -0.01708068968 2
0 0.335 -0.385 -0.01371442937 2
0 0.335 -0.375 -0.01029608194 2
0 0.335 -0.365 -0.00687231341 2
0 0.335 -0.355 -0.003490202975 2
0 0.335 -0.345 -0.0001969502956 2
0 0.335 -0.335 0.002960668447 2
0 0.335 -0.325 0.005937170729 2
0 0.335 -0.315 0.008689244278 2
0 0.335 -0.305 0.01117684946 2
0 0.335 -0.295 0.01336418218 2
0 0.335 -0.285 0.01522050983 2
0 0.335 -0.275 0.01672077262 2
0 0.335 -0.265 0.01784595328 2
0 0.335 -0.255 0.01858326074 2
0 0.335 -0.245 0.01892616734 2
0 0.335 -0.235 0.01887435955 2
0 0.335 -0.225 0.018433623 2
0 0.335 -0.215 0.01761567889 2
0 0.335 -0.205 0.01643796613 2
0 0.335 -0.195 0.01492336373 2
0 0.335 -0.185 0.0130998433 2
0 0.335 -0.175 0.01100004723 2
0 0.335 -0.165 0.008660791028 2
0 0.335 -0.155 0.00612249372 2
0 0.335 -0.145 0.003428543808 2
0 0.335 -0.135 0.0006246111241 2
0 0.335 -0.125 -0.002242082816 2
0 0.335 -0.115 -0.005123522332 2
0 0.335 -0.105 -0.00797166887 2
0 0.335 -0.095 -0.01073923214 2
0 0.335 -0.085 -0.01338042775 2
0 0.335 -0.075 -0.01585170886 2
0 0.335 -0.065 -0.01811246038 2
0 0.335 -0.055 -0.02012564516 2
0 0.335 -0.045 -0.02185839275 2
0 0.335 -0.035 -0.02328252227 2
0 0.335 -0.025 -0.0243749917 2
0 0.335 -0.015 -0.02511826719 2
0 0.335 -0.005 -0.0255006067 2
0 0.335 0.005 -0.02551625362 2
0 0.335 0.015 -0.02516553697 2
0 0.335 0.025 -0.02445487624 2
0 0.335 0.035 -0.02339668996 2
0 0.335 0.045 -0.02200920877 2
0 0.335 0.055 -0.02031619454 2
0 0.335 0.065 -0.01834656878 2
0 0.335 0.075 -0.01613395388 2
0 0.335 0.085 -0.0137161317 2
0 0.335 0.095 -0.0111344238 2
0 0.335 0.105 -0.008432997237 2
0 0.335 0.115 -0.00565809987 2
0 0.335 0.125 -0.002857229562 2
0 0.335 0.135 -7.824506194e-05 2
0 0.335 0.145 0.002631565701 2
0 0.335 0.155 0.005226431695 2
0 0.335 0.165 0.007663013845 2
0 0.335 0.175 0.009901228686 2
0 0.335 0.185 0.01190491568 2
0 0.335 0.195 0.01364229198 2
0 0.335 0.205 0.01508617957 2
0 0.335 0.215 0.01621401603 2
0 0.335 0.225 0.01700773764 2
0 0.335 0.235 0.01745359255 2
0 0.335 0.245 0.01754203456 2
0 0.335 0.255 0.0172677197 2
0 0.335 0.265 0.0166296896 2
0 0.335 0.275 0.01563164794 2
0 0.335 0.285 0.01428232033 2
0 0.335 0.295 0.01259572212 2
0 0.335 0.305 0.01059131164 2
0 0.335 0.315 0.008293917106 2
0 0.335 0.325 0.005733449853 2
0 0.335 0.335 0.00294440035 2
0 0.335 0.345 -3.48343222e-05 2
0 0.335 0.355 -0.003162743813 2
0 0.335 0.365 -0.006395583096 2
0 0.335 0.375 -0.00968825472 2
0 0.335 0.385 -0.01299529317 2
0 0.335 0.395 -0.016271528 2
0 0.335 0.405 -0.01947363993 2
0 0.335 0.415 -0.02255880752 2
0 0.335 0.425 -0.02549210534 2
0 0.335 0.435 -0.02822672102 2
0 0.335 0.445 -0.03076756538 2
0 0.335 0.455 -0.03297800262 2
0 0.335 0.465 -0.03517630643 2
0 0.335 0.475 -0.03630461605 2
0 0.335 0.485 -0.03955098283 2
0 0.335 0.495 -0.03512011914 2
0 0.335 0.505 -0.02332276522 2
0 0.335 0.515 -0.00916634037 2
0 0.335 0.525 0 2
0 0.335 0.535 0 2
0 0.335 0.545 0 2
0 0.335 0.555 0 2
0 0.335 0.565 0 2
0 0.345 -0.555 0 2
0 0.345 -0.545 0 2
0 0.345 -0.535 0 2
0 0.345 -0.525 0 2
0 0.345 -0.515 -0.009014645099 2
0 0.345 -0.505 -0.02299242938 2
0 0.345 -0.495 -0.03483825763 2
0 0.345 -0.485 -0.03948272686 2
0 0.345 -0.475 -0.03663484232 2
0 0.345 -0.465 -0.03574145014 2
0 0.345 -0.455 -0.03374504832 2
0 0.345 -0.445 -0.03165684425 2
0 0.345 -0.435 -0.02918320492 2
0 0.345 -0.425 -0.02646781897 2
0 0.345 -0.415 -0.02351717289 2
0 0.345 -0.405 -0.02038395223 2
0 0.345 -0.395 -0.01710877484 2
0 0.345 -0.385 -0.01373811332 2
0 0.345 -0.375 -0.01031822406 2
0 0.345 -0.365 -0.006896593624 2
0 0.345 -0.355 -0.003520828102 2
0 0.345 -0.345 -0.0002382369512 2
0 0.345 -0.335 0.002904887494 2
0 0.345 -0.325 0.005864033295 2
0 0.345 -0.315 0.008597255598 2
0 0.345 -0.305 0.01106600316 2
0 0.345 -0.295 0.01323586933 2
0 0.345 -0.285 0.01507724932 2
0 0.345 -0.275 0.01656585665 2
0 0.345 -0.265 0.01768309336 2
0 0.345 -0.255 0.01841628679 2
0 0.345 -0.245 0.01875881087 2
0 0.345 -0.235 0.01871011664 2
0 0.345 -0.225 0.01827568422 2
0 0.345 -0.215 0.01746690499 2
0 0.345 -0.205 0.01630089243 2
0 0.345 -0.195 0.01480021868 2
0 0.345 -0.185 0.01299257216 2
0 0.345 -0.175 0.01091033434 2
0 0.345 -0.165 0.008590077174 2
0 0.345 -0.155 0.006071986303 2
0 0.345 -0.145 0.003399218965 2
0 0.345 -0.135 0.0006172080543 2
0 0.345 -0.125 -0.002227074129 2
0 0.345 -0.115 -0.005085877979 2
0 0.345 -0.105 -0.007911449885 2
0 0.345 -0.095 -0.01065680256 2
0 0.345 -0.085 -0.01327646915 2
0 0.345 -0.075 -0.01572722902 2
0 0.345 -0.065 -0.01796879437 2
0 0.345 -0.055 -0.01996444772 2
0 0.345 -0.045 -0.02168162172 2
0 0.345 -0.035 -0.02309241308 2
0 0.345 -0.025 -0.02417402387 2
0 0.345 -0.015 -0.02490912363 2
0 0.345 -0.005 -0.0252861273 2
0 0.345 0.005 -0.02529938461 2
0 0.345 0.015 -0.02494927796 2
0 0.345 0.025 -0.0242422271 2
0 0.345 0.035 -0.02319060033 2
0 0.345 0.045 -0.02181253335 2
0 0.345 0.055 -0.02013165804 2
0 0.345 0.065 -0.01817674482 2
0 0.345 0.075 -0.0159812625 2
0 0.345 0.085 -0.01358285959 2
0 0.345 0.095 -0.01102276991 2
0 0.345 0.105 -0.008345143279 2
0 0.345 0.115 -0.005596298727 2
0 0.345 0.125 -0.002823895583 2
0 0.345 0.135 -7.601754574e-05 2
0 0.345 0.145 0.002599826394 2
0 0.345 0.155 0.005157762884 2
0 0.345 0.165 0.00755462188 2
0 0.345 0.175 0.009750920742 2
0 0.345 0.185 0.01171165057 2
0 0.345 0.195 0.01340674849 2
0 0.345 0.205 0.0148112158 2
0 0.345 0.215 0.01590486814 2
0 0.345 0.225 0.01667190038 2
0 0.345 0.235 0.01710031097 2
0 0.345 0.245 0.01718154535 2
0 0.345 0.255 0.01691032613 2
0 0.345 0.265 0.01628491819 2
0 0.345 0.275 0.01530756327 2
0 0.345 0.285 0.01398517469 2
0 0.345 0.295 0.01232985343 2
0 0.345 0.305 0.01035930593 2
0 0.345 0.315 0.008096894531 2
0 0.345 0.325 0.005571410859 2
0 0.345 0.335 0.002816549321 2
0 0.345 0.345 -0.0001298182266 2
0 0.345 0.355 -0.003226502392 2
0 0.345 0.365 -0.006429936448 2
0 0.345 0.375 -0.009695108484 2
0 0.345 0.385 -0.01297658307 2
0 0.345 0.395 -0.01622919093 2
0 0.345 0.405 -0.01940959816 2
0 0.345 0.415 -0.02247497144 2
0 0.345 0.425 -0.02539035016 2
0 0.345 0.435 -0.02810895608 2
0 0.345 0.445 -0.03063551914 2
0 0.345 0.455 -0.03283387668 2
0 0.345 0.465 -0.03502074978 2
0 0.345 0.475 -0.03614292401 2
0 0.345 0.485 -0.03937405543 2
0 0.345 0.495 -0.03496274302 2
0 0.345 0.505 -0.02321816904 2
0 0.345 0.515 -0.009125233566 2
0 0.345 0.525 0 2
0 0.345 0.535 0 2
0 0.345 0.545 0 2
0 0.345 0.555 0 2
0 0.345 0.565 0 2
0 0.355 -0.555 0 2
0 0.355 -0.545 0 2
0 0.355 -0.535 0 2
0 0.355 -0.525 0 2
0 0.355 -0.515 -0.008778210284 2
0 0.355 -0.505 -0.02252098437 2
0 0.355 -0.495 -0.03433190922 2
0 0.355 -0.485 -0.03914881469 2
0 0.355 -0.475 -0.03656746323 2
0 0.355 -0.465 -0.03573518168 2
0 0.355 -0.455 -0.03376531369 2
0 0.355 -0.445 -0.03167677167 2
0 0.355 -0.435 -0.02919991635 2
0 0.355 -0.425 -0.0264758209 2
0 0.355 -0.415 -0.02351763586 2
0 0.355 -0.405 -0.02037816283 2
0 0.355 -0.395 -0.01709911418 2
0 0.355 -0.385 -0.01372746718 2
0 0.355 -0.375 -0.01031000909 2
0 0.355 -0.365 -0.006894717665 2
0 0.355 -0.355 -0.00352946917 2
0 0.355 -0.345 -0.0002615000228 2
0 0.355 -0.335 0.002863424672 2
0 0.355 -0.325 0.005801732571 2
0 0.355 -0.315 0.008512737703 2
0 0.355 -0.305 0.01095927976 2
0 0.355 -0.295 0.01310829872 2
0 0.355 -0.285 0.01493134061 2
0 0.355 -0.275 0.01640498544 2
0 0.355 -0.265 0.0175111909 2
0 0.355 -0.255 0.01823755158 2
0 0.355 -0.245 0.01857747327 2
0 0.355 -0.235 0.01853026627 2
0 0.355 -0.225 0.01810115795 2
0 0.355 -0.215 0.01730122441 2
0 0.355 -0.205 0.01614723836 2
0 0.355 -0.195 0.01466142994 2
0 0.355 -0.185 0.01287115797 2
0 0.355 -0.175 0.01080849188 2
0 0.355 -0.165 0.008509707679 2
0 0.355 -0.155 0.006014705156 2
0 0.355 -0.145 0.003366357058 2
0 0.355 -0.135 0.0006098036721 2
0 0.355 -0.125 -0.002208291933 2
0 0.355 -0.115 -0.00504051207 2
0 0.355 -0.105 -0.007839460322 2
0 0.355 -0.095 -0.01055853055 2
0 0.355 -0.085 -0.01315265587 2
0 0.355 -0.075 -0.01557902619 2
0 0.355 -0.065 -0.0177977642 2
0 0.355 -0.055 -0.0197725512 2
0 0.355 -0.045 -0.02147119486 2
0 0.355 -0.035 -0.02286613194 2
0 0.355 -0.025 -0.02393485936 2
0 0.355 -0.015 -0.02466028786 2
0 0.355 -0.005 -0.02503101322 2
0 0.355 0.005 -0.02504150105 2
0 0.355 0.015 -0.02469218227 2
0 0.355 0.025 -0.02398945796 2
0 0.355 0.035 -0.02294561381 2
0 0.355 0.045 -0.02157864568 2
0 0.355 0.055 -0.01991199964 2
0 0.355 0.065 -0.01797423064 2
0 0.355 0.075 -0.01579858475 2
0 0.355 0.085 -0.01342250935 2
0 0.355 0.095 -0.01088709373 2
0 0.355 0.105 -0.008236438534 2
0 0.355 0.115 -0.005516945433 2
0 0.355 0.125 -0.002776511342 2
0 0.355 0.135 -6.360153284e-05 2
0 0.355 0.145 0.002573817841 2
0 0.355 0.155 0.005089491169 2
0 0.355 0.165 0.007440170711 2
0 0.355 0.175 0.009586877509 2
0 0.355 0.185 0.01149592843 2
0 0.355 0.195 0.01313949619 2
0 0.355 0.205 0.0144956114 2
0 0.355 0.215 0.01554749887 2
0 0.355 0.225 0.01628266382 2
0 0.355 0.235 0.01669160946 2
0 0.355 0.245 0.01676711604 2
0 0.355 0.255 0.01650375978 2
0 0.355 0.265 0.01589842115 2
0 0.355 0.275 0.01495096271 2
0 0.355 0.285 0.01366559518 2
0 0.355 0.295 0.01205171416 2
0 0.355 0.305 0.01012475445 2
0 0.355 0.315 0.00790633482 2
0 0.355 0.325 0.005424065282 2
0 0.355 0.335 0.002710917387 2
0 0.355 0.345 -0.0001956185296 2
0 0.355 0.355 -0.003254511017 2
0 0.355 0.365 -0.006422224178 2
0 0.355 0.375 -0.009653717309 2
0 0.355 0.385 -0.0129035113 2
0 0.355 0.395 -0.01612640441 2
0 0.355 0.405 -0.019279048 2
0 0.355 0.415 -0.02231862863 2
0 0.355 0.425 -0.02521018681 2
0 0.355 0.435 -0.0279070702 2
0 0.355 0.445 -0.03041378597 2
0 0.355 0.455 -0.03259502341 2
0 0.355 0.465 -0.03476502133 2
0 0.355 0.475 -0.0358782725 2
0 0.355 0.485 -0.03908480155 2
0 0.355 0.495 -0.03470548342 2
0 0.355 0.505 -0.02304701768 2
0 0.355 0.515 -0.009057983768 2
0 0.355 0.525 0 2
0 0.355 0.535 0 2
0 0.355 0.545 0 2
0 0.355 0.555 0 2
0 0.355 0.565 0 2
0 0.365 -0.555 0 1
0 0.365 -0.545 0 1
0 0.365 -0.535 0 1
0 0.365 -0.525 0 2
0 0.365 -0.515 -0.008332904297 2
0 0.365 -0.505 -0.0216263531 2
0 0.365 -0.495 -0.03334536007 2
0 0.365 -0.485 -0.03854196823 2
0 0.365 -0.475 -0.03647635415 2
0 0.365 -0.465 -0.03573715925 2
0 0.365 -0.455 -0.03378320438 2
0 0.365 -0.445 -0.03166973652 2
0 0.365 -0.435 -0.02918313443 2
0 0.365 -0.425 -0.02644457587 2
0 0.365 -0.415 -0.02347659629 2
0 0.365 -0.405 -0.02033122426 2
0 0.365 -0.395 -0.01704992057 2
0 0.365 -0.385 -0.01367975793 2
0 0.365 -0.375 -0.01026773109 2
0 0.365 -0.365 -0.006862211163 2
0 0.365 -0.355 -0.003511288465 2
0 0.365 -0.345 -0.0002620640935 2
0 0.365 -0.335 0.002840297194 2
0 0.365 -0.325 0.005753258593 2
0 0.365 -0.315 0.008437491367 2
0 0.365 -0.305 0.01085733002 2
0 0.365 -0.295 0.01298116692 2
0 0.365 -0.285 0.01478180663 2
0 0.365 -0.275 0.01623680309 2
0 0.365 -0.265 0.01732876901 2
0 0.365 -0.255 0.01804564973 2
0 0.365 -0.245 0.01838094201 2
0 0.365 -0.235 0.01833384642 2
0 0.365 -0.225 0.01790934047 2
0 0.365 -0.215 0.01711816474 2
0 0.365 -0.205 0.01597671457 2
0 0.365 -0.195 0.01450683291 2
0 0.365 -0.185 0.01273550189 2
0 0.365 -0.175 0.0106944341 2
0 0.365 -0.165 0.008419568822 2
0 0.365 -0.155 0.005950482313 2
0 0.365 -0.145 0.003329725565 2
0 0.365 -0.135 0.0006021057171 2
0 0.365 -0.125 -0.002186070813 2
0 0.365 -0.115 -0.004987775209 2
0 0.365 -0.105 -0.007756035865 2
0 0.365 -0.095 -0.01044470544 2
0 0.365 -0.085 -0.01300920251 2
0 0.365 -0.075 -0.0154072174 2
0 0.365 -0.065 -0.01759937363 2
0 0.365 -0.055 -0.01954983792 2
0 0.365 -0.045 -0.02122687239 2
0 0.365 -0.035 -0.02260332285 2
0 0.365 -0.025 -0.02365703751 2
0 0.365 -0.015 -0.02437121054 2
0 0.365 -0.005 -0.02473464566 2
0 0.365 0.005 -0.0247419356 2
0 0.365 0.015 -0.02439355499 2
0 0.365 0.025 -0.02369586526 2
0 0.365 0.035 -0.02266103217 2
0 0.365 0.045 -0.02130685847 2
0 0.365 0.055 -0.01965653567 2
0 0.365 0.065 -0.01773832044 2
0 0.365 0.075 -0.01558514233 2
0 0.365 0.085 -0.01323414884 2
0 0.365 0.095 -0.01072619186 2
0 0.365 0.105 -0.008105254794 2
0 0.365 0.115 -0.005417807087 2
0 0.365 0.125 -0.002712061323 2
0 0.365 0.135 -3.707827845e-05 2
0 0.365 0.145 0.002558333081 2
0 0.365 0.155 0.005026993468 2
0 0.365 0.165 0.007324982946 2
0 0.365 0.175 0.009413395487 2
0 0.365 0.185 0.01125987362 2
0 0.365 0.195 0.01283945095 2
0 0.365 0.205 0.01413449604 2
0 0.365 0.215 0.01513333798 2
0 0.365 0.225 0.01582865707 2
0 0.365 0.235 0.0162147563 2
0 0.365 0.245 0.01628636141 2
0 0.365 0.255 0.01603744632 2
0 0.365 0.265 0.01546244394 2
0 0.365 0.275 0.01455719927 2
0 0.365 0.285 0.01332183078 2
0 0.365 0.295 0.01176182595 2
0 0.365 0.305 0.009889719491 2
0 0.365 0.315 0.007725157538 2
0 0.365 0.325 0.005294664013 2
0 0.365 0.335 0.002630729982 2
0 0.365 0.345 -0.0002292556719 2
0 0.365 0.355 -0.003244158031 2
0 0.365 0.365 -0.006370257376 2
0 0.365 0.375 -0.009562322199 2
0 0.365 0.385 -0.01277472744 2
0 0.365 0.395 -0.01596219044 2
0 0.365 0.405 -0.01908134263 2
0 0.365 0.415 -0.02208942255 2
0 0.365 0.425 -0.02495151145 2
0 0.365 0.435 -0.02762117853 2
0 0.365 0.445 -0.0301026712 2
0 0.365 0.455 -0.03226190995 2
0 0.365 0.465 -0.03440973181 2
0 0.365 0.475 -0.03551137319 2
0 0.365 0.485 -0.03868406374 2
0 0.365 0.495 -0.03434911871 2
0 0.365 0.505 -0.02280983732 2
0 0.365 0.515 -0.00896480057 2
0 0.365 0.525 0 2
0 0.365 0.535 0 2
0 0.365 0.545 0 2
0 0.365 0.555 0 2
0 0.365 0.565 0 2
0 0.375 -0.555 0 1
0 0.375 -0.545 0 1
0 0.375 -0.535 0 1
0 0.375 -0.525 0 1
0 0.375 -0.515 -0.007707266843 1
0 0.375 -0.505 -0.02028709081 2
0 0.375 -0.495 -0.03181910575 2
0 0.375 -0.485 -0.03753323771 2
0 0.375 -0.475 -0.03629659376 2
0 0.375 -0.465 -0.03575375942 2
0 0.375 -0.455 -0.03382436279 2
0 0.375 -0.445 -0.03165017216 2
0 0.375 -0.435 -0.02913252879 2
0 0.375 -0.425 -0.02637302915 2
0 0.375 -0.415 -0.02339226396 2
0 0.375 -0.405 -0.0202413453 2
0 0.375 -0.395 -0.01695891247 2
0 0.375 -0.385 -0.01359183012 2
0 0.375 -0.375 -0.01018722817 2
0 0.375 -0.365 -0.006794085947 2
0 0.375 -0.355 -0.003460900967 2
0 0.375 -0.345 -0.0002346896781 2
0 0.375 -0.335 0.0028400893 2
0 0.375 -0.325 0.005722169917 2
0 0.375 -0.315 0.008373881239 2
0 0.375 -0.305 0.01076135284 2
0 0.375 -0.295 0.01285468818 2
0 0.375 -0.285 0.01462814323 2
0 0.375 -0.275 0.01606037479 2
0 0.375 -0.265 0.01713472195 2
0 0.375 -0.255 0.01783950787 2
0 0.375 -0.245 0.01816831269 2
0 0.375 -0.235 0.01812019374 2
0 0.375 -0.225 0.01769982638 2
0 0.375 -0.215 0.01691755261 2
0 0.375 -0.205 0.01578932451 2
0 0.375 -0.195 0.01433653652 2
0 0.375 -0.185 0.01258574265 2
0 0.375 -0.175 0.01056826005 2
0 0.375 -0.165 0.008319664837 2
0 0.375 -0.155 0.005879191882 2
0 0.375 -0.145 0.003289055213 2
0 0.375 -0.135 0.0005937094505 2
0 0.375 -0.125 -0.002160925488 2
0 0.375 -0.115 -0.004928254489 2
0 0.375 -0.105 -0.007661792466 2
0 0.375 -0.095 -0.01031592855 2
0 0.375 -0.085 -0.01284665709 2
0 0.375 -0.075 -0.01521226678 2
0 0.375 -0.065 -0.01737398193 2
0 0.375 -0.055 -0.01929655123 2
0 0.375 -0.045 -0.02094877957 2
0 0.375 -0.035 -0.02230399856 2
0 0.375 -0.025 -0.02334047024 2
0 0.375 -0.015 -0.02404171911 2
0 0.375 -0.005 -0.024396787 2
0 0.375 0.005 -0.02440040685 2
0 0.375 0.015 -0.02405309236 2
0 0.375 0.025 -0.02336114241 2
0 0.375 0.035 -0.02233656117 2
0 0.375 0.045 -0.0209968969 2
0 0.375 0.055 -0.01936500479 2
0 0.375 0.065 -0.01746874084 2
0 0.375 0.075 -0.01534059605 2
0 0.375 0.085 -0.01301728019 2
0 0.375 0.095 -0.01053926379 2
0 0.375 0.105 -0.007950282869 2
0 0.375 0.115 -0.005296794274 2
0 0.375 0.125 -0.002627359726 2
0 0.375 0.135 8.135149603e-06 2
0 0.375 0.145 0.002559509696 2
0 0.375 0.155 0.004977813234 2
0 0.375 0.165 0.007217384103 2
0 0.375 0.175 0.009238417974 2
0 0.375 0.185 0.01100945935 2
0 0.375 0.195 0.01250898879 2
0 0.375 0.205 0.01372555726 2
0 0.375 0.215 0.01465515846 2
0 0.375 0.225 0.01529884765 2
0 0.375 0.235 0.01565679902 2
0 0.375 0.245 0.01572677817 2
0 0.375 0.255 0.01550122823 2
0 0.375 0.265 0.01497045595 2
0 0.375 0.275 0.01412343178 2
0 0.375 0.285 0.01295429661 2
0 0.375 0.295 0.01146291588 2
0 0.375 0.305 0.009658333111 2
0 0.375 0.315 0.007558113522 2
0 0.375 0.325 0.005187978336 2
0 0.375 0.335 0.002580370347 2
0 0.375 0.345 -0.0002269672378 2
0 0.375 0.355 -0.00319239068 2
0 0.375 0.365 -0.006271691529 2
0 0.375 0.375 -0.009419230286 2
0 0.375 0.385 -0.01258911223 2
0 0.375 0.395 -0.01573591967 2
0 0.375 0.405 -0.01881626395 2
0 0.375 0.415 -0.02178747746 2
0 0.375 0.425 -0.02461473335 2
0 0.375 0.435 -0.02725192831 2
0 0.375 0.445 -0.02970302367 2
0 0.375 0.455 -0.03183555294 2
0 0.375 0.465 -0.03395604966 2
0 0.375 0.475 -0.03504349271 2
0 0.375 0.485 -0.03817327329 2
0 0.375 0.495 -0.03389494453 2
0 0.375 0.505 -0.0225074956 2
0 0.375 0.515 -0.008846028033 2
0 0.375 0.525 0 2
0 0.375 0.535 0 2
0 0.375 0.545 0 2
0 0.375 0.555 0 2
0 0.375 0.565 0 2
0 0.385 -0.555 0 1
0 0.385 -0.545 0 1
0 0.385 -0.535 0 1
0 0.385 -0.525 0 1
0 0.385 -0.515 -0.007020663988 1
0 0.385 -0.505 -0.01870300297 1
0 0.385 -0.495 -0.02998544025 2
0 0.385 -0.485 -0.03618148182 2
0 0.385 -0.475 -0.03593711167 2
0 0.385 -0.465 -0.03571559247 2
0 0.385 -0.455 -0.033841492 2
0 0.385 -0.445 -0.03160590712 2
0 0.385 -0.435 -0.02903505943 2
0 0.385 -0.425 -0.02625491813 2
0 0.385 -0.415 -0.02326169084 2
0 0.385 -0.405 -0.02010693314 2
0 0.385 -0.395 -0.01682424414 2
0 0.385 -0.385 -0.01346056737 2
0 0.385 -0.375 -0.01006381594 2
0 0.385 -0.365 -0.006684355817 2
0 0.385 -0.355 -0.003371685487 2
0 0.385 -0.345 -0.00017290717 2
0 0.385 -0.335 0.002868426986 2
0 0.385 -0.325 0.005712797583 2
0 0.385 -0.315 0.008324788439 2
0 0.385 -0.305 0.01067287144 2
0 0.385 -0.295 0.01272928599 2
0 0.385 -0.285 0.01447000107 2
0 0.385 -0.275 0.0158749073 2
0 0.385 -0.265 0.01692809938 2
0 0.385 -0.255 0.01761824095 2
0 0.385 -0.245 0.01793891305 2
0 0.385 -0.235 0.01788892423 2
0 0.385 -0.225 0.0174725323 2
0 0.385 -0.215 0.01669956681 2
0 0.385 -0.205 0.01558543404 2
0 0.385 -0.195 0.01415099695 2
0 0.385 -0.185 0.01242232386 2
0 0.385 -0.175 0.01043030593 2
0 0.385 -0.165 0.00821014973 2
0 0.385 -0.155 0.005800759044 2
0 0.385 -0.145 0.003244027385 2
0 0.385 -0.135 0.0005840676487 2
0 0.385 -0.125 -0.002133592094 2
0 0.385 -0.115 -0.004862819191 2
0 0.385 -0.105 -0.007557670105 2
0 0.385 -0.095 -0.01017315004 2
0 0.385 -0.085 -0.01266592787 2
0 0.385 -0.075 -0.01499500099 2
0 0.385 -0.065 -0.01712230818 2
0 0.385 -0.055 -0.01901328958 2
0 0.385 -0.045 -0.02063739245 2
0 0.385 -0.035 -0.02196851965 2
0 0.385 -0.025 -0.02298541619 2
0 0.385 -0.015 -0.02367198834 2
0 0.385 -0.005 -0.02401754947 2
0 0.385 0.005 -0.02401698763 2
0 0.385 0.015 -0.02367085162 2
0 0.385 0.025 -0.02298535403 2
0 0.385 0.035 -0.02197229259 2
0 0.385 0.045 -0.02064889332 2
0 0.385 0.055 -0.01903758198 2
0 0.385 0.065 -0.01716569278 2
0 0.385 0.075 -0.01506512667 2
0 0.385 0.085 -0.0127719729 2
0 0.385 0.095 -0.01032611082 2
0 0.385 0.105 -0.00777080567 2
0 0.385 0.115 -0.005152300755 2
0 0.385 0.125 -0.002519407199 2
0 0.385 0.135 7.704545038e-05 2
0 0.385 0.145 0.002584954997 2
0 0.385 0.155 0.004952409495 2
0 0.385 0.165 0.007129864063 2
0 0.385 0.175 0.009074015782 2
0 0.385 0.185 0.0107524543 2
0 0.385 0.195 0.01214732629 2
0 0.385 0.205 0.01325664605 2
0 0.385 0.215 0.01408889431 2
0 0.385 0.225 0.0146605619 2
0 0.385 0.235 0.01498178433 2
0 0.385 0.245 0.01505573657 2
0 0.385 0.255 0.01487035046 2
0 0.385 0.265 0.01440814734 2
0 0.385 0.275 0.01364473729 2
0 0.385 0.285 0.01256541666 2
0 0.385 0.295 0.01116149148 2
0 0.385 0.305 0.009438550391 2
0 0.385 0.315 0.007412943456 2
0 0.385 0.325 0.005110863312 2
0 0.385 0.335 0.002565629853 2
0 0.385 0.345 -0.0001841271037 2
0 0.385 0.355 -0.003095724443 2
0 0.385 0.365 -0.006124086368 2
0 0.385 0.375 -0.009222896913 2
0 0.385 0.385 -0.01234586292 2
0 0.385 0.395 -0.01544738895 2
0 0.385 0.405 -0.01848408769 2
0 0.385 0.415 -0.02141345011 2
0 0.385 0.425 -0.02420081426 2
0 0.385 0.435 -0.02680052816 2
0 0.385 0.445 -0.02921625728 2
0 0.385 0.455 -0.03131753485 2
0 0.385 0.465 -0.03340571486 2
0 0.385 0.475 -0.03447646561 2
0 0.385 0.485 -0.03755446774 2
0 0.385 0.495 -0.03334479072 2
0 0.385 0.505 -0.0221412154 2
0 0.385 0.515 -0.008702149598 2
0 0.385 0.525 0 2
0 0.385 0.535 0 2
0 0.385 0.545 0 2
0 0.385 0.555 0 2
0 0.385 0.565 0 2
0 0.395 -0.555 0 1
0 0.395 -0.545 0 1
0 0.395 -0.535 0 1
0 0.395 -0.525 0 1
0 0.395 -0.515 -0.006441241418 1
0 0.395 -0.505 -0.01723334048 1
0 0.395 -0.495 -0.02809396198 1
0 0.395 -0.485 -0.03459634559 2
0 0.395 -0.475 -0.0353055836 2
0 0.395 -0.465 -0.035600192 2
0 0.395 -0.455 -0.0338310348 2
0 0.395 -0.445 -0.03153027961 2
0 0.395 -0.435 -0.02887829491 2
0 0.395 -0.425 -0.02608285557 2
0 0.395 -0.415 -0.02308219219 2
0 0.395 -0.405 -0.01992694794 2
0 0.395 -0.395 -0.01664439125 2
0 0.395 -0.385 -0.013282544 2
0 0.395 -0.375 -0.009891850158 2
0 0.395 -0.365 -0.006525608019 2
0 0.395 -0.355 -0.003235462023 2
0 0.395 -0.345 -6.883425783e-05 2
0 0.395 -0.335 0.002932019034 2
0 0.395 -0.325 0.005730149554 2
0 0.395 -0.315 0.008293396183 2
0 0.395 -0.305 0.01059341674 2
0 0.395 -0.295 0.01260521897 2
0 0.395 -0.285 0.01430681709 2
0 0.395 -0.275 0.01567943599 2
0 0.395 -0.265 0.01670787004 2
0 0.395 -0.255 0.01738099553 2
0 0.395 -0.245 0.01769222093 2
0 0.395 -0.235 0.01763991588 2
0 0.395 -0.225 0.01722773155 2
0 0.395 -0.215 0.01646481085 2
0 0.395 -0.205 0.01536586642 2
0 0.395 -0.195 0.01395111951 2
0 0.395 -0.185 0.01224608753 2
0 0.395 -0.175 0.01028121745 2
0 0.395 -0.165 0.008091369637 2
0 0.395 -0.155 0.005715168984 2
0 0.395 -0.145 0.003194251647 2
0 0.395 -0.135 0.0005724434378 2
0 0.395 -0.125 -0.002105090363 2
0 0.395 -0.115 -0.004792687491 2
0 0.395 -0.105 -0.007444994681 2
0 0.395 -0.095 -0.01001771915 2
0 0.395 -0.085 -0.01246831827 2
0 0.395 -0.075 -0.01475662801 2
0 0.395 -0.065 -0.01684543512 2
0 0.395 -0.055 -0.01870099815 2
0 0.395 -0.045 -0.02029351985 2
0 0.395 -0.035 -0.02159756952 2
0 0.395 -0.025 -0.02259245067 2
0 0.395 -0.015 -0.02326250705 2
0 0.395 -0.005 -0.0235973597 2
0 0.395 0.005 -0.02359206875 2
0 0.395 0.015 -0.02324721552 2
0 0.395 0.025 -0.02256890326 2
0 0.395 0.035 -0.02156867776 2
0 0.395 0.045 -0.02026337179 2
0 0.395 0.055 -0.01867488107 2
0 0.395 0.065 -0.0168298823 2
0 0.395 0.075 -0.01475950879 2
0 0.395 0.085 -0.01249900171 2
0 0.395 0.095 -0.01008736596 2
0 0.395 0.105 -0.007567053392 2
0 0.395 0.115 -0.004983715464 2
0 0.395 0.125 -0.002386052908 2
0 0.395 0.135 0.0001743522715 2
0 0.395 0.145 0.002643037622 2
0 0.395 0.155 0.004963830292 2
0 0.395 0.165 0.007080333762 2
0 0.395 0.175 0.008942270382 2
0 0.395 0.185 0.0105128793 2
0 0.395 0.195 0.01177681111 2
0 0.395 0.205 0.01274499938 2
0 0.395 0.215 0.01344459698 2
0 0.395 0.225 0.01391879807 2
0 0.395 0.235 0.01419121868 2
0 0.395 0.245 0.01427411801 2
0 0.395 0.255 0.01414639643 2
0 0.395 0.265 0.01378063077 2
0 0.395 0.275 0.01312799392 2
0 0.395 0.285 0.01216375111 2
0 0.395 0.295 0.0108667408 2
0 0.395 0.305 0.009240274466 2
0 0.395 0.315 0.007299536172 2
0 0.395 0.325 0.005072183179 2
0 0.395 0.335 0.002593737085 2
0 0.395 0.345 -9.536771375e-05 2
0 0.395 0.355 -0.00295042939 2
0 0.395 0.365 -0.005925093981 2
0 0.395 0.375 -0.008972094886 2
0 0.395 0.385 -0.01204463797 2
0 0.395 0.395 -0.01509693955 2
0 0.395 0.405 -0.01808567499 2
0 0.395 0.415 -0.02096859751 2
0 0.395 0.425 -0.02371131639 2
0 0.395 0.435 -0.0262687803 2
0 0.395 0.445 -0.02864437168 2
0 0.395 0.455 -0.03071001669 2
0 0.395 0.465 -0.03276104723 2
0 0.395 0.475 -0.03381270079 2
0 0.395 0.485 -0.03683030047 2
0 0.395 0.495 -0.03270103096 2
0 0.395 0.505 -0.02171258354 2
0 0.395 0.515 -0.008533790968 2
0 0.395 0.525 0 2
0 0.395 0.535 0 2
0 0.395 0.545 0 2
0 0.395 0.555 0 2
0 0.395 0.565 0 2
0 0.405 -0.555 0 1
0 0.405 -0.545 0 1
0 0.405 -0.535 0 1
0 0.405 -0.525 0 1
0 0.405 -0.515 -0.006046370657 1
0 0.405 -0.505 -0.01617532329 1
0 0.405 -0.495 -0.02651027308 1
0 0.405 -0.485 -0.03308553558 2
0 0.405 -0.475 -0.03430839043 2
0 0.405 -0.465 -0.03513820451 2
0 0.405 -0.455 -0.03362222602 2
0 0.405 -0.445 -0.03133087635 2
0 0.405 -0.435 -0.02863551829 2
0 0.405 -0.425 -0.02585171857 2
0 0.405 -0.415 -0.02285952537 2
0 0.405 -0.405 -0.01970883203 2
0 0.405 -0.395 -0.01642349578 2
0 0.405 -0.385 -0.01305592961 2
0 0.405 -0.375 -0.009663633322 2
0 0.405 -0.365 -0.006305928516 2
0 0.405 -0.355 -0.003038854763 2
0 0.405 -0.345 8.98331066e-05 2
0 0.405 -0.335 0.003040424998 2
0 0.405 -0.325 0.005780433418 2
0 0.405 -0.315 0.00828294038 2
0 0.405 -0.305 0.01052403188 2
0 0.405 -0.295 0.0124821155 2
0 0.405 -0.285 0.01413739107 2
0 0.405 -0.275 0.01547247375 2
0 0.405 -0.265 0.01647266515 2
0 0.405 -0.255 0.01712678778 2
0 0.405 -0.245 0.01742778676 2
0 0.405 -0.235 0.01737330498 2
0 0.405 -0.225 0.01696611225 2
0 0.405 -0.215 0.01621441844 2
0 0.405 -0.205 0.01513203771 2
0 0.405 -0.195 0.01373840331 2
0 0.405 -0.185 0.01205840677 2
0 0.405 -0.175 0.01012205155 2
0 0.405 -0.165 0.007963920398 2
0 0.405 -0.155 0.005622475099 2
0 0.405 -0.145 0.003139228274 2
0 0.405 -0.135 0.0005578382031 2
0 0.405 -0.125 -0.002076814923 2
0 0.405 -0.115 -0.004719520864 2
0 0.405 -0.105 -0.007325562051 2
0 0.405 -0.095 -0.009851449042 2
0 0.405 -0.085 -0.01225556875 2
0 0.405 -0.075 -0.01449875657 2
0 0.405 -0.065 -0.01654480958 2
0 0.405 -0.055 -0.01836095461 2
0 0.405 -0.045 -0.01991827895 2
0 0.405 -0.035 -0.02119212324 2
0 0.405 -0.025 -0.02216243028 2
0 0.405 -0.015 -0.02281403968 2
0 0.405 -0.005 -0.02313691818 2
0 0.405 0.005 -0.02312631684 2
0 0.405 0.015 -0.02278284942 2
0 0.405 0.025 -0.02211248962 2
0 0.405 0.035 -0.02112648839 2
0 0.405 0.045 -0.01984121586 2
0 0.405 0.055 -0.01827793606 2
0 0.405 0.065 -0.016462526 2
0 0.405 0.075 -0.01442515736 2
0 0.405 0.085 -0.01219996115 2
0 0.405 0.095 -0.009824718265 2
0 0.405 0.105 -0.007340600045 2
0 0.405 0.115 -0.004792074591 2
0 0.405 0.125 -0.002226978484 2
0 0.405 0.135 0.0003030956535 2
0 0.405 0.145 0.002741738865 2
0 0.405 0.155 0.005028250868 2
0 0.405 0.165 0.007096411788 2
0 0.405 0.175 0.008880954694 2
0 0.405 0.185 0.01032065059 2
0 0.405 0.195 0.01139091076 2
0 0.405 0.205 0.01212640172 2
0 0.405 0.215 0.01258701126 2
0 0.405 0.225 0.01288943585 2
0 0.405 0.235 0.01308618944 2
0 0.405 0.245 0.01321544862 2
0 0.405 0.255 0.01321870134 2
0 0.405 0.265 0.01304447383 2
0 0.405 0.275 0.01257468789 2
0 0.405 0.285 0.0117769409 2
0 0.405 0.295 0.01060740416 2
0 0.405 0.305 0.009083413298 2
0 0.405 0.315 0.007233185381 2
0 0.405 0.325 0.005083629962 2
0 0.405 0.335 0.002673503025 2
0 0.405 0.345 4.539990285e-05 2
0 0.405 0.355 -0.002752673739 2
0 0.405 0.365 -0.005672686848 2
0 0.405 0.375 -0.008666148411 2
0 0.405 0.385 -0.0116857559 2
0 0.405 0.395 -0.01468561228 2
0 0.405 0.405 -0.01762258664 2
0 0.405 0.415 -0.02045485641 2
0 0.405 0.425 -0.02314845426 2
0 0.405 0.435 -0.02565911167 2
0 0.405 0.445 -0.02798996846 2
0 0.405 0.455 -0.03001574417 2
0 0.405 0.465 -0.03202494651 2
0 0.405 0.475 -0.03305517845 2
0 0.405 0.485 -0.03600403879 2
0 0.405 0.495 -0.03196658169 2
0 0.405 0.505 -0.02122355208 2
0 0.405 0.515 -0.008341720106 2
0 0.405 0.525 0 2
0 0.405 0.535 0 2
0 0.405 0.545 0 2
0 0.405 0.555 0 2
0 0.405 0.565 0 2
0 0.415 -0.555 0 1
0 0.415 -0.545 0 1
0 0.415 -0.535 0 1
0 0.415 -0.525 0 1
0 0.415 -0.515 -0.005836497785 1
0 0.415 -0.505 -0.01548377729 1
0 0.415 -0.495 -0.02513328367 1
0 0.415 -0.485 -0.03156101845 1
0 0.415 -0.475 -0.03311143129 2
0 0.415 -0.465 -0.03446480066 2
0 0.415 -0.455 -0.03324004503 2
0 0.415 -0.445 -0.03098588479 2
0 0.415 -0.435 -0.02829797331 2
0 0.415 -0.425 -0.02555850868 2
0 0.415 -0.415 -0.02259456236 2
0 0.415 -0.405 -0.01945348141 2
0 0.415 -0.395 -0.01616019996 2
0 0.415 -0.385 -0.01277543617 2
0 0.415 -0.375 -0.009370251629 2
0 0.415 -0.365 -0.006013406409 2
0 0.415 -0.355 -0.002768994106 2
0 0.415 -0.345 0.0003149941526 2
0 0.415 -0.335 0.003203225758 2
0 0.415 -0.325 0.005869869269 2
0 0.415 -0.315 0.008296015646 2
0 0.415 -0.305 0.01046445314 2
0 0.415 -0.295 0.0123581558 2
0 0.415 -0.285 0.0139593037 2
0 0.415 -0.275 0.01525160095 2
0 0.415 -0.265 0.0162205049 2
0 0.415 -0.255 0.01685434606 2
0 0.415 -0.245 0.01714517278 2
0 0.415 -0.235 0.01708951068 2
0 0.415 -0.225 0.0166888775 2
0 0.415 -0.215 0.0159502158 2
0 0.415 -0.205 0.01488616014 2
0 0.415 -0.195 0.01351515737 2
0 0.415 -0.185 0.01186138223 2
0 0.415 -0.175 0.009954423021 2
0 0.415 -0.165 0.007828723028 2
0 0.415 -0.155 0.005522795777 2
0 0.415 -0.145 0.003078273907 2
0 0.415 -0.135 0.0005388660919 2
0 0.415 -0.125 -0.002050685213 2
0 0.415 -0.115 -0.004645571788 2
0 0.415 -0.105 -0.007201762679 2
0 0.415 -0.095 -0.00967670647 2
0 0.415 -0.085 -0.01202990873 2
0 0.415 -0.075 -0.01422341455 2
0 0.415 -0.065 -0.01622223527 2
0 0.415 -0.055 -0.0179947449 2
0 0.415 -0.045 -0.01951306116 2
0 0.415 -0.035 -0.02075340826 2
0 0.415 -0.025 -0.02169645083 2
0 0.415 -0.015 -0.02232758236 2
0 0.415 -0.005 -0.02263715323 2
0 0.415 0.005 -0.02262062585 2
0 0.415 0.015 -0.02227864991 2
0 0.415 0.025 -0.02161705482 2
0 0.415 0.035 -0.02064676086 2
0 0.415 0.045 -0.01938361384 2
0 0.415 0.055 -0.01784815196 2
0 0.415 0.065 -0.01606531595 2
0 0.415 0.075 -0.01406412218 2
0 0.415 0.085 -0.01187731746 2
0 0.415 0.095 -0.009541071295 2
0 0.415 0.105 -0.007094715045 2
0 0.415 0.115 -0.004580749836 2
0 0.415 0.125 -0.002044963595 2
0 0.415 0.135 0.0004624620415 2
0 0.415 0.145 0.002885368581 2
0 0.415 0.155 0.005159720606 2
0 0.415 0.165 0.007202585504 2
0 0.415 0.175 0.008932327435 2
0 0.415 0.185 0.01024648629 2
0 0.415 0.195 0.01111784363 2
0 0.415 0.205 0.01159108949 2
0 0.415 0.215 0.01177621277 2
0 0.415 0.225 0.01191052979 2
0 0.415 0.235 0.01203795988 2
0 0.415 0.245 0.01218998561 2
0 0.415 0.255 0.01228241671 2
0 0.415 0.265 0.01230231374 2
0 0.415 0.275 0.01200679593 2
0 0.415 0.285 0.01139882098 2
0 0.415 0.295 0.01038125499 2
0 0.415 0.305 0.008981202874 2
0 0.415 0.315 0.007233641939 2
0 0.415 0.325 0.005158995613 2
0 0.415 0.335 0.002813883892 2
0 0.415 0.345 0.0002437534501 2
0 0.415 0.355 -0.00249934072 2
0 0.415 0.365 -0.005365661744 2
0 0.415 0.375 -0.008305304028 2
0 0.415 0.385 -0.01127046461 2
0 0.415 0.395 -0.01421533716 2
0 0.415 0.405 -0.01709721323 2
0 0.415 0.415 -0.01987492676 2
0 0.415 0.425 -0.02251514349 2
0 0.415 0.435 -0.02497459793 2
0 0.415 0.445 -0.02725625816 2
0 0.415 0.455 -0.02923804341 2
0 0.415 0.465 -0.03120088093 2
0 0.415 0.475 -0.03220743483 2
0 0.415 0.485 -0.03507954744 2
0 0.415 0.495 -0.03114488742 2
0 0.415 0.505 -0.0206764299 2
0 0.415 0.515 -0.008126843466 2
0 0.415 0.525 0 2
0 0.415 0.535 0 2
0 0.415 0.545 0 2
0 0.415 0.555 0 2
0 0.415 0.565 0 2
0 0.425 -0.555 0 1
0 0.425 -0.545 0 1
0 0.425 -0.535 0 1
0 0.425 -0.525 0 1
0 0.425 -0.515 -0.00575747992 1
0 0.425 -0.505 -0.01514780376 1
0 0.425 -0.495 -0.02435248697 1
0 0.425 -0.485 -0.03045042373 1
0 0.425 -0.475 -0.03190232241 2
0 0.425 -0.465 -0.03341999506 2
0 0.425 -0.455 -0.03246505027 2
0 0.425 -0.445 -0.03041619005 2
0 0.425 -0.435 -0.02788087114 2
0 0.425 -0.425 -0.02526342611 2
0 0.425 -0.415 -0.02236818014 2
0 0.425 -0.405 -0.01923208729 2
0 0.425 -0.395 -0.01589678543 2
0 0.425 -0.385 -0.01244487752 2
0 0.425 -0.375 -0.008983811713 2
0 0.425 -0.365 -0.005601373882 2
0 0.425 -0.355 -0.002380004502 2
0 0.425 -0.345 0.0006400040049 2
0 0.425 -0.335 0.003436491394 2
0 0.425 -0.325 0.006002020209 2
0 0.425 -0.315 0.008333367936 2
0 0.425 -0.305 0.01041253004 2
0 0.425 -0.295 0.01222939623 2
0 0.425 -0.285 0.01376825254 2
0 0.425 -0.275 0.01501305561 2
0 0.425 -0.265 0.01594854744 2
0 0.425 -0.255 0.01656197536 2
0 0.425 -0.245 0.01684391231 2
0 0.425 -0.235 0.01678928375 2
0 0.425 -0.225 0.01639788317 2
0 0.425 -0.215 0.01567494134 2
0 0.425 -0.205 0.01463152275 2
0 0.425 -0.195 0.01328480568 2
0 0.425 -0.185 0.01165812483 2
0 0.425 -0.175 0.009780718107 2
0 0.425 -0.165 0.007687134421 2
0 0.425 -0.155 0.005416310369 2
0 0.425 -0.145 0.003010416049 2
0 0.425 -0.135 0.000513579981 2
0 0.425 -0.125 -0.00202934592 2
0 0.425 -0.115 -0.004573871185 2
0 0.425 -0.105 -0.007076728497 2
0 0.425 -0.095 -0.009496505612 2
0 0.425 -0.085 -0.01179409877 2
0 0.425 -0.075 -0.01393304974 2
0 0.425 -0.065 -0.01587984558 2
0 0.425 -0.055 -0.01760422069 2
0 0.425 -0.045 -0.01907948337 2
0 0.425 -0.035 -0.02028285464 2
0 0.425 -0.025 -0.02119579832 2
0 0.425 -0.015 -0.02180431398 2
0 0.425 -0.005 -0.02209917035 2
0 0.425 0.005 -0.02207606255 2
0 0.425 0.015 -0.02173568476 2
0 0.425 0.025 -0.02108371613 2
0 0.425 0.035 -0.02013072224 2
0 0.425 0.045 -0.01889197763 2
0 0.425 0.055 -0.01738721791 2
0 0.425 0.065 -0.0156403312 2
0 0.425 0.075 -0.0136790072 2
0 0.425 0.085 -0.01153435617 2
0 0.425 0.095 -0.009240561553 2
0 0.425 0.105 -0.006834539881 2
0 0.425 0.115 -0.00435595063 2
0 0.425 0.125 -0.00184706005 2
0 0.425 0.135 0.0006454199139 2
0 0.425 0.145 0.00307005413 2
0 0.425 0.155 0.005362747913 2
0 0.425 0.165 0.007434754161 2
0 0.425 0.175 0.009193465612 2
0 0.425 0.185 0.0104709889 2
0 0.425 0.195 0.01123436163 2
0 0.425 0.205 0.01143655046 2
0 0.425 0.215 0.01136906656 2
0 0.425 0.225 0.01131414584 2
0 0.425 0.235 0.01137279389 2
0 0.425 0.245 0.01157444639 2
0 0.425 0.255 0.01172826138 2
0 0.425 0.265 0.01184329897 2
0 0.425 0.275 0.01164669963 2
0 0.425 0.285 0.01117299073 2
0 0.425 0.295 0.01027085988 2
0 0.425 0.305 0.008972494712 2
0 0.425 0.315 0.007324574937 2
0 0.425 0.325 0.005314972642 2
0 0.425 0.335 0.003026731644 2
0 0.425 0.345 0.0005058444575 2
0 0.425 0.355 -0.002188191773 2
0 0.425 0.365 -0.005004117817 2
0 0.425 0.375 -0.007891120039 2
0 0.425 0.385 -0.01080124032 2
0 0.425 0.395 -0.01368914013 2
0 0.425 0.405 -0.01651290653 2
0 0.425 0.415 -0.01923234709 2
0 0.425 0.425 -0.02181503655 2
0 0.425 0.435 -0.02421897289 2
0 0.425 0.445 -0.02644705258 2
0 0.425 0.455 -0.02838080243 2
0 0.425 0.465 -0.0302928615 2
0 0.425 0.475 -0.03127353237 2
0 0.425 0.485 -0.0340612544 2
0 0.425 0.495 -0.03023988963 2
0 0.425 0.505 -0.02007386228 2
0 0.425 0.515 -0.007890197687 2
0 0.425 0.525 0 2
0 0.425 0.535 0 2
0 0.425 0.545 0 2
0 0.425 0.555 0 2
0 0.425 0.565 0 2
0 0.435 -0.555 0 1
0 0.435 -0.545 0 1
0 0.435 -0.535 0 1
0 0.435 -0.525 0 1
0 0.435 -0.515 -0.005868183221 1
0 0.435 -0.505 -0.01528288961 1
0 0.435 -0.495 -0.02419974656 1
0 0.435 -0.485 -0.0297533518 1
0 0.435 -0.475 -0.03084451826 2
0 0.435 -0.465 -0.03228534559 2
0 0.435 -0.455 -0.03145907672 2
0 0.435 -0.445 -0.02968073387 2
0 0.435 -0.435 -0.02737779521 2
0 0.435 -0.425 -0.02491530094 2
0 0.435 -0.415 -0.02208907138 2
0 0.435 -0.405 -0.01893650895 2
0 0.435 -0.395 -0.01555237433 2
0 0.435 -0.385 -0.0120408126 2
0 0.435 -0.375 -0.008521279593 2
0 0.435 -0.365 -0.005095862866 2
0 0.435 -0.355 -0.001884320071 2
0 0.435 -0.345 0.001072348714 2
0 0.435 -0.335 0.003755130854 2
0 0.435 -0.325 0.006182369427 2
0 0.435 -0.315 0.008388425132 2
0 0.435 -0.305 0.01036112807 2
0 0.435 -0.295 0.01208835905 2
0 0.435 -0.285 0.01355730428 2
0 0.435 -0.275 0.01475134392 2
0 0.435 -0.265 0.01565289003 2
0 0.435 -0.255 0.0162474597 2
0 0.435 -0.245 0.01652350048 2
0 0.435 -0.235 0.01647380307 2
0 0.435 -0.225 0.01609586412 2
0 0.435 -0.215 0.01539260792 2
0 0.435 -0.205 0.0143729619 2
0 0.435 -0.195 0.01305240175 2
0 0.435 -0.185 0.01145322512 2
0 0.435 -0.175 0.009604427738 2
0 0.435 -0.165 0.007541080117 2
0 0.435 -0.155 0.005303171661 2
0 0.435 -0.145 0.002934117045 2
0 0.435 -0.135 0.0004790780248 2
0 0.435 -0.125 -0.002016590004 2
0 0.435 -0.115 -0.004508602165 2
0 0.435 -0.105 -0.006954606889 2
0 0.435 -0.095 -0.009314666249 2
0 0.435 -0.085 -0.01155148688 2
0 0.435 -0.075 -0.0136305141 2
0 0.435 -0.065 -0.01552004863 2
0 0.435 -0.055 -0.0171914305 2
0 0.435 -0.045 -0.01861932021 2
0 0.435 -0.035 -0.01978203403 2
0 0.435 -0.025 -0.02066189424 2
0 0.435 -0.015 -0.02124554432 2
0 0.435 -0.005 -0.021524199 2
0 0.435 0.005 -0.02149380792 2
0 0.435 0.015 -0.02115512561 2
0 0.435 0.025 -0.02051368763 2
0 0.435 0.035 -0.01957969793 2
0 0.435 0.045 -0.01836783424 2
0 0.435 0.055 -0.01689697986 2
0 0.435 0.065 -0.01518988881 2
0 0.435 0.075 -0.01327279841 2
0 0.435 0.085 -0.0111749905 2
0 0.435 0.095 -0.008928364485 2
0 0.435 0.105 -0.00656694088 2
0 0.435 0.115 -0.004126747686 2
0 0.435 0.125 -0.001645106486 2
0 0.435 0.135 0.000837026186 2
0 0.435 0.145 0.003278530273 2
0 0.435 0.155 0.005620195526 2
0 0.435 0.165 0.007798579574 2
0 0.435 0.175 0.009687653264 2
0 0.435 0.185 0.01104570973 2
0 0.435 0.195 0.01173372425 2
0 0.435 0.205 0.0116375249 2
0 0.435 0.215 0.01145286707 2
0 0.435 0.225 0.0113147675 2
0 0.435 0.235 0.01142629502 2
0 0.435 0.245 0.01165375731 2
0 0.435 0.255 0.01172411736 2
0 0.435 0.265 0.01169021335 2
0 0.435 0.275 0.01153202662 2
0 0.435 0.285 0.01114417323 2
0 0.435 0.295 0.01036063167 2
0 0.435 0.305 0.009117600372 2
0 0.435 0.315 0.007525546193 2
0 0.435 0.325 0.005556668565 2
0 0.435 0.335 0.003313602004 2
0 0.435 0.345 0.000834107995 2
0 0.435 0.355 -0.001819783401 2
0 0.435 0.365 -0.004590441385 2
0 0.435 0.375 -0.007426967055 2
0 0.435 0.385 -0.01028211831 2
0 0.435 0.395 -0.01311135033 2
0 0.435 0.405 -0.01587409185 2
0 0.435 0.415 -0.01853154415 2
0 0.435 0.425 -0.02105253239 2
0 0.435 0.435 -0.02339661427 2
0 0.435 0.445 -0.02556673674 2
0 0.435 0.455 -0.02744843518 2
0 0.435 0.465 -0.02930540008 2
0 0.435 0.475 -0.03025801405 2
0 0.435 0.485 -0.03295409749 2
0 0.435 0.495 -0.02925597758 2
0 0.435 0.505 -0.01941879685 2
0 0.435 0.515 -0.007632936252 2
0 0.435 0.525 0 2
0 0.435 0.535 0 2
0 0.435 0.545 0 2
0 0.435 0.555 0 2
0 0.435 0.565 0 2
0 0.445 -0.555 0 2
0 0.445 -0.545 0 2
0 0.445 -0.535 0 1
0 0.445 -0.525 0 1
0 0.445 -0.515 -0.006071343489 1
0 0.445 -0.505 -0.01576457969 1
0 0.445 -0.495 -0.02470282031 1
0 0.445 -0.485 -0.02975779333 2
0 0.445 -0.475 -0.03003490157 2
0 0.445 -0.465 -0.03101819763 2
0 0.445 -0.455 -0.03022478079 2
0 0.445 -0.445 -0.02879800621 2
0 0.445 -0.435 -0.02679662844 2
0 0.445 -0.425 -0.02443463413 2
0 0.445 -0.415 -0.02154628002 2
0 0.445 -0.405 -0.01828823516 2
0 0.445 -0.395 -0.01487053353 2
0 0.445 -0.385 -0.01144545505 2
0 0.445 -0.375 -0.008024720054 2
0 0.445 -0.365 -0.004628342746 2
0 0.445 -0.355 -0.001382256073 2
0 0.445 -0.345 0.001569088534 2
0 0.445 -0.335 0.004147460774 2
0 0.445 -0.325 0.006416096005 2
0 0.445 -0.315 0.008457781323 2
0 0.445 -0.305 0.0102957653 2
0 0.445 -0.295 0.01192308776 2
0 0.445 -0.285 0.01331662791 2
0 0.445 -0.275 0.01445912161 2
0 0.445 -0.265 0.01532850895 2
0 0.445 -0.255 0.0159080055 2
0 0.445 -0.245 0.01618335736 2
0 0.445 -0.235 0.01614470554 2
0 0.445 -0.225 0.01578658685 2
0 0.445 -0.215 0.01510881879 2
0 0.445 -0.205 0.01411734013 2
0 0.445 -0.195 0.01282521617 2
0 0.445 -0.185 0.01125334559 2
0 0.445 -0.175 0.009430620063 2
0 0.445 -0.165 0.007393312049 2
0 0.445 -0.155 0.005183515055 2
0 0.445 -0.145 0.002847078671 2
0 0.445 -0.135 0.0004311987684 2
0 0.445 -0.125 -0.002017666564 2
0 0.445 -0.115 -0.004455331023 2
0 0.445 -0.105 -0.006840680973 2
0 0.445 -0.095 -0.009135827707 2
0 0.445 -0.085 -0.01130594504 2
0 0.445 -0.075 -0.01331895771 2
0 0.445 -0.065 -0.01514540909 2
0 0.445 -0.055 -0.01675851026 2
0 0.445 -0.045 -0.01813441382 2
0 0.445 -0.035 -0.0192525898 2
0 0.445 -0.025 -0.02009624029 2
0 0.445 -0.015 -0.02065266506 2
0 0.445 -0.005 -0.02091354171 2
0 0.445 0.005 -0.020875098 2
0 0.445 0.015 -0.0205381759 2
0 0.445 0.025 -0.01990819175 2
0 0.445 0.035 -0.01899500329 2
0 0.445 0.045 -0.01781269306 2
0 0.445 0.055 -0.01637927652 2
0 0.445 0.065 -0.01471633788 2
0 0.445 0.075 -0.01284860151 2
0 0.445 0.085 -0.01080342428 2
0 0.445 0.095 -0.008610264138 2
0 0.445 0.105 -0.006299976431 2
0 0.445 0.115 -0.003904469973 2
0 0.445 0.125 -0.001455198309 2
0 0.445 0.135 0.001014396145 2
0 0.445 0.145 0.003477668235 2
0 0.445 0.155 0.005886199669 2
0 0.445 0.165 0.008239405382 2
0 0.445 0.175 0.01036750854 2
0 0.445 0.185 0.01198691801 2
0 0.445 0.195 0.01271203476 2
0 0.445 0.205 0.01236285362 2
0 0.445 0.215 0.0117985465 1
0 0.445 0.225 0.01141085376 1
0 0.445 0.235 0.01157903385 1
0 0.445 0.245 0.01187710064 1
0 0.445 0.255 0.01204583231 1
0 0.445 0.265 0.01204116798 2
0 0.445 0.275 0.01189085113 2
0 0.445 0.285 0.01137767371 2
0 0.445 0.295 0.01064221877 2
0 0.445 0.305 0.00948910731 2
0 0.445 0.315 0.007902213204 2
0 0.445 0.325 0.005931999032 2
0 0.445 0.335 0.003690298451 2
0 0.445 0.345 0.001228292645 2
0 0.445 0.355 -0.001397223418 2
0 0.445 0.365 -0.004129669561 2
0 0.445 0.375 -0.006918553593 2
0 0.445 0.385 -0.009719008416 2
0 0.445 0.395 -0.0124877712 2
0 0.445 0.405 -0.01518633249 2
0 0.445 0.415 -0.01777783471 2
0 0.445 0.425 -0.0202327452 2
0 0.445 0.435 -0.02251249697 2
0 0.445 0.445 -0.02462021582 2
0 0.445 0.455 -0.02644582588 2
0 0.445 0.465 -0.02824345094 2
0 0.445 0.475 -0.02916584252 2
0 0.445 0.485 -0.03176345184 2
0 0.445 0.495 -0.02819792114 2
0 0.445 0.505 -0.01871443564 2
0 0.445 0.515 -0.00735631106 2
0 0.445 0.525 0 2
0 0.445 0.535 0 2
0 0.445 0.545 0 2
0 0.445 0.555 0 2
0 0.445 0.565 0 2
0 0.455 -0.555 0 2
0 0.455 -0.545 0 2
0 0.455 -0.535 0 2
0 0.455 -0.525 0 2
0 0.455 -0.515 -0.006351243954 2
0 0.455 -0.505 -0.01647203578 2
0 0.455 -0.495 -0.025318893 2
0 0.455 -0.485 -0.02973228622 2
0 0.455 -0.475 -0.02914663234 2
0 0.455 -0.465 -0.02975031409 2
0 0.455 -0.455 -0.02899843981 2
0 0.455 -0.445 -0.02782893302 2
0 0.455 -0.435 -0.02605550531 2
0 0.455 -0.425 -0.02365225873 2
0 0.455 -0.415 -0.02054892996 2
0 0.455 -0.405 -0.01714067031 2
0 0.455 -0.395 -0.01373001498 2
0 0.455 -0.385 -0.01048291252 2
0 0.455 -0.375 -0.007319009467 2
0 0.455 -0.365 -0.004140246584 2
0 0.455 -0.355 -0.0009551656754 2
0 0.455 -0.345 0.002018464859 2
0 0.455 -0.335 0.004542825913 2
0 0.455 -0.325 0.006658592356 2
0 0.455 -0.315 0.008515340641 2
0 0.455 -0.305 0.01019223409 2
0 0.455 -0.295 0.01171598508 2
0 0.455 -0.285 0.01303351178 2
0 0.455 -0.275 0.01412733913 2
0 0.455 -0.265 0.01496932339 2
0 0.455 -0.255 0.01554019 2
0 0.455 -0.245 0.01582275312 2
0 0.455 -0.235 0.01580416394 2
0 0.455 -0.225 0.01547528361 2
0 0.455 -0.215 0.01483169896 2
0 0.455 -0.205 0.01387494935 2
0 0.455 -0.195 0.01261438955 2
0 0.455 -0.185 0.01106875121 2
0 0.455 -0.175 0.009266940613 2
0 0.455 -0.165 0.007247597911 2
0 0.455 -0.155 0.00505676252 2
0 0.455 -0.145 0.002744835704 2
0 0.455 -0.135 0.0003627534905 2
0 0.455 -0.125 -0.002041003993 2
0 0.455 -0.115 -0.004422360452 2
0 0.455 -0.105 -0.006742201623 2
0 0.455 -0.095 -0.008965786392 2
0 0.455 -0.085 -0.01106186682 2
0 0.455 -0.075 -0.01300166292 2
0 0.455 -0.065 -0.01475845301 2
0 0.455 -0.055 -0.01630752314 2
0 0.455 -0.045 -0.01762656188 2
0 0.455 -0.035 -0.01869616362 2
0 0.455 -0.025 -0.01950036944 2
0 0.455 -0.015 -0.02002710999 2
0 0.455 -0.005 -0.0202685305 2
0 0.455 0.005 -0.02022116761 2
0 0.455 0.015 -0.01988599656 2
0 0.455 0.025 -0.01926836357 2
0 0.455 0.035 -0.0183778233 2
0 0.455 0.045 -0.01722789533 2
0 0.455 0.055 -0.01583574847 2
0 0.455 0.065 -0.01422181117 2
0 0.455 0.075 -0.01240930779 2
0 0.455 0.085 -0.0104236888 2
0 0.455 0.095 -0.008291994657 2
0 0.455 0.105 -0.006041935465 2
0 0.455 0.115 -0.003701260296 2
0 0.455 0.125 -0.001295402782 2
0 0.455 0.135 0.001150375051 2
0 0.455 0.145 0.003625333822 2
0 0.455 0.155 0.00609689207 2
0 0.455 0.165 0.008652458958 2
0 0.455 0.175 0.01106782163 2
0 0.455 0.185 0.01288689256 2
0 0.455 0.195 0.01338044958 2
0 0.455 0.205 0.01269737608 1
0 0.455 0.215 0.01175462228 1
0 0.455 0.225 0.01141024435 1
0 0.455 0.235 0.01170380538 1
0 0.455 0.245 0.01205937837 1
0 0.455 0.255 0.01205872022 1
0 0.455 0.265 0.0118572995 1
0 0.455 0.275 0.01177651709 1
0 0.455 0.285 0.01158207508 2
0 0.455 0.295 0.01105788657 2
0 0.455 0.305 0.01005098589 2
0 0.455 0.315 0.008443119645 2
0 0.455 0.325 0.006412170898 2
0 0.455 0.335 0.004142476342 2
0 0.455 0.345 0.001674541117 2
0 0.455 0.355 -0.0009275299491 2
0 0.455 0.365 -0.003630121536 2
0 0.455 0.375 -0.006374455264 2
0 0.455 0.385 -0.009119931112 2
0 0.455 0.395 -0.01182574179 2
0 0.455 0.405 -0.01445629709 2
0 0.455 0.415 -0.01697734998 2
0 0.455 0.425 -0.01936141564 2
0 0.455 0.435 -0.02157210548 2
0 0.455 0.445 -0.02361283394 2
0 0.455 0.455 -0.02537825445 2
0 0.455 0.465 -0.02711233814 2
0 0.455 0.475 -0.02800232718 2
0 0.455 0.485 -0.0304950414 2
0 0.455 0.495 -0.02707078806 2
0 0.455 0.505 -0.01796417408 2
0 0.455 0.515 -0.007061649481 2
0 0.455 0.525 0 2
0 0.455 0.535 0 2
0 0.455 0.545 0 2
0 0.455 0.555 0 2
0 0.455 0.565 0 2
0 0.465 -0.555 0 2
0 0.465 -0.545 0 2
0 0.465 -0.535 0 2
0 0.465 -0.525 0 2
0 0.465 -0.515 -0.006468179942 2
0 0.465 -0.505 -0.01672649599 2
0 0.465 -0.495 -0.02547329886 2
0 0.465 -0.485 -0.02952605897 2
0 0.465 -0.475 -0.02832328964 2
0 0.465 -0.465 -0.0285604665 2
0 0.465 -0.455 -0.02781502006 2
0 0.465 -0.445 -0.02679665844 2
0 0.465 -0.435 -0.0251143666 2
0 0.465 -0.425 -0.02252539734 2
0 0.465 -0.415 -0.01912233872 2
0 0.465 -0.405 -0.01548748441 1
0 0.465 -0.395 -0.01216591 1
0 0.465 -0.385 -0.009222078829 1
0 0.465 -0.375 -0.006450672025 1
0 0.465 -0.365 -0.003617548487 2
0 0.465 -0.355 -0.0006396239619 2
0 0.465 -0.345 0.002285276894 2
0 0.465 -0.335 0.004806990345 2
0 0.465 -0.325 0.006829909644 2
0 0.465 -0.315 0.008514912212 2
0 0.465 -0.305 0.01002105271 2
0 0.465 -0.295 0.01144633877 2
0 0.465 -0.285 0.01269377967 2
0 0.465 -0.275 0.01374598625 2
0 0.465 -0.265 0.01456844794 2
0 0.465 -0.255 0.01513986194 2
0 0.465 -0.245 0.01544047061 2
0 0.465 -0.235 0.0154543962 2
0 0.465 -0.225 0.01516808253 2
0 0.465 -0.215 0.01457137054 2
0 0.465 -0.205 0.0136591828 2
0 0.465 -0.195 0.01243495876 2
0 0.465 -0.185 0.01091373809 2
0 0.465 -0.175 0.009124322837 2
0 0.465 -0.165 0.007109583522 2
0 0.465 -0.155 0.004922552192 2
0 0.465 -0.145 0.002621801165 2
0 0.465 -0.135 0.0002647460475 2
0 0.465 -0.125 -0.002096857262 2
0 0.465 -0.115 -0.004419406293 2
0 0.465 -0.105 -0.006667277132 2
0 0.465 -0.095 -0.008810663471 2
0 0.465 -0.085 -0.01082358449 2
0 0.465 -0.075 -0.01268162129 2
0 0.465 -0.065 -0.0143613535 2
0 0.465 -0.055 -0.0158402496 2
0 0.465 -0.045 -0.01709740392 2
0 0.465 -0.035 -0.01811434813 2
0 0.465 -0.025 -0.01887582978 2
0 0.465 -0.015 -0.01937034393 2
0 0.465 -0.005 -0.01959050294 2
0 0.465 0.005 -0.01953320354 2
0 0.465 0.015 -0.01919963274 2
0 0.465 0.025 -0.01859515065 2
0 0.465 0.035 -0.01772908473 2
0 0.465 0.045 -0.01661445453 2
0 0.465 0.055 -0.01526763653 2
0 0.465 0.065 -0.01370796068 2
0 0.465 0.075 -0.01195723145 2
0 0.465 0.085 -0.01003912338 2
0 0.465 0.095 -0.007978472205 2
0 0.465 0.105 -0.005800191111 2
0 0.465 0.115 -0.003528394275 2
0 0.465 0.125 -0.001183384852 2
0 0.465 0.135 0.001216535696 2
0 0.465 0.145 0.00367315112 2
0 0.465 0.155 0.006166509193 2
0 0.465 0.165 0.008841215159 2
0 0.465 0.175 0.0114242113 2
0 0.465 0.185 0.01330503811 2
0 0.465 0.195 0.01371295569 2
0 0.465 0.205 0.01288539843 1
0 0.465 0.215 0.0114931614 1
0 0.465 0.225 0.01085738147 1
0 0.465 0.235 0.01102726344 1
0 0.465 0.245 0.01144306121 1
0 0.465 0.255 0.01161655073 1
0 0.465 0.265 0.01157010476 1
0 0.465 0.275 0.01132738208 1
0 0.465 0.285 0.01130978996 1
0 0.465 0.295 0.01116452493 2
0 0.465 0.305 0.01051116684 2
0 0.465 0.315 0.009072944582 2
0 0.465 0.325 0.006983052149 2
0 0.465 0.335 0.004667835732 2
0 0.465 0.345 0.002166285018 2
0 0.465 0.355 -0.0004250829382 2
0 0.465 0.365 -0.003104921147 2
0 0.465 0.375 -0.005806764676 2
0 0.465 0.385 -0.008495176914 2
0 0.465 0.395 -0.01113405178 2
0 0.465 0.405 -0.013691598 2
0 0.465 0.415 -0.01613686271 2
0 0.465 0.425 -0.01844475507 2
0 0.465 0.435 -0.0205813029 2
0 0.465 0.445 -0.02255026663 2
0 0.465 0.455 -0.02425130708 2
0 0.465 0.465 -0.02591767464 2
0 0.465 0.475 -0.02677304581 2
0 0.465 0.485 -0.02915484095 2
0 0.465 0.495 -0.02587985147 2
0 0.465 0.505 -0.01717153038 2
0 0.465 0.515 -0.006750328298 2
0 0.465 0.525 0 2
0 0.465 0.535 0 2
0 0.465 0.545 0 2
0 0.465 0.555 0 2
0 0.465 0.565 0 2
0 0.475 -0.555 0 2
0 0.475 -0.545 0 2
0 0.475 -0.535 0 2
0 0.475 -0.525 0 2
0 0.475 -0.515 -0.006410233931 2
0 0.475 -0.505 -0.0164934228 2
0 0.475 -0.495 -0.02505881663 2
0 0.475 -0.485 -0.02885714819 2
0 0.475 -0.475 -0.02742003792 2
0 0.475 -0.465 -0.02744502321 2
0 0.475 -0.455 -0.02667724558 2
0 0.475 -0.445 -0.02565334678 2
0 0.475 -0.435 -0.0238409635 2
0 0.475 -0.425 -0.02099307542 2
0 0.475 -0.415 -0.01744649826 2
0 0.475 -0.405 -0.0137613052 1
0 0.475 -0.395 -0.01066966649 1
0 0.475 -0.385 -0.008045619013 1
0 0.475 -0.375 -0.005642806398 1
0 0.475 -0.365 -0.003178808306 1
0 0.475 -0.355 -0.0004840395378 2
0 0.475 -0.345 0.002299813488 2
0 0.475 -0.335 0.004842712032 2
0 0.475 -0.325 0.006837062704 2
0 0.475 -0.315 0.008387208488 2
0 0.475 -0.305 0.009748085852 2
0 0.475 -0.295 0.01109246479 2
0 0.475 -0.285 0.01228335026 2
0 0.475 -0.275 0.01330498622 2
0 0.475 -0.265 0.0141184556 2
0 0.475 -0.255 0.01470182943 2
0 0.475 -0.245 0.01503396405 2
0 0.475 -0.235 0.01509694883 2
0 0.475 -0.225 0.01487278031 2
0 0.475 -0.215 0.0143436779 2
0 0.475 -0.205 0.01349378405 2
0 0.475 -0.195 0.0123155431 2
0 0.475 -0.185 0.01081600542 2
0 0.475 -0.175 0.009022771222 2
0 0.475 -0.165 0.006986738206 2
0 0.475 -0.155 0.004774209357 2
0 0.475 -0.145 0.002459946064 2
0 0.475 -0.135 0.0001132167738 2
0 0.475 -0.125 -0.002209053459 2
0 0.475 -0.115 -0.00446563856 2
0 0.475 -0.105 -0.006628828007 2
0 0.475 -0.095 -0.008677798498 2
0 0.475 -0.085 -0.0105948411 2
0 0.475 -0.075 -0.01236082967 2
0 0.475 -0.065 -0.01395550324 2
0 0.475 -0.055 -0.01535793897 2
0 0.475 -0.045 -0.0165483025 2
0 0.475 -0.035 -0.0175086622 2
0 0.475 -0.025 -0.01822420294 2
0 0.475 -0.015 -0.01868388087 2
0 0.475 -0.005 -0.01888079572 2
0 0.475 0.005 -0.01881230377 2
0 0.475 0.015 -0.01847993846 2
0 0.475 0.025 -0.01788920719 2
0 0.475 0.035 -0.01704932347 2
0 0.475 0.045 -0.01597289656 2
0 0.475 0.055 -0.0146755868 2
0 0.475 0.065 -0.01317570816 2
0 0.475 0.075 -0.01149376684 2
0 0.475 0.085 -0.009651867286 2
0 0.475 0.095 -0.007673001189 2
0 0.475 0.105 -0.005579907723 2
0 0.475 0.115 -0.003394034876 2
0 0.475 0.125 -0.001132102508 2
0 0.475 0.135 0.001192415444 2
0 0.475 0.145 0.003588794685 2
0 0.475 0.155 0.006045061811 2
0 0.475 0.165 0.008728472051 2
0 0.475 0.175 0.01135464954 2
0 0.475 0.185 0.01321729799 2
0 0.475 0.195 0.01361689637 2
0 0.475 0.205 0.0125766521 1
0 0.475 0.215 0.0110816279 1
0 0.475 0.225 0.01014671375 1
0 0.475 0.235 0.01009985198 1
0 0.475 0.245 0.01045489399 1
0 0.475 0.255 0.01067016469 1
0 0.475 0.265 0.01071047399 1
0 0.475 0.275 0.01051665001 1
0 0.475 0.285 0.01058503586 1
0 0.475 0.295 0.0107829081 1
0 0.475 0.305 0.01059079978 2
0 0.475 0.315 0.009673386478 2
0 0.475 0.325 0.007690235232 2
0 0.475 0.335 0.005279844903 2
0 0.475 0.345 0.002700495403 2
0 0.475 0.355 8.994887902e-05 2
0 0.475 0.365 -0.002572035742 2
0 0.475 0.375 -0.00523060523 2
0 0.475 0.385 -0.00785683631 2
0 0.475 0.395 -0.01042249309 2
0 0.475 0.405 -0.01290041611 2
0 0.475 0.415 -0.0152634881 2
0 0.475 0.425 -0.01748921503 2
0 0.475 0.435 -0.01954615777 2
0 0.475 0.445 -0.02143839258 2
0 0.475 0.455 -0.02307078046 2
0 0.475 0.465 -0.02466528335 2
0 0.475 0.475 -0.02548377195 2
0 0.475 0.485 -0.02774897956 2
0 0.475 0.495 -0.02463049663 2
0 0.475 0.505 -0.01634007051 2
0 0.475 0.515 -0.00642374685 2
0 0.475 0.525 0 2
0 0.475 0.535 0 2
0 0.475 0.545 0 2
0 0.475 0.555 0 2
0 0.475 0.565 0 2
0 0.485 -0.555 0 2
0 0.485 -0.545 0 2
0 0.485 -0.535 0 2
0 0.485 -0.525 0 2
0 0.485 -0.515 -0.006082829916 2
0 0.485 -0.505 -0.01566800133 2
0 0.485 -0.495 -0.0240399982 2
0 0.485 -0.485 -0.02777815043 2
0 0.485 -0.475 -0.02650535191 2
0 0.485 -0.465 -0.02640723532 2
0 0.485 -0.455 -0.02555725334 2
0 0.485 -0.445 -0.02441672642 2
0 0.485 -0.435 -0.02237221417 2
0 0.485 -0.425 -0.01924902507 2
0 0.485 -0.415 -0.01556406973 1
0 0.485 -0.405 -0.01204368309 1
0 0.485 -0.395 -0.00935470365 1
0 0.485 -0.385 -0.007173263097 1
0 0.485 -0.375 -0.005154134772 1
0 0.485 -0.365 -0.003015800707 1
0 0.485 -0.355 -0.0005637548749 1
0 0.485 -0.345 0.0020448616 2
0 0.485 -0.335 0.004597481054 2
0 0.485 -0.325 0.006610781968 2
0 0.485 -0.315 0.008085023784 2
0 0.485 -0.305 0.009349172353 2
0 0.485 -0.295 0.01063828965 2
0 0.485 -0.285 0.01179110101 2
0 0.485 -0.275 0.01279553885 2
0 0.485 -0.265 0.01361173274 2
0 0.485 -0.255 0.01421929841 2
0 0.485 -0.245 0.0145982141 2
0 0.485 -0.235 0.0147308763 2
0 0.485 -0.225 0.01459489813 2
0 0.485 -0.215 0.01416158727 2
0 0.485 -0.205 0.0133985314 2
0 0.485 -0.195 0.01228073774 2
0 0.485 -0.185 0.01080065523 2
0 0.485 -0.175 0.008982859702 2
0 0.485 -0.165 0.006891797705 2
0 0.485 -0.155 0.004614948042 2
0 0.485 -0.145 0.002254940361 2
0 0.485 -0.135 -0.000100611124 2
0 0.485 -0.125 -0.002387831401 2
0 0.485 -0.115 -0.004570353817 2
0 0.485 -0.105 -0.006634310884 2
0 0.485 -0.095 -0.008571811212 2
0 0.485 -0.085 -0.0103773682 2
0 0.485 -0.075 -0.01203940068 2
0 0.485 -0.065 -0.01354092473 2
0 0.485 -0.055 -0.0148611968 2
0 0.485 -0.045 -0.01598043611 2
0 0.485 -0.035 -0.01688072032 2
0 0.485 -0.025 -0.01754727692 2
0 0.485 -0.015 -0.01796940586 2
0 0.485 -0.005 -0.01814079069 2
0 0.485 0.005 -0.01805945126 2
0 0.485 0.015 -0.01772749545 2
0 0.485 0.025 -0.01715077694 2
0 0.485 0.035 -0.01633854573 2
0 0.485 0.045 -0.01530310557 2
0 0.485 0.055 -0.01405947941 2
0 0.485 0.065 -0.01262504459 2
0 0.485 0.075 -0.01101913105 2
0 0.485 0.085 -0.009262490098 2
0 0.485 0.095 -0.007376698457 2
0 0.485 0.105 -0.005383090721 2
0 0.485 0.115 -0.003301687876 2
0 0.485 0.125 -0.001148030098 2
0 0.485 0.135 0.001065729102 2
0 0.485 0.145 0.003348776076 2
0 0.485 0.155 0.00568976219 2
0 0.485 0.165 0.008218098291 2
0 0.485 0.175 0.01068823792 2
0 0.485 0.185 0.01249364538 2
0 0.485 0.195 0.01309287521 2
0 0.485 0.205 0.01219183493 2
0 0.485 0.215 0.01079047435 1
0 0.485 0.225 0.00948348182 1
0 0.485 0.235 0.009048163117 1
0 0.485 0.245 0.00928663577 1
0 0.485 0.255 0.009547145576 1
0 0.485 0.265 0.009627153495 1
0 0.485 0.275 0.009483779461 1
0 0.485 0.285 0.009581309339 1
0 0.485 0.295 0.01012079809 1
0 0.485 0.305 0.01040089581 2
0 0.485 0.315 0.009975409096 2
0 0.485 0.325 0.008289550075 2
0 0.485 0.335 0.005867633 2
0 0.485 0.345 0.003225288282 2
0 0.485 0.355 0.0005774616387 2
0 0.485 0.365 -0.002058092674 2
0 0.485 0.375 -0.004664299474 2
0 0.485 0.385 -0.00721821733 2
0 0.485 0.395 -0.009701221849 2
0 0.485 0.405 -0.01209097688 2
0 0.485 0.415 -0.014364289 2
0 0.485 0.425 -0.01650120102 2
0 0.485 0.435 -0.01847274354 2
0 0.485 0.445 -0.02028315873 2
0 0.485 0.455 -0.02184259478 2
0 0.485 0.465 -0.02336113645 2
0 0.485 0.475 -0.02414042488 2
0 0.485 0.485 -0.026283662 2
0 0.485 0.495 -0.02332814141 2
0 0.485 0.505 -0.0154733367 2
0 0.485 0.515 -0.006083302903 2
0 0.485 0.525 0 2
0 0.485 0.535 0 2
0 0.485 0.545 0 2
0 0.485 0.555 0 2
0 0.485 0.565 0 2
0 0.495 -0.555 0 2
0 0.495 -0.545 0 2
0 0.495 -0.535 0 2
0 0.495 -0.525 0 2
0 0.495 -0.515 -0.005502061029 2
0 0.495 -0.505 -0.01425736331 2
0 0.495 -0.495 -0.02230606357 2
0 0.495 -0.485 -0.02616013233 2
0 0.495 -0.475 -0.02542380829 2
0 0.495 -0.465 -0.02529254534 2
0 0.495 -0.455 -0.02432816884 2
0 0.495 -0.445 -0.02298282876 2
0 0.495 -0.435 -0.02070904011 2
0 0.495 -0.425 -0.01747300943 2
0 0.495 -0.415 -0.01378172251 1
0 0.495 -0.405 -0.01057177787 1
0 0.495 -0.395 -0.008298119005 1
0 0.495 -0.385 -0.006584316338 1
0 0.495 -0.375 -0.004949108511 1
0 0.495 -0.365 -0.003131861342 1
0 0.495 -0.355 -0.0008813042417 1
0 0.495 -0.345 0.001615639445 2
0 0.495 -0.335 0.004091565447 2
0 0.495 -0.325 0.006096377012 2
0 0.495 -0.315 0.007573260251 2
0 0.495 -0.305 0.008809975685 2
0 0.495 -0.295 0.01007473558 2
0 0.495 -0.285 0.01121042566 2
0 0.495 -0.275 0.01221107317 2
0 0.495 -0.265 0.01304071306 2
0 0.495 -0.255 0.01368317806 2
0 0.495 -0.245 0.01412367425 2
0 0.495 -0.235 0.01434805634 2
0 0.495 -0.225 0.01433040069 2
0 0.495 -0.215 0.01404862197 2
0 0.495 -0.205 0.01344096467 2
0 0.495 -0.195 0.01243915858 2
0 0.495 -0.185 0.01099370771 2
0 0.495 -0.175 0.009094795264 2
0 0.495 -0.165 0.006843239128 2
0 0.495 -0.155 0.004381301396 2
0 0.495 -0.145 0.00188643496 2
0 0.495 -0.135 -0.0005087769908 2
0 0.495 -0.125 -0.002734938056 2
0 0.495 -0.115 -0.004789436786 2
0 0.495 -0.105 -0.006700041835 2
0 0.495 -0.095 -0.008489371549 2
0 0.495 -0.085 -0.01016868434 2
0 0.495 -0.075 -0.01171487034 2
0 0.495 -0.065 -0.01311562323 2
0 0.495 -0.055 -0.01434950057 2
0 0.495 -0.045 -0.01539475761 2
0 0.495 -0.035 -0.01623236178 2
0 0.495 -0.025 -0.01684719415 2
0 0.495 -0.015 -0.01722887153 2
0 0.495 -0.005 -0.01737193272 2
0 0.495 0.005 -0.01727545797 2
0 0.495 0.015 -0.01694250392 2
0 0.495 0.025 -0.01637955358 2
0 0.495 0.035 -0.01559607819 2
0 0.495 0.045 -0.01460417682 2
0 0.495 0.055 -0.01341828902 2
0 0.495 0.065 -0.01205489798 2
0 0.495 0.075 -0.01053222931 2
0 0.495 0.085 -0.008869824628 2
0 0.495 0.095 -0.007088198524 2
0 0.495 0.105 -0.005207914007 2
0 0.495 0.115 -0.003249091505 2
0 0.495 0.125 -0.0012286429 2
0 0.495 0.135 0.0008401812067 2
0 0.495 0.145 0.002963099838 2
0 0.495 0.155 0.005131685009 2
0 0.495 0.165 0.007419466231 2
0 0.495 0.175 0.009690325384 2
0 0.495 0.185 0.0114859227 2
0 0.495 0.195 0.01227435284 2
0 0.495 0.205 0.01162773034 2
0 0.495 0.215 0.01033220203 1
0 0.495 0.225 0.009080240012 1
0 0.495 0.235 0.008367782368 1
0 0.495 0.245 0.008322735991 1
0 0.495 0.255 0.008466779743 1
0 0.495 0.265 0.008595334216 1
0 0.495 0.275 0.008559152783 1
0 0.495 0.285 0.008640454998 1
0 0.495 0.295 0.009215184292 1
0 0.495 0.305 0.009995634263 1
0 0.495 0.315 0.01005802924 2
0 0.495 0.325 0.00879652123 2
0 0.495 0.335 0.006416665101 2
0 0.495 0.345 0.003697306675 2
0 0.495 0.355 0.001002822617 2
0 0.495 0.365 -0.001588250528 2
0 0.495 0.375 -0.004125032859 2
0 0.495 0.385 -0.006591640322 2
0 0.495 0.395 -0.008979525245 2
0 0.495 0.405 -0.01127079087 2
0 0.495 0.415 -0.01344578153 2
0 0.495 0.425 -0.01548674263 2
0 0.495 0.435 -0.01736692367 2
0 0.495 0.445 -0.01909045179 2
0 0.495 0.455 -0.02057273158 2
0 0.495 0.465 -0.02201133294 2
0 0.495 0.475 -0.02274906543 2
0 0.495 0.485 -0.02476512964 2
0 0.495 0.495 -0.02197818904 2
0 0.495 0.505 -0.01457478912 2
0 0.495 0.515 -0.005730375958 2
0 0.495 0.525 0 2
0 0.495 0.535 0 2
0 0.495 0.545 0 2
0 0.495 0.555 0 2
0 0.495 0.565 0 2
0 0.505 -0.555 0 2
0 0.505 -0.545 0 2
0 0.505 -0.535 0 2
0 0.505 -0.525 0 2
0 0.505 -0.515 -0.004770154036 2
0 0.505 -0.505 -0.01247847579 2
0 0.505 -0.495 -0.01997392715 2
0 0.505 -0.485 -0.02392671425 2
0 0.505 -0.475 -0.02388792491 2
0 0.505 -0.465 -0.02391848951 2
0 0.505 -0.455 -0.02289549029 2
0 0.505 -0.445 -0.02137445456 2
0 0.505 -0.435 -0.01894703354 2
0 0.505 -0.425 -0.01570585088 2
0 0.505 -0.415 -0.01214074986 1
0 0.505 -0.405 -0.009279927802 1
0 0.505 -0.395 -0.007369140714 1
0 0.505 -0.385 -0.006038688487 1
0 0.505 -0.375 -0.004749537624 1
0 0.505 -0.365 -0.003266071906 1
0 0.505 -0.355 -0.001328094255 1
0 0.505 -0.345 0.00101021614 2
0 0.505 -0.335 0.003385052922 2
0 0.505 -0.325 0.005374333117 2
0 0.505 -0.315 0.006880368062 2
0 0.505 -0.305 0.00813907202 2
0 0.505 -0.295 0.009404893363 2
0 0.505 -0.285 0.01054160192 2
0 0.505 -0.275 0.01154850324 2
0 0.505 -0.265 0.01239844011 2
0 0.505 -0.255 0.01308193831 2
0 0.505 -0.245 0.01359442849 2
0 0.505 -0.235 0.01392752285 2
0 0.505 -0.225 0.01407310191 2
0 0.505 -0.215 0.01401111663 2
0 0.505 -0.205 0.01361309929 2
0 0.505 -0.195 0.01274448545 2
0 0.505 -0.185 0.0113142753 2
0 0.505 -0.175 0.009292378766 2
0 0.505 -0.165 0.006853830865 2
0 0.505 -0.155 0.004196831873 2
0 0.505 -0.145 0.001535695322 2
0 0.505 -0.135 -0.0009415697614 2
0 0.505 -0.125 -0.003145742616 2
0 0.505 -0.115 -0.005089248378 2
0 0.505 -0.105 -0.006826114818 2
0 0.505 -0.095 -0.008427948724 2
0 0.505 -0.085 -0.00995541579 2
0 0.505 -0.075 -0.01138090931 2
0 0.505 -0.065 -0.01267674716 2
0 0.505 -0.055 -0.01382260895 2
0 0.505 -0.045 -0.01479330359 2
0 0.505 -0.035 -0.01556691782 2
0 0.505 -0.025 -0.01612735667 2
0 0.505 -0.015 -0.01646497048 2
0 0.505 -0.005 -0.01657585367 2
0 0.505 0.005 -0.01646087279 2
0 0.505 0.015 -0.01612460058 2
0 0.505 0.025 -0.01557448563 2
0 0.505 0.035 -0.0148203937 2
0 0.505 0.045 -0.01387427387 2
0 0.505 0.055 -0.01274998131 2
0 0.505 0.065 -0.0114630805 2
0 0.505 0.075 -0.01003067086 2
0 0.505 0.085 -0.00847108671 2
0 0.505 0.095 -0.006803895468 2
0 0.505 0.105 -0.00504910359 2
0 0.505 0.115 -0.003228372477 2
0 0.505 0.125 -0.001361369308 2
0 0.505 0.135 0.0005360769875 2
0 0.505 0.145 0.002449091875 2
0 0.505 0.155 0.004372310326 2
0 0.505 0.165 0.006332709852 2
0 0.505 0.175 0.008320351452 2
0 0.505 0.185 0.01002902169 2
0 0.505 0.195 0.01103540794 2
0 0.505 0.205 0.0109176343 2
0 0.505 0.215 0.009867344302 2
0 0.505 0.225 0.008582494932 1
0 0.505 0.235 0.007607715151 1
0 0.505 0.245 0.007254267027 1
0 0.505 0.255 0.007285770692 1
0 0.505 0.265 0.007428439329 1
0 0.505 0.275 0.007513163677 1
0 0.505 0.285 0.007767439422 1
0 0.505 0.295 0.008495946706 1
0 0.505 0.305 0.009508476038 1
0 0.505 0.315 0.009737247309 2
0 0.505 0.325 0.008784277419 2
0 0.505 0.335 0.006635048783 2
0 0.505 0.345 0.00398041019 2
0 0.505 0.355 0.001313974198 2
0 0.505 0.365 -0.001189750316 2
0 0.505 0.375 -0.003628338979 2
0 0.505 0.385 -0.005987313796 2
0 0.505 0.395 -0.008264895653 2
0 0.505 0.405 -0.01044598757 2
0 0.505 0.415 -0.01251347221 2
0 0.505 0.425 -0.01445117942 2
0 0.505 0.435 -0.01623415575 2
0 0.505 0.445 -0.01786600337 2
0 0.505 0.455 -0.01926722698 2
0 0.505 0.465 -0.02062215037 2
0 0.505 0.475 -0.02131597879 2
0 0.505 0.485 -0.02319969793 2
0 0.505 0.495 -0.02058604534 2
0 0.505 0.505 -0.0136477749 2
0 0.505 0.515 -0.005366325785 2
0 0.505 0.525 0 2
0 0.505 0.535 0 2
0 0.505 0.545 0 2
0 0.505 0.555 0 2
0 0.505 0.565 0 2
0 0.515 -0.555 0 2
0 0.515 -0.545 0 2
0 0.515 -0.535 0 1
0 0.515 -0.525 0 1
0 0.515 -0.515 -0.003992804415 1
0 0.515 -0.505 -0.01054806873 1
0 0.515 -0.495 -0.01732892638 1
0 0.515 -0.485 -0.02139999434 2
0 0.515 -0.475 -0.02189879751 2
0 0.515 -0.465 -0.02215125134 2
0 0.515 -0.455 -0.02113815366 2
0 0.515 -0.445 -0.01950009281 2
0 0.515 -0.435 -0.01703940534 2
0 0.515 -0.425 -0.0139610013 2
0 0.515 -0.415 -0.01069652841 1
0 0.515 -0.405 -0.008193795833 1
0 0.515 -0.395 -0.006551036291 1
0 0.515 -0.385 -0.005457309386 1
0 0.515 -0.375 -0.004430610037 1
0 0.515 -0.365 -0.003249222703 1
0 0.515 -0.355 -0.001689540156 1
0 0.515 -0.345 0.000344186478 2
0 0.515 -0.335 0.002532653774 2
0 0.515 -0.325 0.004483486189 2
0 0.515 -0.315 0.006033485682 2
0 0.515 -0.305 0.007358472738 2
0 0.515 -0.295 0.008642078762 2
0 0.515 -0.285 0.009791587328 2
0 0.515 -0.275 0.01080872914 2
0 0.515 -0.265 0.01167922677 2
0 0.515 -0.255 0.01240206087 2
0 0.515 -0.245 0.01298695004 2
0 0.515 -0.235 0.0134328064 2
0 0.515 -0.225 0.01377965933 2
0 0.515 -0.215 0.01397927448 2
0 0.515 -0.205 0.0138260809 2
0 0.515 -0.195 0.01307073584 2
0 0.515 -0.185 0.0115638357 2
0 0.515 -0.175 0.009433803222 2
0 0.515 -0.165 0.006906118137 2
0 0.515 -0.155 0.004218774039 2
0 0.515 -0.145 0.001518211495 2
0 0.515 -0.135 -0.001053321194 2
0 0.515 -0.125 -0.003375305513 2
0 0.515 -0.115 -0.005337554192 2
0 0.515 -0.105 -0.006957156911 2
0 0.515 -0.095 -0.008379228887 2
0 0.515 -0.085 -0.009727256971 2
0 0.515 -0.075 -0.01101890459 2
0 0.515 -0.065 -0.01221595455 2
0 0.515 -0.055 -0.01327870233 2
0 0.515 -0.045 -0.0141782356 2
0 0.515 -0.035 -0.01488861871 2
0 0.515 -0.025 -0.015392067 2
0 0.515 -0.015 -0.0156809001 2
0 0.515 -0.005 -0.01575419916 2
0 0.515 0.005 -0.01561578148 2
0 0.515 0.015 -0.01527261232 2
0 0.515 0.025 -0.01473352334 2
0 0.515 0.035 -0.01400890253 2
0 0.515 0.045 -0.01311048532 2
0 0.515 0.055 -0.01205143598 2
0 0.515 0.065 -0.0108462819 2
0 0.515 0.075 -0.009510875516 2
0 0.515 0.085 -0.008062206558 2
0 0.515 0.095 -0.006518639471 2
0 0.515 0.105 -0.004899142348 2
0 0.515 0.115 -0.00322720125 2
0 0.515 0.125 -0.001524042903 2
0 0.515 0.135 0.0001740280572 2
0 0.515 0.145 0.001841789202 2
0 0.515 0.155 0.003498650006 2
0 0.515 0.165 0.005179935194 2
0 0.515 0.175 0.006933655338 2
0 0.515 0.185 0.008567361872 2
0 0.515 0.195 0.009765040422 2
0 0.515 0.205 0.01009299059 2
0 0.515 0.215 0.009432486731 2
0 0.515 0.225 0.008224156361 2
0 0.515 0.235 0.007012891935 1
0 0.515 0.245 0.006152152572 1
0 0.515 0.255 0.00596520332 1
0 0.515 0.265 0.006087334386 1
0 0.515 0.275 0.006292325168 1
0 0.515 0.285 0.006742604203 1
0 0.515 0.295 0.007597218792 1
0 0.515 0.305 0.008587016507 1
0 0.515 0.315 0.009085513553 2
0 0.515 0.325 0.008405209076 2
0 0.515 0.335 0.006540312679 2
0 0.515 0.345 0.004050170388 2
0 0.515 0.355 0.001496646875 2
0 0.515 0.365 -0.0008729861598 2
0 0.515 0.375 -0.00318127201 2
0 0.515 0.385 -0.005410573127 2
0 0.515 0.395 -0.007561740214 2
0 0.515 0.405 -0.009620609202 2
0 0.515 0.415 -0.01157141244 2
0 0.515 0.425 -0.01339885384 2
0 0.515 0.435 -0.01507929034 2
0 0.515 0.445 -0.01661530064 2
0 0.515 0.455 -0.0179322122 2
0 0.515 0.465 -0.01920018998 2
0 0.515 0.475 -0.01984789036 2
0 0.515 0.485 -0.02159390951 2
0 0.515 0.495 -0.01915723896 2
0 0.515 0.505 -0.01269553372 2
0 0.515 0.515 -0.004992515571 2
0 0.515 0.525 0 2
0 0.515 0.535 0 2
0 0.515 0.545 0 2
0 0.515 0.555 0 2
0 0.515 0.565 0 2
0 0.525 -0.555 0 1
0 0.525 -0.545 0 1
0 0.525 -0.535 0 1
0 0.525 -0.525 0 1
0 0.525 -0.515 -0.003402772439 1
0 0.525 -0.505 -0.009036494372 1
0 0.525 -0.495 -0.01485348885 1
0 0.525 -0.485 -0.01861868534 1
0 0.525 -0.475 -0.01942564584 2
0 0.525 -0.465 -0.01993331338 2
0 0.525 -0.455 -0.01901473812 2
0 0.525 -0.445 -0.01734463977 2
0 0.525 -0.435 -0.01494196088 2
0 0.525 -0.425 -0.01211441153 2
0 0.525 -0.415 -0.009240835653 1
0 0.525 -0.405 -0.007128487147 1
0 0.525 -0.395 -0.00577522057 1
0 0.525 -0.385 -0.00491703172 1
0 0.525 -0.375 -0.004127022297 1
0 0.525 -0.365 -0.003224418037 1
0 0.525 -0.355 -0.002006945951 1
0 0.525 -0.345 -0.0003303449429 2
0 0.525 -0.335 0.001628470987 2
0 0.525 -0.325 0.003505573054 2
0 0.525 -0.315 0.005090736781 2
0 0.525 -0.305 0.00650405194 2
0 0.525 -0.295 0.007810711686 2
0 0.525 -0.285 0.00897424936 2
0 0.525 -0.275 0.00999724623 2
0 0.525 -0.265 0.01088003489 2
0 0.525 -0.255 0.01163050933 2
0 0.525 -0.245 0.01227422798 2
0 0.525 -0.235 0.01281827989 2
0 0.525 -0.225 0.01337243823 2
0 0.525 -0.215 0.01380864981 2
0 0.525 -0.205 0.01383325741 2
0 0.525 -0.195 0.01307727279 2
0 0.525 -0.185 0.01148167869 2
0 0.525 -0.175 0.00939352892 2
0 0.525 -0.165 0.006966099461 2
0 0.525 -0.155 0.004408634919 2
0 0.525 -0.145 0.001863620684 2
0 0.525 -0.135 -0.0006511393328 2
0 0.525 -0.125 -0.003095891838 2
0 0.525 -0.115 -0.005237423179 2
0 0.525 -0.105 -0.006924065452 2
0 0.525 -0.095 -0.008272033067 2
0 0.525 -0.085 -0.009472075329 2
0 0.525 -0.075 -0.0106252753 2
0 0.525 -0.065 -0.01172833642 2
0 0.525 -0.055 -0.01272621268 2
0 0.525 -0.045 -0.01356278545 2
0 0.525 -0.035 -0.0142101739 2
0 0.525 -0.025 -0.01465053409 2
0 0.525 -0.015 -0.01488146535 2
0 0.525 -0.005 -0.01490821794 2
0 0.525 0.005 -0.01473905957 2
0 0.525 0.015 -0.01438401234 2
0 0.525 0.025 -0.01385324894 2
0 0.525 0.035 -0.01315771567 2
0 0.525 0.045 -0.01230869668 2
0 0.525 0.055 -0.01131840161 2
0 0.525 0.065 -0.01020010466 2
0 0.525 0.075 -0.008968256657 2
0 0.525 0.085 -0.007638297823 2
0 0.525 0.095 -0.006226687899 2
0 0.525 0.105 -0.004750503663 2
0 0.525 0.115 -0.003233113459 2
0 0.525 0.125 -0.001693454331 2
0 0.525 0.135 -0.0001980604401 2
0 0.525 0.145 0.00125113317 2
0 0.525 0.155 0.00269025361 2
0 0.525 0.165 0.004223755924 2
0 0.525 0.175 0.005850056019 2
0 0.525 0.185 0.007453062286 2
0 0.525 0.195 0.00879007003 2
0 0.525 0.205 0.009475873645 2
0 0.525 0.215 0.009260971485 2
0 0.525 0.225 0.008232666326 2
0 0.525 0.235 0.006921197461 2
0 0.525 0.245 0.005745741726 2
0 0.525 0.255 0.005027127907 1
0 0.525 0.265 0.004810510777 1
0 0.525 0.275 0.005041016299 1
0 0.525 0.285 0.005678218348 1
0 0.525 0.295 0.006728643388 1
0 0.525 0.305 0.00771100885 2
0 0.525 0.315 0.00825672296 2
0 0.525 0.325 0.007659475153 2
0 0.525 0.335 0.006064186816 2
0 0.525 0.345 0.003866663719 2
0 0.525 0.355 0.001545467723 2
0 0.525 0.365 -0.0006393579875 2
0 0.525 0.375 -0.002783984021 2
0 0.525 0.385 -0.004861959212 2
0 0.525 0.395 -0.006871136011 2
0 0.525 0.405 -0.00879633192 2
0 0.525 0.415 -0.01062193386 2
0 0.525 0.425 -0.01233288078 2
0 0.525 0.435 -0.0139064281 2
0 0.525 0.445 -0.01534359484 2
0 0.525 0.455 -0.01657411766 2
0 0.525 0.465 -0.01775274294 2
0 0.525 0.475 -0.01835245788 2
0 0.525 0.485 -0.01995491826 2
0 0.525 0.495 -0.01769775318 2
0 0.525 0.505 -0.01172127007 2
0 0.525 0.515 -0.004610380514 2
0 0.525 0.525 0 2
0 0.525 0.535 0 2
0 0.525 0.545 0 2
0 0.525 0.555 0 2
0 0.525 0.565 0 2
0 0.535 -0.555 0 1
0 0.535 -0.545 0 1
0 0.535 -0.535 0 1
0 0.535 -0.525 0 1
0 0.535 -0.515 -0.002956580378 1
0 0.535 -0.505 -0.007805844114 1
0 0.535 -0.495 -0.01275053809 1
0 0.535 -0.485 -0.01598496219 1
0 0.535 -0.475 -0.01676846283 2
0 0.535 -0.465 -0.01733002505 2
0 0.535 -0.455 -0.01650844318 2
0 0.535 -0.445 -0.01492451602 2
0 0.535 -0.435 -0.01269315173 2
0 0.535 -0.425 -0.01015833469 2
0 0.535 -0.415 -0.007628763437 1
0 0.535 -0.405 -0.005882480333 1
0 0.535 -0.395 -0.004843314866 1
0 0.535 -0.385 -0.004332034405 1
0 0.535 -0.375 -0.003939909424 1
0 0.535 -0.365 -0.003391967844 1
0 0.535 -0.355 -0.002489374814 1
0 0.535 -0.345 -0.001067772739 2
0 0.535 -0.335 0.0006980606136 2
0 0.535 -0.325 0.002495745074 2
0 0.535 -0.315 0.004118456524 2
0 0.535 -0.305 0.005617868385 2
0 0.535 -0.295 0.006941567457 2
0 0.535 -0.285 0.00810844658 2
0 0.535 -0.275 0.009123863089 2
0 0.535 -0.265 0.01000170887 2
0 0.535 -0.255 0.01075753176 2
0 0.535 -0.245 0.01142986353 2
0 0.535 -0.235 0.01203210588 2
0 0.535 -0.225 0.0127376375 2
0 0.535 -0.215 0.01333376092 2
0 0.535 -0.205 0.01343122482 2
0 0.535 -0.195 0.01263456729 2
0 0.535 -0.185 0.01105894833 2
0 0.535 -0.175 0.008982923873 1
0 0.535 -0.165 0.006776570245 1
0 0.535 -0.155 0.004559146165 1
0 0.535 -0.145 0.002358478062 1
0 0.535 -0.135 0.000104192576 2
0 0.535 -0.125 -0.002250379175 2
0 0.535 -0.115 -0.004534227462 2
0 0.535 -0.105 -0.006474455552 2
0 0.535 -0.095 -0.007928712374 2
0 0.535 -0.085 -0.009084035966 2
0 0.535 -0.075 -0.01015262162 2
0 0.535 -0.065 -0.01119005622 2
0 0.535 -0.055 -0.01215943971 2
0 0.535 -0.045 -0.01295106191 2
0 0.535 -0.035 -0.01353901689 2
0 0.535 -0.025 -0.01391028909 2
0 0.535 -0.015 -0.01407155574 2
0 0.535 -0.005 -0.01403896461 2
0 0.535 0.005 -0.01382821205 2
0 0.535 0.015 -0.01345427443 2
0 0.535 0.025 -0.01292832774 2
0 0.535 0.035 -0.01226139014 2
0 0.535 0.045 -0.01146351629 2
0 0.535 0.055 -0.01054550322 2
0 0.535 0.065 -0.009519087136 2
0 0.535 0.075 -0.008397203321 2
0 0.535 0.085 -0.007193566427 2
0 0.535 0.095 -0.005922335622 2
0 0.535 0.105 -0.004597966549 2
0 0.535 0.115 -0.003238442334 2
0 0.535 0.125 -0.001853494127 2
0 0.535 0.135 -0.0005285490898 2
0 0.535 0.145 0.0007815782483 2
0 0.535 0.155 0.00214754884 2
0 0.535 0.165 0.003653242761 2
0 0.535 0.175 0.00518165913 2
0 0.535 0.185 0.00672526108 2
0 0.535 0.195 0.008076463262 2
0 0.535 0.205 0.009011759028 2
0 0.535 0.215 0.009223971625 2
0 0.535 0.225 0.008489050335 2
0 0.535 0.235 0.007113358581 2
0 0.535 0.245 0.005738488578 2
0 0.535 0.255 0.004723117706 2
0 0.535 0.265 0.004306022361 2
0 0.535 0.275 0.0044827843 2
0 0.535 0.285 0.005106557869 2
0 0.535 0.295 0.005949557924 2
0 0.535 0.305 0.00679200962 2
0 0.535 0.315 0.007266241181 2
0 0.535 0.325 0.006772017094 2
0 0.535 0.335 0.005412970401 2
0 0.535 0.345 0.003529528031 2
0 0.535 0.355 0.001500670894 2
0 0.535 0.365 -0.000470056571 2
0 0.535 0.375 -0.002426802312 2
0 0.535 0.385 -0.004336436267 2
0 0.535 0.395 -0.006190612962 2
0 0.535 0.405 -0.007972336336 2
0 0.535 0.415 -0.009665469488 2
0 0.535 0.425 -0.01125488671 2
0 0.535 0.435 -0.01271857008 2
0 0.535 0.445 -0.01405547308 2
0 0.535 0.455 -0.01519956608 2
0 0.535 0.465 -0.01628817203 2
0 0.535 0.475 -0.01683919134 2
0 0.535 0.485 -0.01829124061 2
0 0.535 0.495 -0.01621469931 2
0 0.535 0.505 -0.01072827496 2
0 0.535 0.515 -0.004221627726 2
0 0.535 0.525 0 2
0 0.535 0.535 0 2
0 0.535 0.545 0 1
0 0.535 0.555 0 1
0 0.535 0.565 0 1
0 0.545 -0.555 0 1
0 0.545 -0.545 0 1
0 0.545 -0.535 0 1
0 0.545 -0.525 0 1
0 0.545 -0.515 -0.002624454068 1
0 0.545 -0.505 -0.006775446854 1
0 0.545 -0.495 -0.01088780863 1
0 0.545 -0.485 -0.0134411942 1
0 0.545 -0.475 -0.01401806656 2
0 0.545 -0.465 -0.01452989313 2
0 0.545 -0.455 -0.01380969128 2
0 0.545 -0.445 -0.01237787024 2
0 0.545 -0.435 -0.01040317229 2
0 0.545 -0.425 -0.008205166748 2
0 0.545 -0.415 -0.005947182876 1
0 0.545 -0.405 -0.004507236883 1
0 0.545 -0.395 -0.003773838049 1
0 0.545 -0.385 -0.003676194618 1
0 0.545 -0.375 -0.003827798928 1
0 0.545 -0.365 -0.003692509979 1
0 0.545 -0.355 -0.003147561925 1
0 0.545 -0.345 -0.001841043983 2
0 0.545 -0.335 -0.0002216134503 2
0 0.545 -0.325 0.001515879423 2
0 0.545 -0.315 0.003193184503 2
0 0.545 -0.305 0.004750156235 2
0 0.545 -0.295 0.006068663935 2
0 0.545 -0.285 0.007216157631 2
0 0.545 -0.275 0.008202316798 2
0 0.545 -0.265 0.009050617977 2
0 0.545 -0.255 0.009781368032 2
0 0.545 -0.245 0.0104396507 2
0 0.545 -0.235 0.01104195829 2
0 0.545 -0.225 0.01180300777 2
0 0.545 -0.215 0.01243859894 2
0 0.545 -0.205 0.01246602414 2
0 0.545 -0.195 0.01151422011 2
0 0.545 -0.185 0.00992829765 1
0 0.545 -0.175 0.008047485448 1
0 0.545 -0.165 0.006385511762 1
0 0.545 -0.155 0.004746085283 1
0 0.545 -0.145 0.003005647188 1
0 0.545 -0.135 0.001093097112 1
0 0.545 -0.125 -0.0009845243088 2
0 0.545 -0.115 -0.003153075719 2
0 0.545 -0.105 -0.005280445307 2
0 0.545 -0.095 -0.00705384796 2
0 0.545 -0.085 -0.008424091665 2
0 0.545 -0.075 -0.009600448701 2
0 0.545 -0.065 -0.01068293318 2
0 0.545 -0.055 -0.0116774522 2
0 0.545 -0.045 -0.01242835851 2
0 0.545 -0.035 -0.01292677865 2
0 0.545 -0.025 -0.01318865023 2
0 0.545 -0.015 -0.01324832797 2
0 0.545 -0.005 -0.01314190612 2
0 0.545 0.005 -0.01287698157 2
0 0.545 0.015 -0.01247592919 2
0 0.545 0.025 -0.01195105797 2
0 0.545 0.035 -0.01131274782 2
0 0.545 0.045 -0.0105683605 2
0 0.545 0.055 -0.009726406818 2
0 0.545 0.065 -0.00879681279 2
0 0.545 0.075 -0.007790971293 2
0 0.545 0.085 -0.006721522172 2
0 0.545 0.095 -0.00560086555 2
0 0.545 0.105 -0.004439324766 2
0 0.545 0.115 -0.003240669149 2
0 0.545 0.125 -0.002017002453 2
0 0.545 0.135 -0.0008213318159 2
0 0.545 0.145 0.0004480342574 2
0 0.545 0.155 0.001925828027 2
0 0.545 0.165 0.003509191819 2
0 0.545 0.175 0.004940040262 2
0 0.545 0.185 0.00627969779 1
0 0.545 0.195 0.00751511618 1
0 0.545 0.205 0.008551099209 1
0 0.545 0.215 0.008985522148 1
0 0.545 0.225 0.008577659536 1
0 0.545 0.235 0.007455836839 1
0 0.545 0.245 0.006120727362 1
0 0.545 0.255 0.005037538055 1
0 0.545 0.265 0.004599334641 2
0 0.545 0.275 0.004680262647 2
0 0.545 0.285 0.00521844945 2
0 0.545 0.295 0.005816925008 2
0 0.545 0.305 0.006370938672 2
0 0.545 0.315 0.00649460779 2
0 0.545 0.325 0.005909981394 2
0 0.545 0.335 0.00470993521 2
0 0.545 0.345 0.003125256942 2
0 0.545 0.355 0.001403827271 2
0 0.545 0.365 -0.0003406367597 2
0 0.545 0.375 -0.002095520304 2
0 0.545 0.385 -0.003825475739 2
0 0.545 0.395 -0.005515045939 2
0 0.545 0.405 -0.007145655441 2
0 0.545 0.415 -0.008700595303 2
0 0.545 0.425 -0.01016484137 2
0 0.545 0.435 -0.01151727451 2
0 0.545 0.445 -0.0127549349 2
0 0.545 0.455 -0.01381642156 2
0 0.545 0.465 -0.0148177531 2
0 0.545 0.475 -0.01532150261 2
0 0.545 0.485 -0.01661416915 2
0 0.545 0.495 -0.01471752255 2
0 0.545 0.505 -0.009720187314 2
0 0.545 0.515 -0.003828604994 2
0 0.545 0.525 0 2
0 0.545 0.535 0 2
0 0.545 0.545 0 1
0 0.545 0.555 0 1
0 0.545 0.565 0 1
0 0.555 -0.555 0 1
0 0.555 -0.545 0 1
0 0.555 -0.535 0 1
0 0.555 -0.525 0 1
0 0.555 -0.515 -0.002281754375 1
0 0.555 -0.505 -0.005890115014 1
0 0.555 -0.495 -0.009250209526 1
0 0.555 -0.485 -0.01115553497 1
0 0.555 -0.475 -0.01144060273 2
0 0.555 -0.465 -0.01177173872 2
0 0.555 -0.455 -0.0111220572 2
0 0.555 -0.445 -0.009890428205 2
0 0.555 -0.435 -0.008200544945 2
0 0.555 -0.425 -0.006373200163 2
0 0.555 -0.415 -0.004480363928 2
0 0.555 -0.405 -0.003282607338 1
0 0.555 -0.395 -0.002840527063 1
0 0.555 -0.385 -0.003111382485 1
0 0.555 -0.375 -0.003709757669 1
0 0.555 -0.365 -0.003913040106 1
0 0.555 -0.355 -0.003652635624 2
0 0.555 -0.345 -0.002509867649 2
0 0.555 -0.335 -0.001034755362 2
0 0.555 -0.325 0.000677952111 2
0 0.555 -0.315 0.002391378319 2
0 0.555 -0.305 0.003944814451 2
0 0.555 -0.295 0.00522243947 2
0 0.555 -0.285 0.00631928498 2
0 0.555 -0.275 0.007248986608 2
0 0.555 -0.265 0.00803893591 2
0 0.555 -0.255 0.008709947369 2
0 0.555 -0.245 0.009304505113 2
0 0.555 -0.235 0.009836651684 2
0 0.555 -0.225 0.01050431488 2
0 0.555 -0.215 0.01100657577 2
0 0.555 -0.205 0.01091217252 2
0 0.555 -0.195 0.009929112435 2
0 0.555 -0.185 0.008396431734 1
0 0.555 -0.175 0.006811197742 1
0 0.555 -0.165 0.00568962053 1
0 0.555 -0.155 0.00477532946 1
0 0.555 -0.145 0.003696694527 1
0 0.555 -0.135 0.002235443354 1
0 0.555 -0.125 0.0005131072982 1
0 0.555 -0.115 -0.001419619976 2
0 0.555 -0.105 -0.003533307557 2
0 0.555 -0.095 -0.005658921762 2
0 0.555 -0.085 -0.007397313588 2
0 0.555 -0.075 -0.008804459413 2
0 0.555 -0.065 -0.0100445931 2
0 0.555 -0.055 -0.01114392255 2
0 0.555 -0.045 -0.01191332587 2
0 0.555 -0.035 -0.01235864747 2
0 0.555 -0.025 -0.0125068289 2
0 0.555 -0.015 -0.01242901377 2
0 0.555 -0.005 -0.01221368127 2
0 0.555 0.005 -0.01187123749 2
0 0.555 0.015 -0.0114365455 2
0 0.555 0.025 -0.010910885 2
0 0.555 0.035 -0.01030300085 2
0 0.555 0.045 -0.009615830546 2
0 0.555 0.055 -0.008854237234 2
0 0.555 0.065 -0.008026145507 2
0 0.555 0.075 -0.00714147075 2
0 0.555 0.085 -0.006213493969 2
0 0.555 0.095 -0.005253404121 2
0 0.555 0.105 -0.004265242858 2
0 0.555 0.115 -0.003253585388 2
0 0.555 0.125 -0.002218315948 2
0 0.555 0.135 -0.001092766183 2
0 0.555 0.145 0.0002634041915 2
0 0.555 0.155 0.001916178784 2
0 0.555 0.165 0.003541363772 2
0 0.555 0.175 0.004889299052 1
0 0.555 0.185 0.006020839965 1
0 0.555 0.195 0.007087657323 1
0 0.555 0.205 0.007964730607 1
0 0.555 0.215 0.008314601683 1
0 0.555 0.225 0.008035171523 1
0 0.555 0.235 0.007252589267 1
0 0.555 0.245 0.006205908049 1
0 0.555 0.255 0.005257795833 1
0 0.555 0.265 0.005022588394 1
0 0.555 0.275 0.005261958869 2
0 0.555 0.285 0.005746166625 2
0 0.555 0.295 0.006039692975 2
0 0.555 0.305 0.006090154822 2
0 0.555 0.315 0.005820188484 2
0 0.555 0.325 0.00514121052 2
0 0.555 0.335 0.004089043125 2
0 0.555 0.345 0.002759411441 2
0 0.555 0.355 0.001302258702 2
0 0.555 0.365 -0.0002222086534 2
0 0.555 0.375 -0.001773299493 2
0 0.555 0.385 -0.003318458106 2
0 0.555 0.395 -0.00483754487 2
0 0.555 0.405 -0.006311640098 2
0 0.555 0.415 -0.007724128219 2
0 0.555 0.425 -0.009060720488 2
0 0.555 0.435 -0.01030172686 2
0 0.555 0.445 -0.01144339409 2
0 0.555 0.455 -0.01242930795 2
0 0.555 0.465 -0.01334886657 2
0 0.555 0.475 -0.01382233384 2
0 0.555 0.485 -0.0149430371 2
0 0.555 0.495 -0.01322417789 2
0 0.555 0.505 -0.008697320658 2
0 0.555 0.515 -0.003429424733 2
0 0.555 0.525 0 2
0 0.555 0.535 0 1
0 0.555 0.545 0 1
0 0.555 0.555 0 1
0 0.555 0.565 0 1
0 0.565 -0.555 0 1
0 0.565 -0.545 0 1
0 0.565 -0.535 0 1
0 0.565 -0.525 0 1
0 0.565 -0.515 -0.001987831913 1
0 0.565 -0.505 -0.005203183967 1
0 0.565 -0.495 -0.007877750042 1
0 0.565 -0.485 -0.009297387403 2
0 0.565 -0.475 -0.009119565936 2
0 0.565 -0.465 -0.009218264436 2
0 0.565 -0.455 -0.008666151942 2
0 0.565 -0.445 -0.007680970708 2
0 0.565 -0.435 -0.00626762583 2
0 0.565 -0.425 -0.004738695948 2
0 0.565 -0.415 -0.00328555329 2
0 0.565 -0.405 -0.002347652648 2
0 0.565 -0.395 -0.002137565782 1
0 0.565 -0.385 -0.002662267006 1
0 0.565 -0.375 -0.003495513701 1
0 0.565 -0.365 -0.003951712579 1
0 0.565 -0.355 -0.003853086165 2
0 0.565 -0.345 -0.002958715695 2
0 0.565 -0.335 -0.001564697489 2
0 0.565 -0.325 0.0001254972231 2
0 0.565 -0.315 0.001779280559 2
0 0.565 -0.305 0.003236175693 2
0 0.565 -0.295 0.004426979054 2
0 0.565 -0.285 0.005437498169 2
0 0.565 -0.275 0.006281804099 2
0 0.565 -0.265 0.006984858933 2
0 0.565 -0.255 0.007563648771 2
0 0.565 -0.245 0.008050085342 2
0 0.565 -0.235 0.008452513009 2
0 0.565 -0.225 0.008905590183 2
0 0.565 -0.215 0.009185859836 2
0 0.565 -0.205 0.00893430622 2
0 0.565 -0.195 0.007946270222 2
0 0.565 -0.185 0.006577428641 1
0 0.565 -0.175 0.005443822444 1
0 0.565 -0.165 0.004895659248 1
0 0.565 -0.155 0.004662986789 1
0 0.565 -0.145 0.004250563048 1
0 0.565 -0.135 0.003329989006 1
0 0.565 -0.125 0.001984364655 1
0 0.565 -0.115 0.0002348642429 1
0 0.565 -0.105 -0.001783964356 2
0 0.565 -0.095 -0.004027917615 2
0 0.565 -0.085 -0.006065961807 2
0 0.565 -0.075 -0.007741512186 2
0 0.565 -0.065 -0.009166735504 2
0 0.565 -0.055 -0.01039141364 2
0 0.565 -0.045 -0.0112730188 2
0 0.565 -0.035 -0.01173137416 2
0 0.565 -0.025 -0.01179143628 2
0 0.565 -0.015 -0.01157926784 2
0 0.565 -0.005 -0.01123634945 2
0 0.565 0.005 -0.0107938364 2
0 0.565 0.015 -0.01031702093 2
0 0.565 0.025 -0.009794577803 2
0 0.565 0.035 -0.009222575296 2
0 0.565 0.045 -0.008598593782 2
0 0.565 0.055 -0.007922414537 2
0 0.565 0.065 -0.007199945839 2
0 0.565 0.075 -0.006439841466 2
0 0.565 0.085 -0.005658226154 2
0 0.565 0.095 -0.004864781644 2
0 0.565 0.105 -0.004082194088 2
0 0.565 0.115 -0.003304562674 2
0 0.565 0.125 -0.002467059486 2
0 0.565 0.135 -0.00134178703 2
0 0.565 0.145 0.000226713306 2
0 0.565 0.155 0.002086689712 2
0 0.565 0.165 0.003765331061 2
0 0.565 0.175 0.00504250939 1
0 0.565 0.185 0.005943709526 1
0 0.565 0.195 0.006701105112 1
0 0.565 0.205 0.007219590533 1
0 0.565 0.215 0.007352177876 1
0 0.565 0.225 0.007078117005 1
0 0.565 0.235 0.006490004476 1
0 0.565 0.245 0.005723131082 1
0 0.565 0.255 0.005071262203 1
0 0.565 0.265 0.005017755715 1
0 0.565 0.275 0.005450565463 1
0 0.565 0.285 0.00598245071 2
0 0.565 0.295 0.006199002478 2
0 0.565 0.305 0.00590927266 2
0 0.565 0.315 0.005345323109 2
0 0.565 0.325 0.004557274257 2
0 0.565 0.335 0.003599973546 2
0 0.565 0.345 0.002466631668 2
0 0.565 0.355 0.001224593588 2
0 0.565 0.365 -9.325074629e-05 2
0 0.565 0.375 -0.001445599925 2
0 0.565 0.385 -0.002805159874 2
0 0.565 0.395 -0.004150784437 2
0 0.565 0.405 -0.005464693365 2
0 0.565 0.415 -0.00673145874 2
0 0.565 0.425 -0.007938446907 2
0 0.565 0.435 -0.009068678245 2
0 0.565 0.445 -0.01011962649 2
0 0.565 0.455 -0.01103956042 2
0 0.565 0.465 -0.01190638143 2
0 0.565 0.475 -0.01239056926 2
0 0.565 0.485 -0.01331546358 2
0 0.565 0.495 -0.01175732858 2
0 0.565 0.505 -0.007646703554 2
0 0.565 0.515 -0.003011690398 2
0 0.565 0.525 0 2
0 0.565 0.535 0 1
0 0.565 0.545 0 1
0 0.565 0.555 0 1
0 0.565 0.565 0 1
0 0.575 -0.555 0 1
0 0.575 -0.545 0 1
0 0.575 -0.535 0 1
0 0.575 -0.525 0 1
0 0.575 -0.515 -0.001755419932 1
0 0.575 -0.505 -0.004650853416 1
0 0.575 -0.495 -0.006717832779 2
0 0.575 -0.485 -0.007667517246 2
0 0.575 -0.475 -0.007043105627 2
0 0.575 -0.465 -0.007037210276 2
0 0.575 -0.455 -0.006598815324 2
0 0.575 -0.445 -0.005832543404 2
0 0.575 -0.435 -0.004703509776 2
0 0.575 -0.425 -0.003460892773 2
0 0.575 -0.415 -0.002378591938 2
0 0.575 -0.405 -0.001767526749 2
0 0.575 -0.395 -0.001767171853 2
0 0.575 -0.385 -0.002351858112 2
0 0.575 -0.375 -0.003139769415 2
0 0.575 -0.365 -0.00366489179 2
0 0.575 -0.355 -0.003621226498 2
0 0.575 -0.345 -0.002942882818 2
0 0.575 -0.335 -0.001685769372 2
0 0.575 -0.325 -0.0001357996183 2
0 0.575 -0.315 0.001358227393 2
0 0.575 -0.305 0.002636020414 2
0 0.575 -0.295 0.00369509972 2
0 0.575 -0.285 0.004585624898 2
0 0.575 -0.275 0.005318372775 2
0 0.575 -0.265 0.005910468708 2
0 0.575 -0.255 0.00637166466 2
0 0.575 -0.245 0.006717934132 2
0 0.575 -0.235 0.00694874379 2
0 0.575 -0.225 0.007108148115 2
0 0.575 -0.215 0.007104107006 2
0 0.575 -0.205 0.006694744254 2
0 0.575 -0.195 0.005809289574 2
0 0.575 -0.185 0.00472516277 1
0 0.575 -0.175 0.004085284315 1
0 0.575 -0.165 0.003993493002 1
0 0.575 -0.155 0.004244325015 1
0 0.575 -0.145 0.004319492785 1
0 0.575 -0.135 0.003957964462 1
0 0.575 -0.125 0.003077851429 1
0 0.575 -0.115 0.001590509212 1
0 0.575 -0.105 -0.000318466073 2
0 0.575 -0.095 -0.002401134083 2
0 0.575 -0.085 -0.004485570515 2
0 0.575 -0.075 -0.006368226196 2
0 0.575 -0.065 -0.007964912236 2
0 0.575 -0.055 -0.009270467286 2
0 0.575 -0.045 -0.0102839135 2
0 0.575 -0.035 -0.01082059444 2
0 0.575 -0.025 -0.01090123226 2
0 0.575 -0.015 -0.01061075671 2
0 0.575 -0.005 -0.01014914429 2
0 0.575 0.005 -0.009609568611 2
0 0.575 0.015 -0.009092967428 2
0 0.575 0.025 -0.00858758753 2
0 0.575 0.035 -0.008062767202 2
0 0.575 0.045 -0.00751078478 2
0 0.575 0.055 -0.00692585619 2
0 0.575 0.065 -0.006312188089 2
0 0.575 0.075 -0.005677434664 2
0 0.575 0.085 -0.005041547438 2
0 0.575 0.095 -0.00441188248 2
0 0.575 0.105 -0.003854001637 2
0 0.575 0.115 -0.003311074755 2
0 0.575 0.125 -0.002637377096 2
0 0.575 0.135 -0.001435796693 2
0 0.575 0.145 0.0003660289548 2
0 0.575 0.155 0.002356459408 2
0 0.575 0.165 0.004000938771 2
0 0.575 0.175 0.005172626838 1
0 0.575 0.185 0.005956873194 1
0 0.575 0.195 0.006406822259 1
0 0.575 0.205 0.006524274154 1
0 0.575 0.215 0.006386589577 1
0 0.575 0.225 0.006030085767 1
0 0.575 0.235 0.005500172803 1
0 0.575 0.245 0.004855248894 1
0 0.575 0.255 0.004385178208 1
0 0.575 0.265 0.00449204481 1
0 0.575 0.275 0.005157097906 1
0 0.575 0.285 0.005784094194 2
0 0.575 0.295 0.006020182186 2
0 0.575 0.305 0.005623107209 2
0 0.575 0.315 0.00492813709 2
0 0.575 0.325 0.004093294129 2
0 0.575 0.335 0.003226245851 2
0 0.575 0.345 0.002247251665 2
0 0.575 0.355 0.00118495813 2
0 0.575 0.365 5.949672602e-05 2
0 0.575 0.375 -0.001101641537 2
0 0.575 0.385 -0.002277082611 2
0 0.575 0.395 -0.003447992099 2
0 0.575 0.405 -0.00459897472 2
0 0.575 0.415 -0.005716926677 2
0 0.575 0.425 -0.006791756057 2
0 0.575 0.435 -0.007811030559 2
0 0.575 0.445 -0.008774749472 2
0 0.575 0.455 -0.009635662244 2
0 0.575 0.465 -0.01047753404 2
0 0.575 0.475 -0.01099096307 2
0 0.575 0.485 -0.01168854104 2
0 0.575 0.495 -0.01023306265 2
0 0.575 0.505 -0.006490678045 2
0 0.575 0.515 -0.002538197899 2
0 0.575 0.525 0 2
0 0.575 0.535 0 1
0 0.575 0.545 0 1
0 0.575 0.555 0 1
0 0.575 0.565 0 1
0 0.585 -0.555 0 1
0 0.585 -0.545 0 1
0 0.585 -0.535 0 1
0 0.585 -0.525 0 1
0 0.585 -0.515 -0.001528812862 1
0 0.585 -0.505 -0.004051087991 2
0 0.585 -0.495 -0.005605074129 2
0 0.585 -0.485 -0.006122399297 2
0 0.585 -0.475 -0.005297830287 2
0 0.585 -0.465 -0.005236076738 2
0 0.585 -0.455 -0.004878409955 2
0 0.585 -0.445 -0.004308296461 2
0 0.585 -0.435 -0.003451210603 2
0 0.585 -0.425 -0.002506307591 2
0 0.585 -0.415 -0.00169470887 2
0 0.585 -0.405 -0.001258889806 2
0 0.585 -0.395 -0.001362889751 2
0 0.585 -0.385 -0.001943690966 2
0 0.585 -0.375 -0.002659935984 2
0 0.585 -0.365 -0.003177342662 2
0 0.585 -0.355 -0.003126973291 2
0 0.585 -0.345 -0.00250373598 2
0 0.585 -0.335 -0.001426939956 2
0 0.585 -0.325 -0.0001499865113 2
0 0.585 -0.315 0.001086572019 2
0 0.585 -0.305 0.002135811603 2
0 0.585 -0.295 0.003028468982 2
0 0.585 -0.285 0.003773067609 2
0 0.585 -0.275 0.004374630568 2
0 0.585 -0.265 0.004839641814 2
0 0.585 -0.255 0.005169204645 2
0 0.585 -0.245 0.005362818761 2
0 0.585 -0.235 0.005410648068 2
0 0.585 -0.225 0.005281517128 2
0 0.585 -0.215 0.004984875179 2
0 0.585 -0.205 0.004450971959 2
0 0.585 -0.195 0.003713549779 2
0 0.585 -0.185 0.002835898704 1
0 0.585 -0.175 0.002698826244 1
0 0.585 -0.165 0.002992029001 1
0 0.585 -0.155 0.003591262787 1
0 0.585 -0.145 0.003943213175 1
0 0.585 -0.135 0.003955842129 1
0 0.585 -0.125 0.003503616467 1
0 0.585 -0.115 0.002472648438 1
0 0.585 -0.105 0.000906507522 1
0 0.585 -0.095 -0.0008850140119 1
0 0.585 -0.085 -0.002777628035 1
0 0.585 -0.075 -0.004653119651 1
0 0.585 -0.065 -0.006381331182 1
0 0.585 -0.055 -0.007827749785 2
0 0.585 -0.045 -0.008890098814 2
0 0.585 -0.035 -0.009464024094 2
0 0.585 -0.025 -0.009625361613 2
0 0.585 -0.015 -0.009371452818 2
0 0.585 -0.005 -0.008853876151 2
0 0.585 0.005 -0.008270029351 2
0 0.585 0.015 -0.007740861903 2
0 0.585 0.025 -0.007278347573 2
0 0.585 0.035 -0.006818581881 2
0 0.585 0.045 -0.006349906655 2
0 0.585 0.055 -0.005862422123 2
0 0.585 0.065 -0.005359446306 2
0 0.585 0.075 -0.004847971636 2
0 0.585 0.085 -0.004350883375 2
0 0.585 0.095 -0.003872670191 2
0 0.585 0.105 -0.003525566277 2
0 0.585 0.115 -0.003167753926 2
0 0.585 0.125 -0.002552172651 2
0 0.585 0.135 -0.001239297292 2
0 0.585 0.145 0.0005895618375 2
0 0.585 0.155 0.002499573209 2
0 0.585 0.165 0.004045695392 1
0 0.585 0.175 0.005148735011 1
0 0.585 0.185 0.005803889249 1
0 0.585 0.195 0.005944441089 1
0 0.585 0.205 0.005749424208 1
0 0.585 0.215 0.005390496051 1
0 0.585 0.225 0.004911337664 1
0 0.585 0.235 0.004319867137 1
0 0.585 0.245 0.003706524867 1
0 0.585 0.255 0.003321359619 1
0 0.585 0.265 0.003503522264 1
0 0.585 0.275 0.004235471988 1
0 0.585 0.285 0.005040923152 2
0 0.585 0.295 0.005416384172 2
0 0.585 0.305 0.005150307409 2
0 0.585 0.315 0.004484882701 2
0 0.585 0.325 0.003681124221 2
0 0.585 0.335 0.002913590187 2
0 0.585 0.345 0.0020754726 2
0 0.585 0.355 0.00118307524 2
0 0.585 0.365 0.0002403483064 2
0 0.585 0.375 -0.0007353288924 2
0 0.585 0.385 -0.00172836724 2
0 0.585 0.395 -0.002723778143 2
0 0.585 0.405 -0.003709203092 2
0 0.585 0.415 -0.004674635832 2
0 0.585 0.425 -0.00561316334 2
0 0.585 0.435 -0.006518828892 2
0 0.585 0.445 -0.007394380747 2
0 0.585 0.455 -0.008214034783 2
0 0.585 0.465 -0.009058745652 2
0 0.585 0.475 -0.009599456143 2
0 0.585 0.485 -0.009999448273 2
0 0.585 0.495 -0.008545151046 2
0 0.585 0.505 -0.005210503629 2
0 0.585 0.515 -0.002011805039 2
0 0.585 0.525 0 2
0 0.585 0.535 0 1
0 0.585 0.545 0 1
0 0.585 0.555 0 1
0 0.585 0.565 0 1
0 0.595 -0.555 0 1
0 0.595 -0.545 0 1
0 0.595 -0.535 0 1
0 0.595 -0.525 0 2
0 0.595 -0.515 -0.001236186334 2
0 0.595 -0.505 -0.003226949519 2
0 0.595 -0.495 -0.004301080559 2
0 0.595 -0.485 -0.004600288661 2
0 0.595 -0.475 -0.003819708461 2
0 0.595 -0.465 -0.003720912883 2
0 0.595 -0.455 -0.003421455434 2
0 0.595 -0.445 -0.003001192907 2
0 0.595 -0.435 -0.0023973139 2
0 0.595 -0.425 -0.001742023701 2
0 0.595 -0.415 -0.001187483744 2
0 0.595 -0.405 -0.0008889154169 2
0 0.595 -0.395 -0.0009880584205 2
0 0.595 -0.385 -0.001431935093 2
0 0.595 -0.375 -0.00196779051 2
0 0.595 -0.365 -0.002337544261 2
0 0.595 -0.355 -0.002281419483 2
0 0.595 -0.345 -0.001780660618 2
0 0.595 -0.335 -0.000964166612 2
0 0.595 -0.325 -1.965011816e-05 2
0 0.595 -0.315 0.0009073353194 2
0 0.595 -0.305 0.001715566669 2
0 0.595 -0.295 0.002420645005 2
0 0.595 -0.285 0.003004208116 2
0 0.595 -0.275 0.003463560541 2
0 0.595 -0.265 0.003794698011 2
0 0.595 -0.255 0.003990535748 2
0 0.595 -0.245 0.004037173901 2
0 0.595 -0.235 0.003916024125 2
0 0.595 -0.225 0.00355473118 2
0 0.595 -0.215 0.002990850854 2
0 0.595 -0.205 0.002297547798 2
0 0.595 -0.195 0.001637714624 2
0 0.595 -0.185 0.0009603980462 2
0 0.595 -0.175 0.001091201351 1
0 0.595 -0.165 0.001689777452 1
0 0.595 -0.155 0.0026101825 1
0 0.595 -0.145 0.003289619027 1
0 0.595 -0.135 0.003543506388 1
0 0.595 -0.125 0.003398169716 1
0 0.595 -0.115 0.002814522125 1
0 0.595 -0.105 0.001737929624 1
0 0.595 -0.095 0.0003408484984 1
0 0.595 -0.085 -0.001216185428 1
0 0.595 -0.075 -0.002823866411 1
0 0.595 -0.065 -0.004326452244 1
0 0.595 -0.055 -0.005694973492 1
0 0.595 -0.045 -0.006795415213 1
0 0.595 -0.035 -0.007579644093 2
0 0.595 -0.025 -0.007842498147 2
0 0.595 -0.015 -0.007723505545 2
0 0.595 -0.005 -0.007263837644 2
0 0.595 0.005 -0.006724548078 2
0 0.595 0.015 -0.006245705163 2
0 0.595 0.025 -0.005863396102 2
0 0.595 0.035 -0.005491681521 2
0 0.595 0.045 -0.005118643352 2
0 0.595 0.055 -0.004734150044 2
0 0.595 0.065 -0.004342041594 2
0 0.595 0.075 -0.003949785441 2
0 0.595 0.085 -0.003580361263 2
0 0.595 0.095 -0.003232813675 2
0 0.595 0.105 -0.003040963521 2
0 0.595 0.115 -0.002791515553 2
0 0.595 0.125 -0.002135304791 2
0 0.595 0.135 -0.0008096206547 2
0 0.595 0.145 0.0007792363975 2
0 0.595 0.155 0.002454557172 1
0 0.595 0.165 0.003892150536 1
0 0.595 0.175 0.004945197125 1
0 0.595 0.185 0.005392867283 1
0 0.595 0.195 0.005278993331 1
0 0.595 0.205 0.004863212299 1
0 0.595 0.215 0.004300102867 1
0 0.595 0.225 0.003621535073 1
0 0.595 0.235 0.002910999283 1
0 0.595 0.245 0.002270639224 1
0 0.595 0.255 0.001968628975 1
0 0.595 0.265 0.002264597018 1
0 0.595 0.275 0.003026292815 1
0 0.595 0.285 0.004033805781 2
0 0.595 0.295 0.004545239159 2
0 0.595 0.305 0.00446612038 2
0 0.595 0.315 0.00393384552 2
0 0.595 0.325 0.003252685451 2
0 0.595 0.335 0.002620336712 2
0 0.595 0.345 0.001935719767 2
0 0.595 0.355 0.001212782609 2
0 0.595 0.365 0.000449008196 2
0 0.595 0.375 -0.0003441165165 2
0 0.595 0.385 -0.001155702894 2
0 0.595 0.395 -0.001974548557 2
0 0.595 0.405 -0.002791349423 2
0 0.595 0.415 -0.003599326688 2
0 0.595 0.425 -0.004394784551 2
0 0.595 0.435 -0.005178912766 2
0 0.595 0.445 -0.005956258948 2
0 0.595 0.455 -0.006737963891 2
0 0.595 0.465 -0.007565108766 2
0 0.595 0.475 -0.008104776088 2
0 0.595 0.485 -0.008204799456 2
0 0.595 0.495 -0.006779220732 2
0 0.595 0.505 -0.003944749545 2
0 0.595 0.515 -0.001510865889 1
0 0.595 0.525 0 1
0 0.595 0.535 0 1
0 0.595 0.545 0 1
0 0.595 0.555 0 1
0 0.595 0.565 0 1
0 0.605 -0.555 0 1
0 0.605 -0.545 0 1
0 0.605 -0.535 0 2
0 0.605 -0.525 0 2
0 0.605 -0.515 -0.0008543318785 2
0 0.605 -0.505 -0.002233949696 2
0 0.605 -0.495 -0.002914976894 2
0 0.605 -0.485 -0.003117668822 2
0 0.605 -0.475 -0.002486164615 2
0 0.605 -0.465 -0.002363001723 2
0 0.605 -0.455 -0.002092911722 2
0 0.605 -0.445 -0.00177839777 2
0 0.605 -0.435 -0.001385838326 2
0 0.605 -0.425 -0.0009863371947 2
0 0.605 -0.415 -0.0006608693255 2
0 0.605 -0.405 -0.0005033663653 2
0 0.605 -0.395 -0.0005745570431 2
0 0.605 -0.385 -0.0008402920377 2
0 0.605 -0.375 -0.001165250471 2
0 0.605 -0.365 -0.001381370726 2
0 0.605 -0.355 -0.001347511082 2
0 0.605 -0.345 -0.001035822177 2
0 0.605 -0.335 -0.0005092658459 2
0 0.605 -0.325 0.0001201293943 2
0 0.605 -0.315 0.0007611736605 2
0 0.605 -0.305 0.001346767274 2
0 0.605 -0.295 0.001859970753 2
0 0.605 -0.285 0.002279269121 2
0 0.605 -0.275 0.002594513703 2
0 0.605 -0.265 0.002794095745 2
0 0.605 -0.255 0.002864843313 2
0 0.605 -0.245 0.002785087715 2
0 0.605 -0.235 0.002530988189 2
0 0.605 -0.225 0.00202439277 2
0 0.605 -0.215 0.00128319122 2
0 0.605 -0.205 0.0004104786992 2
0 0.605 -0.195 -0.0003168155726 2
0 0.605 -0.185 -0.0007998282477 2
0 0.605 -0.175 -0.0007146512149 1
0 0.605 -0.165 2.336860788e-05 1
0 0.605 -0.155 0.00113328978 1
0 0.605 -0.145 0.002198246767 1
0 0.605 -0.135 0.002808071482 1
0 0.605 -0.125 0.003011721843 1
0 0.605 -0.115 0.002852549055 1
0 0.605 -0.105 0.002263771621 1
0 0.605 -0.095 0.001346002637 1
0 0.605 -0.085 0.0002266995485 1
0 0.605 -0.075 -0.0009697115751 1
0 0.605 -0.065 -0.002147759372 1
0 0.605 -0.055 -0.003317401115 1
0 0.605 -0.045 -0.004284131248 1
0 0.605 -0.035 -0.005112171174 1
0 0.605 -0.025 -0.005482629267 2
0 0.605 -0.015 -0.005586275882 2
0 0.605 -0.005 -0.005331654721 2
0 0.605 0.005 -0.004958685705 2
0 0.605 0.015 -0.00461638029 2
0 0.605 0.025 -0.00435430591 2
0 0.605 0.035 -0.004093240665 2
0 0.605 0.045 -0.003826244845 2
0 0.605 0.055 -0.003547916654 2
0 0.605 0.065 -0.003264334002 2
0 0.605 0.075 -0.002985645333 2
0 0.605 0.085 -0.002730931484 2
0 0.605 0.095 -0.002490933064 2
0 0.605 0.105 -0.002378898306 2
0 0.605 0.115 -0.002147610077 2
0 0.605 0.125 -0.001473398862 2
0 0.605 0.135 -0.0003162417804 2
0 0.605 0.145 0.0009961199837 1
0 0.605 0.155 0.002419376501 1
0 0.605 0.165 0.003649397263 1
0 0.605 0.175 0.004508543906 1
0 0.605 0.185 0.004739300939 1
0 0.605 0.195 0.004464243265 1
0 0.605 0.205 0.003871853831 1
0 0.605 0.215 0.003109616523 1
0 0.605 0.225 0.002174539046 1
0 0.605 0.235 0.001360493407 1
0 0.605 0.245 0.0007096336353 1
0 0.605 0.255 0.0005236091808 1
0 0.605 0.265 0.0009840200735 1
0 0.605 0.275 0.001866828883 2
0 0.605 0.285 0.002936136852 2
0 0.605 0.295 0.003528134368 2
0 0.605 0.305 0.003619846134 2
0 0.605 0.315 0.003288867079 2
0 0.605 0.325 0.002801356119 2
0 0.605 0.335 0.002333901352 2
0 0.605 0.345 0.00181741067 2
0 0.605 0.355 0.001268085461 2
0 0.605 0.365 0.0006834903231 2
0 0.605 0.375 7.221117676e-05 2
0 0.605 0.385 -0.0005579697771 2
0 0.605 0.395 -0.001198748547 2
0 0.605 0.405 -0.001843383512 2
0 0.605 0.415 -0.002487796243 2
0 0.605 0.425 -0.003130897637 2
0 0.605 0.435 -0.00378008754 2
0 0.605 0.445 -0.004441235331 2
0 0.605 0.455 -0.005166132419 2
0 0.605 0.465 -0.005923503099 2
0 0.605 0.475 -0.006411245741 2
0 0.605 0.485 -0.006308553682 2
0 0.605 0.495 -0.005135651975 2
0 0.605 0.505 -0.002861921032 1
0 0.605 0.515 -0.001127871664 1
0 0.605 0.525 0 1
0 0.605 0.535 0 1
0 0.605 0.545 0 1
0 0.605 0.555 0 1
0 0.605 0.565 0 1
0 0.615 -0.555 0 1
0 0.615 -0.545 0 1
0 0.615 -0.535 0 1
0 0.615 -0.525 0 2
0 0.615 -0.515 -0.0004597566174 2
0 0.615 -0.505 -0.001235427912 2
0 0.615 -0.495 -0.001563883207 2
0 0.615 -0.485 -0.001631935969 2
0 0.615 -0.475 -0.001165976643 2
0 0.615 -0.465 -0.001016823207 2
0 0.615 -0.455 -0.0007896019726 2
0 0.615 -0.445 -0.0005727853173 2
0 0.615 -0.435 -0.000344777482 2
0 0.615 -0.425 -0.000144072176 2
0 0.615 -0.415 -8.824531334e-06 2
0 0.615 -0.405 2.332278094e-05 2
0 0.615 -0.395 -5.664512583e-05 2
0 0.615 -0.385 -0.0002194149037 2
0 0.615 -0.375 -0.0004008996588 2
0 0.615 -0.365 -0.0005240605226 2
0 0.615 -0.355 -0.0005256039272 2
0 0.615 -0.345 -0.0003832152488 2
0 0.615 -0.335 -0.0001110926778 2
0 0.615 -0.325 0.0002441437012 2
0 0.615 -0.315 0.0006326904724 2
0 0.615 -0.305 0.001007391764 2
0 0.615 -0.295 0.001336124395 2
0 0.615 -0.285 0.001596550629 2
0 0.615 -0.275 0.001773251205 2
0 0.615 -0.265 0.001850589202 2
0 0.615 -0.255 0.001811969296 2
0 0.615 -0.245 0.00163340677 2
0 0.615 -0.235 0.001288853453 2
0 0.615 -0.225 0.000717705401 2
0 0.615 -0.215 -0.0001118956377 2
0 0.615 -0.205 -0.001097347945 2
0 0.615 -0.195 -0.001949458517 2
0 0.615 -0.185 -0.002385137231 2
0 0.615 -0.175 -0.002407551165 2
0 0.615 -0.165 -0.00180931908 1
0 0.615 -0.155 -0.0007202147783 1
0 0.615 -0.145 0.0006271731601 1
0 0.615 -0.135 0.001697703974 1
0 0.615 -0.125 0.002316132982 1
0 0.615 -0.115 0.002532337059 1
0 0.615 -0.105 0.002390535234 1
0 0.615 -0.095 0.001972448037 1
0 0.615 -0.085 0.001355657912 1
0 0.615 -0.075 0.0006750378479 1
0 0.615 -0.065 -8.555739557e-06 1
0 0.615 -0.055 -0.000757147316 1
0 0.615 -0.045 -0.00150564548 1
0 0.615 -0.035 -0.002243636936 1
0 0.615 -0.025 -0.002738263684 2
0 0.615 -0.015 -0.003044132023 2
0 0.615 -0.005 -0.003091604886 2
0 0.615 0.005 -0.003008857648 2
0 0.615 0.015 -0.002887799112 2
0 0.615 0.025 -0.002778713775 2
0 0.615 0.035 -0.002644330713 2
0 0.615 0.045 -0.002488666926 2
0 0.615 0.055 -0.002315517015 2
0 0.615 0.065 -0.002134836134 2
0 0.615 0.075 -0.001962432029 2
0 0.615 0.085 -0.001810488521 2
0 0.615 0.095 -0.001689097915 2
0 0.615 0.105 -0.001626388977 2
0 0.615 0.115 -0.001383737849 2
0 0.615 0.125 -0.0007583618071 2
0 0.615 0.135 0.0002188915671 2
0 0.615 0.145 0.001374148858 1
0 0.615 0.155 0.00251087861 1
0 0.615 0.165 0.003380267948 1
0 0.615 0.175 0.003884704395 1
0 0.615 0.185 0.003887003871 1
0 0.615 0.195 0.003493864613 1
0 0.615 0.205 0.002777444576 1
0 0.615 0.215 0.001867997751 1
0 0.615 0.225 0.0008056853621 2
0 0.615 0.235 -2.671560505e-05 2
0 0.615 0.245 -0.0005900294494 2
0 0.615 0.255 -0.0006301162486 2
0 0.615 0.265 -0.000106896777 2
0 0.615 0.275 0.0008478871054 2
0 0.615 0.285 0.00187611837 2
0 0.615 0.295 0.002523190891 2
0 0.615 0.305 0.002734777271 2
0 0.615 0.315 0.002610143971 2
0 0.615 0.325 0.00234312636 2
0 0.615 0.335 0.002056048557 2
0 0.615 0.345 0.001717963163 2
0 0.615 0.355 0.001346432296 2
0 0.615 0.365 0.0009421872319 2
0 0.615 0.375 0.0005127450587 2
0 0.615 0.385 6.426575563e-05 2
0 0.615 0.395 -0.0003968990533 2
0 0.615 0.405 -0.0008657898236 2
0 0.615 0.415 -0.001339997284 2
0 0.615 0.425 -0.001819767885 2
0 0.615 0.435 -0.002315550892 2
0 0.615 0.445 -0.002832614085 2
0 0.615 0.455 -0.003449339227 2
0 0.615 0.465 -0.004071692422 2
0 0.615 0.475 -0.004436451417 2
0 0.615 0.485 -0.004267042308 2
0 0.615 0.495 -0.003553041843 2
0 0.615 0.505 -0.001908345583 1
0 0.615 0.515 -0.0008009480397 1
0 0.615 0.525 0 1
0 0.615 0.535 0 1
0 0.615 0.545 0 1
0 0.615 0.555 0 1
0 0.615 0.565 0 1
0 0.625 -0.555 0 1
0 0.625 -0.545 0 1
0 0.625 -0.535 0 1
0 0.625 -0.525 0 2
0 0.625 -0.515 -7.188090006e-05 2
0 0.625 -0.505 -0.0002455955189 2
0 0.625 -0.495 -0.0001656864738 2
0 0.625 -0.485 -6.2698917e-05 2
0 0.625 -0.475 0.0002312587327 2
0 0.625 -0.465 0.0003801870451 2
0 0.625 -0.455 0.0005336152245 2
0 0.625 -0.445 0.0006518354165 2
0 0.625 -0.435 0.0007519917494 2
0 0.625 -0.425 0.0008148436006 2
0 0.625 -0.415 0.0008229331493 2
0 0.625 -0.405 0.0007617886809 2
0 0.625 -0.395 0.0006327274443 2
0 0.625 -0.385 0.0004570400501 2
0 0.625 -0.375 0.0002728512648 2
0 0.625 -0.365 0.0001238219624 2
0 0.625 -0.355 4.646320855e-05 2
0 0.625 -0.345 5.74640673e-05 2
0 0.625 -0.335 0.0001524894643 2
0 0.625 -0.325 0.0003084079777 2
0 0.625 -0.315 0.000494944246 2
0 0.625 -0.305 0.0006807723866 2
0 0.625 -0.295 0.0008404300333 2
0 0.625 -0.285 0.0009532219747 2
0 0.625 -0.275 0.001002238711 2
0 0.625 -0.265 0.0009710354025 2
0 0.625 -0.255 0.0008423155676 2
0 0.625 -0.245 0.0005939084559 2
0 0.625 -0.235 0.0002004421417 2
0 0.625 -0.225 -0.0003717000792 2
0 0.625 -0.215 -0.001181590732 2
0 0.625 -0.205 -0.002166905658 2
0 0.625 -0.195 -0.00313875614 2
0 0.625 -0.185 -0.003761443438 2
0 0.625 -0.175 -0.003874092492 2
0 0.625 -0.165 -0.003420313967 2
0 0.625 -0.155 -0.002423257107 1
0 0.625 -0.145 -0.0009984822154 1
0 0.625 -0.135 0.0003936417002 1
0 0.625 -0.125 0.001366689447 1
0 0.625 -0.115 0.001938859158 1
0 0.625 -0.105 0.002260436664 1
0 0.625 -0.095 0.002399430117 1
0 0.625 -0.085 0.002339582936 1
0 0.625 -0.075 0.002101696501 1
0 0.625 -0.065 0.001823842569 1
0 0.625 -0.055 0.001584721749 1
0 0.625 -0.045 0.001244085855 1
0 0.625 -0.035 0.0007923209405 1
0 0.625 -0.025 0.0001813668548 2
0 0.625 -0.015 -0.0003513190899 2
0 0.625 -0.005 -0.0007513244936 2
0 0.625 0.005 -0.0009956144631 2
0 0.625 0.015 -0.001126293677 2
0 0.625 0.025 -0.001180105071 2
0 0.625 0.035 -0.001174894422 2
0 0.625 0.045 -0.001127695445 2
0 0.625 0.055 -0.001052985958 2
0 0.625 0.065 -0.0009650671265 2
0 0.625 0.075 -0.0008865453497 2
0 0.625 0.085 -0.0008224503303 2
0 0.625 0.095 -0.0008330553572 2
0 0.625 0.105 -0.000805414565 2
0 0.625 0.115 -0.0005734470359 2
0 0.625 0.125 -1.696559861e-05 2
0 0.625 0.135 0.0008371343409 2
0 0.625 0.145 0.001801489053 1
0 0.625 0.155 0.002588575928 1
0 0.625 0.165 0.0030655517 1
0 0.625 0.175 0.003213861695 1
0 0.625 0.185 0.002990395993 1
0 0.625 0.195 0.002431500325 1
0 0.625 0.205 0.001618182775 1
0 0.625 0.215 0.0006068740456 1
0 0.625 0.225 -0.0003684818832 2
0 0.625 0.235 -0.001135552294 2
0 0.625 0.245 -0.00152755545 2
0 0.625 0.255 -0.001406543607 2
0 0.625 0.265 -0.0008051913167 2
0 0.625 0.275 0.0001092842377 2
0 0.625 0.285 0.0009886196384 2
0 0.625 0.295 0.001595173792 2
0 0.625 0.305 0.001887902761 2
0 0.625 0.315 0.001953862384 2
0 0.625 0.325 0.001901861949 2
0 0.625 0.335 0.001797538791 2
0 0.625 0.345 0.001640629371 2
0 0.625 0.355 0.001448032778 2
0 0.625 0.365 0.001224135917 2
0 0.625 0.375 0.0009760329892 2
0 0.625 0.385 0.000709092226 2
0 0.625 0.395 0.0004284548176 2
0 0.625 0.405 0.0001380868361 2
0 0.625 0.415 -0.0001600856688 2
0 0.625 0.425 -0.0004661086751 2
0 0.625 0.435 -0.0007891066966 2
0 0.625 0.445 -0.001131535451 2
0 0.625 0.455 -0.00157468675 2
0 0.625 0.465 -0.002000761184 2
0 0.625 0.475 -0.002245732551 2
0 0.625 0.485 -0.002138175075 2
0 0.625 0.495 -0.001817059527 1
0 0.625 0.505 -0.0009567854152 1
0 0.625 0.515 -0.0004370498066 1
0 0.625 0.525 0 1
0 0.625 0.535 0 1
0 0.625 0.545 0 1
0 0.625 0.555 0 1
0 0.625 0.565 0 1
0 0.635 -0.555 0 1
0 0.635 -0.545 0 1
0 0.635 -0.535 0 1
0 0.635 -0.525 0 2
0 0.635 -0.515 0.0003217893306 2
0 0.635 -0.505 0.0007676075017 2
0 0.635 -0.495 0.001316973421 2
0 0.635 -0.485 0.00160039019 2
0 0.635 -0.475 0.001725208843 2
0 0.635 -0.465 0.001836135023 2
0 0.635 -0.455 0.001894776586 2
0 0.635 -0.445 0.001917727125 2
0 0.635 -0.435 0.001902697657 2
0 0.635 -0.425 0.001845155712 2
0 0.635 -0.415 0.001739000885 2
0 0.635 -0.405 0.001582143822 2
0 0.635 -0.395 0.001380546172 2
0 0.635 -0.385 0.001150130461 2
0 0.635 -0.375 0.0009146207479 2
0 0.635 -0.365 0.0006999869693 2
0 0.635 -0.355 0.0005281799859 2
0 0.635 -0.345 0.0004111518987 2
0 0.635 -0.335 0.0003492712309 2
0 0.635 -0.325 0.0003320372224 2
0 0.635 -0.315 0.0003425044623 2
0 0.635 -0.305 0.0003608096689 2
0 0.635 -0.295 0.0003679702396 2
0 0.635 -0.285 0.0003466792397 2
0 0.635 -0.275 0.00028139972 2
0 0.635 -0.265 0.0001569850183 2
0 0.635 -0.255 -4.238964607e-05 2
0 0.635 -0.245 -0.0003347950846 2
0 0.635 -0.235 -0.0007418412226 2
0 0.635 -0.225 -0.001278856502 2
0 0.635 -0.215 -0.001993593848 2
0 0.635 -0.205 -0.002878658628 2
0 0.635 -0.195 -0.003830439565 2
0 0.635 -0.185 -0.004599294743 2
0 0.635 -0.175 -0.004881910993 2
0 0.635 -0.165 -0.004553656196 2
0 0.635 -0.155 -0.003697072663 2
0 0.635 -0.145 -0.002377087486 1
0 0.635 -0.135 -0.0008395392534 1
0 0.635 -0.125 0.0004687994931 1
0 0.635 -0.115 0.001456928456 1
0 0.635 -0.105 0.002220191689 1
0 0.635 -0.095 0.002829588164 1
0 0.635 -0.085 0.00324080274 1
0 0.635 -0.075 0.003437355775 1
0 0.635 -0.065 0.003585180469 1
0 0.635 -0.055 0.003742482274 1
0 0.635 -0.045 0.003689973375 1
0 0.635 -0.035 0.003472464786 1
0 0.635 -0.025 0.002825609051 2
0 0.635 -0.015 0.002166136367 2
0 0.635 -0.005 0.001486779794 2
0 0.635 0.005 0.0009500172973 2
0 0.635 0.015 0.0005928141073 2
0 0.635 0.025 0.0003923757494 2
0 0.635 0.035 0.0002809791871 2
0 0.635 0.045 0.000231266381 2
0 0.635 0.055 0.0002200225587 2
0 0.635 0.065 0.0002296700531 2
0 0.635 0.075 0.0002326599874 2
0 0.635 0.085 0.0002265366206 2
0 0.635 0.095 8.678236062e-05 2
0 0.635 0.105 6.57791241e-05 2
0 0.635 0.115 0.0002809020885 2
0 0.635 0.125 0.000765904298 2
0 0.635 0.135 0.001388591924 2
0 0.635 0.145 0.002050614025 1
0 0.635 0.155 0.0025191246 1
0 0.635 0.165 0.002743809566 1
0 0.635 0.175 0.002612858648 1
0 0.635 0.185 0.002155394098 1
0 0.635 0.195 0.001374520503 1
0 0.635 0.205 0.0004220038181 1
0 0.635 0.215 -0.0006982830953 1
0 0.635 0.225 -0.001445872804 2
0 0.635 0.235 -0.002026518836 2
0 0.635 0.245 -0.002163002916 2
0 0.635 0.255 -0.001892210975 2
0 0.635 0.265 -0.001292248258 2
0 0.635 0.275 -0.0005384069314 2
0 0.635 0.285 0.0001797151849 2
0 0.635 0.295 0.0007502735751 2
0 0.635 0.305 0.00113652612 2
0 0.635 0.315 0.001366470559 2
0 0.635 0.325 0.001501235771 2
0 0.635 0.335 0.001570974982 2
0 0.635 0.345 0.001590704826 2
0 0.635 0.355 0.001574483768 2
0 0.635 0.365 0.001528835824 2
0 0.635 0.375 0.001460246995 2
0 0.635 0.385 0.001373515181 2
0 0.635 0.395 0.001272982306 2
0 0.635 0.405 0.001162185502 2
0 0.635 0.415 0.001043544954 2
0 0.635 0.425 0.0009185657049 2
0 0.635 0.435 0.0007837721919 2
0 0.635 0.445 0.00064097781 2
0 0.635 0.455 0.0004416681091 2
0 0.635 0.465 0.0002751675966 2
0 0.635 0.475 0.0001477366429 2
0 0.635 0.485 0.0001279509685 2
0 0.635 0.495 9.395512571e-05 1
0 0.635 0.505 5.982944596e-05 1
0 0.635 0.515 -1.163626963e-05 1
0 0.635 0.525 0 1
0 0.635 0.535 0 1
0 0.635 0.545 0 1
0 0.635 0.555 0 1
0 0.635 0.565 0 1
0 0.645 -0.555 0 1
0 0.645 -0.545 0 1
0 0.645 -0.535 0 1
0 0.645 -0.525 0 2
0 0.645 -0.515 0.0007257532281 2
0 0.645 -0.505 0.001805739967 2
0 0.645 -0.495 0.002857512742 2
0 0.645 -0.485 0.003326208028 2
0 0.645 -0.475 0.003283956145 2
0 0.645 -0.465 0.003340408387 2
0 0.645 -0.455 0.003299983945 2
0 0.645 -0.445 0.003227619296 2
0 0.645 -0.435 0.003104090736 2
0 0.645 -0.425 0.002935610808 2
0 0.645 -0.415 0.002720499213 2
0 0.645 -0.405 0.002462429194 2
0 0.645 -0.395 0.002168946996 2
0 0.645 -0.385 0.001853096983 2
0 0.645 -0.375 0.00153167491 2
0 0.645 -0.365 0.001222386984 2
0 0.645 -0.355 0.0009404180532 2
0 0.645 -0.345 0.0006953308029 2
0 0.645 -0.335 0.0004897587432 2
0 0.645 -0.325 0.0003194890231 2
0 0.645 -0.315 0.0001753317969 2
0 0.645 -0.305 4.512544946e-05 2
0 0.645 -0.295 -8.415519733e-05 2
0 0.645 -0.285 -0.0002254478503 2
0 0.645 -0.275 -0.0003912544459 2
0 0.645 -0.265 -0.0005940508409 2
0 0.645 -0.255 -0.0008468010098 2
0 0.645 -0.245 -0.001163000033 2
0 0.645 -0.235 -0.001558390002 2
0 0.645 -0.225 -0.002045034735 2
0 0.645 -0.215 -0.00264118069 2
0 0.645 -0.205 -0.003358295675 2
0 0.645 -0.195 -0.004157299802 2
0 0.645 -0.185 -0.004893513748 2
0 0.645 -0.175 -0.005307620051 2
0 0.645 -0.165 -0.005130152931 2
0 0.645 -0.155 -0.00434028674 2
0 0.645 -0.145 -0.003174406613 2
0 0.645 -0.135 -0.001784024966 2
0 0.645 -0.125 -0.0003552580796 2
0 0.645 -0.115 0.0009657256989 2
0 0.645 -0.105 0.002117691714 1
0 0.645 -0.095 0.003130688746 1
0 0.645 -0.085 0.003979678522 1
0 0.645 -0.075 0.004634963095 1
0 0.645 -0.065 0.005175208778 1
0 0.645 -0.055 0.005597969728 1
0 0.645 -0.045 0.005758069997 1
0 0.645 -0.035 0.005617018091 2
0 0.645 -0.025 0.004996423642 2
0 0.645 -0.015 0.004246991333 2
0 0.645 -0.005 0.003404447686 2
0 0.645 0.005 0.002697418234 2
0 0.645 0.015 0.002198415499 2
0 0.645 0.025 0.001891473003 2
0 0.645 0.035 0.001689465646 2
0 0.645 0.045 0.001561695653 2
0 0.645 0.055 0.001481449583 2
0 0.645 0.065 0.001430801265 2
0 0.645 0.075 0.001382941658 2
0 0.645 0.085 0.001334539735 2
0 0.645 0.095 0.001139011572 2
0 0.645 0.105 0.001076936437 2
0 0.645 0.115 0.001253412489 2
0 0.645 0.125 0.001595645004 2
0 0.645 0.135 0.001834330362 2
0 0.645 0.145 0.002169811937 1
0 0.645 0.155 0.002367207769 1
0 0.645 0.165 0.002415258034 1
0 0.645 0.175 0.002044300261 1
0 0.645 0.185 0.001350081716 1
0 0.645 0.195 0.000333664447 1
0 0.645 0.205 -0.0008414539406 1
0 0.645 0.215 -0.002058618627 2
0 0.645 0.225 -0.002681237922 2
0 0.645 0.235 -0.003009405746 2
0 0.645 0.245 -0.002869919939 2
0 0.645 0.255 -0.002432230013 2
0 0.645 0.265 -0.001824511462 2
0 0.645 0.275 -0.00116664909 2
0 0.645 0.285 -0.0005250612749 2
0 0.645 0.295 3.835879533e-05 2
0 0.645 0.305 0.0004992846899 2
0 0.645 0.315 0.000863818268 2
0 0.645 0.325 0.001154304976 2
0 0.645 0.335 0.001385169662 2
0 0.645 0.345 0.00157268689 2
0 0.645 0.355 0.001727307992 2
0 0.645 0.365 0.001855660422 2
0 0.645 0.375 0.001963109863 2
0 0.645 0.385 0.00205368055 2
0 0.645 0.395 0.002130978956 2
0 0.645 0.405 0.002198310235 2
0 0.645 0.415 0.002259025032 2
0 0.645 0.425 0.002316766973 2
0 0.645 0.435 0.002376084433 2
0 0.645 0.445 0.002442889565 2
0 0.645 0.455 0.002526682717 2
0 0.645 0.465 0.002635952237 2
0 0.645 0.475 0.002636099524 2
0 0.645 0.485 0.002470759596 2
0 0.645 0.495 0.001959994201 1
0 0.645 0.505 0.001072004208 1
0 0.645 0.515 0.0004091012888 1
0 0.645 0.525 0 1
0 0.645 0.535 0 1
0 0.645 0.545 0 1
0 0.645 0.555 0 1
0 0.645 0.565 0 1
0 0.655 -0.555 0 1
0 0.655 -0.545 0 1
0 0.655 -0.535 0 1
0 0.655 -0.525 0 2
0 0.655 -0.515 0.001138999164 2
0 0.655 -0.505 0.002863225425 2
0 0.655 -0.495 0.004433902889 2
0 0.655 -0.485 0.005092978885 2
0 0.655 -0.475 0.004885697481 2
0 0.655 -0.465 0.004885452524 2
0 0.655 -0.455 0.004743650935 2
0 0.655 -0.445 0.004574963504 2
0 0.655 -0.435 0.004344631786 2
0 0.655 -0.425 0.004067067644 2
0 0.655 -0.415 0.003742064212 2
0 0.655 -0.405 0.003376599875 2
0 0.655 -0.395 0.002978873344 2
0 0.655 -0.385 0.002560468701 2
0 0.655 -0.375 0.002134741743 2
0 0.655 -0.365 0.001715363444 2
0 0.655 -0.355 0.001314317823 2
0 0.655 -0.345 0.0009401824574 2
0 0.655 -0.335 0.0005971986874 2
0 0.655 -0.325 0.0002851451874 2
0 0.655 -0.315 1.038210621e-07 2
0 0.655 -0.305 -0.000264482067 2
0 0.655 -0.295 -0.0005166354566 2
0 0.655 -0.285 -0.0007650806896 2
0 0.655 -0.275 -0.001018812349 2
0 0.655 -0.265 -0.001287003129 2
0 0.655 -0.255 -0.001579097593 2
0 0.655 -0.245 -0.001904329923 2
0 0.655 -0.235 -0.002272170768 2
0 0.655 -0.225 -0.002690081569 2
0 0.655 -0.215 -0.003158219547 2
0 0.655 -0.205 -0.00367872715 2
0 0.655 -0.195 -0.004248299443 2
0 0.655 -0.185 -0.004812716397 2
0 0.655 -0.175 -0.005180424952 2
0 0.655 -0.165 -0.005135359486 2
0 0.655 -0.155 -0.004545321234 2
0 0.655 -0.145 -0.003540567954 2
0 0.655 -0.135 -0.002263734127 2
0 0.655 -0.125 -0.0007956047569 2
0 0.655 -0.115 0.000737262147 2
0 0.655 -0.105 0.002118900785 2
0 0.655 -0.095 0.003309628858 2
0 0.655 -0.085 0.004440564353 2
0 0.655 -0.075 0.005464391688 2
0 0.655 -0.065 0.006318837583 2
0 0.655 -0.055 0.006887503643 2
0 0.655 -0.045 0.00711993418 2
0 0.655 -0.035 0.006980399607 2
0 0.655 -0.025 0.00650313626 2
0 0.655 -0.015 0.005766938494 2
0 0.655 -0.005 0.004919627417 2
0 0.655 0.005 0.004186024914 2
0 0.655 0.015 0.003646145565 2
0 0.655 0.025 0.003282349251 2
0 0.655 0.035 0.003022148637 2
0 0.655 0.045 0.002838593021 2
0 0.655 0.055 0.002707756239 2
0 0.655 0.065 0.002615017392 2
0 0.655 0.075 0.002541158656 2
0 0.655 0.085 0.002482196916 2
0 0.655 0.095 0.00233453134 2
0 0.655 0.105 0.002266484123 2
0 0.655 0.115 0.002318545587 2
0 0.655 0.125 0.002411453514 2
0 0.655 0.135 0.002279103557 1
0 0.655 0.145 0.002283030711 1
0 0.655 0.155 0.002205966511 1
0 0.655 0.165 0.002034306746 1
0 0.655 0.175 0.001429524367 1
0 0.655 0.185 0.0004221739889 1
0 0.655 0.195 -0.0008664058298 1
0 0.655 0.205 -0.002250376567 1
0 0.655 0.215 -0.003369735276 2
0 0.655 0.225 -0.003914680742 2
0 0.655 0.235 -0.003951476994 2
0 0.655 0.245 -0.003563890957 2
0 0.655 0.255 -0.002992253761 2
0 0.655 0.265 -0.00237564757 2
0 0.655 0.275 -0.001755769833 2
0 0.655 0.285 -0.001139513519 2
0 0.655 0.295 -0.0005575516009 2
0 0.655 0.305 -2.719941081e-05 2
0 0.655 0.315 0.0004456757461 2
0 0.655 0.325 0.0008662902415 2
0 0.655 0.335 0.001244349779 2
0 0.655 0.345 0.001589004398 2
0 0.655 0.355 0.001907037818 2
0 0.655 0.365 0.002203429793 2
0 0.655 0.375 0.00248186176 2
0 0.655 0.385 0.002745158165 2
0 0.655 0.395 0.002995969266 2
0 0.655 0.405 0.003237170823 2
0 0.655 0.415 0.003472791337 2
0 0.655 0.425 0.003708178523 2
0 0.655 0.435 0.003955217927 2
0 0.655 0.445 0.004222460927 2
0 0.655 0.455 0.004576005205 2
0 0.655 0.465 0.004939925613 2
0 0.655 0.475 0.005054081613 2
0 0.655 0.485 0.004723474455 2
0 0.655 0.495 0.003726199892 1
0 0.655 0.505 0.002019835831 1
0 0.655 0.515 0.0007964211532 1
0 0.655 0.525 0 1
0 0.655 0.535 0 1
0 0.655 0.545 0 1
0 0.655 0.555 0 1
0 0.655 0.565 0 2
0 0.665 -0.555 0 1
0 0.665 -0.545 0 1
0 0.665 -0.535 0 2
0 0.665 -0.525 0 2
0 0.665 -0.515 0.001558097095 2
0 0.665 -0.505 0.003933734182 2
0 0.665 -0.495 0.006033630887 2
0 0.665 -0.485 0.006887140179 2
0 0.665 -0.475 0.006516517436 2
0 0.665 -0.465 0.006459495859 2
0 0.665 -0.455 0.006215950844 2
0 0.665 -0.445 0.005950802281 2
0 0.665 -0.435 0.00561410074 2
0 0.665 -0.425 0.005227247656 2
0 0.665 -0.415 0.004790206325 2
0 0.665 -0.405 0.004312075091 2
0 0.665 -0.395 0.003801460872 2
0 0.665 -0.385 0.003269463932 2
0 0.665 -0.375 0.002727985638 2
0 0.665 -0.365 0.00218901933 2
0 0.665 -0.355 0.001663371227 2
0 0.665 -0.345 0.001159638809 2
0 0.665 -0.335 0.0006835473371 2
0 0.665 -0.325 0.0002377588975 2
0 0.665 -0.315 -0.0001778348822 2
0 0.665 -0.305 -0.0005655611873 2
0 0.665 -0.295 -0.0009292967077 2
0 0.665 -0.285 -0.001273915019 2
0 0.665 -0.275 -0.001604882483 2
0 0.665 -0.265 -0.001927973422 2
0 0.665 -0.255 -0.002249075048 2
0 0.665 -0.245 -0.002573695774 2
0 0.665 -0.235 -0.00290635156 2
0 0.665 -0.225 -0.003249563656 2
0 0.665 -0.215 -0.003601544616 2
0 0.665 -0.205 -0.00395028426 2
0 0.665 -0.195 -0.004283986865 2
0 0.665 -0.185 -0.004592588103 2
0 0.665 -0.175 -0.004760045046 2
0 0.665 -0.165 -0.004656344962 2
0 0.665 -0.155 -0.004178377087 2
0 0.665 -0.145 -0.003356274777 2
0 0.665 -0.135 -0.002242199446 2
0 0.665 -0.125 -0.000916919227 2
0 0.665 -0.115 0.0005167444887 2
0 0.665 -0.105 0.001955212203 2
0 0.665 -0.095 0.003316308625 2
0 0.665 -0.085 0.004635778122 2
0 0.665 -0.075 0.005845996 2
0 0.665 -0.065 0.0068492963 2
0 0.665 -0.055 0.007506749871 2
0 0.665 -0.045 0.007837411131 2
0 0.665 -0.035 0.007799404246 2
0 0.665 -0.025 0.007429634316 2
0 0.665 -0.015 0.006795200644 2
0 0.665 -0.005 0.006075906872 2
0 0.665 0.005 0.005422879772 2
0 0.665 0.015 0.004920290777 2
0 0.665 0.025 0.00454560808 2
0 0.665 0.035 0.004258426775 2
0 0.665 0.045 0.004040422618 2
0 0.665 0.055 0.003875592156 2
0 0.665 0.065 0.003755718298 2
0 0.665 0.075 0.003674842809 2
0 0.665 0.085 0.003632867074 2
0 0.665 0.095 0.003617741729 2
0 0.665 0.105 0.003623520871 2
0 0.665 0.115 0.003533702014 2
0 0.665 0.125 0.00335388414 2
0 0.665 0.135 0.00299575086 1
0 0.665 0.145 0.002628514577 1
0 0.665 0.155 0.002123239816 1
0 0.665 0.165 0.001476198947 1
0 0.665 0.175 0.0005142785083 1
0 0.665 0.185 -0.0008428352283 1
0 0.665 0.195 -0.002329350289 1
0 0.665 0.205 -0.003732391345 1
0 0.665 0.215 -0.004613431204 2
0 0.665 0.225 -0.005024950285 2
0 0.665 0.235 -0.004825989163 2
0 0.665 0.245 -0.004263678136 2
0 0.665 0.255 -0.003591605955 2
0 0.665 0.265 -0.00295016084 2
0 0.665 0.275 -0.00231432769 2
0 0.665 0.285 -0.001681968975 2
0 0.665 0.295 -0.001064051073 2
0 0.665 0.305 -0.0004693639324 2
0 0.665 0.315 9.696827139e-05 2
0 0.665 0.325 0.0006351328755 2
0 0.665 0.335 0.001148097138 2
0 0.665 0.345 0.001639596112 2
0 0.665 0.355 0.002112847933 2
0 0.665 0.365 0.002570233163 2
0 0.665 0.375 0.003013322323 2
0 0.665 0.385 0.003443278307 2
0 0.665 0.395 0.003861396866 2
0 0.665 0.405 0.004269620228 2
0 0.665 0.415 0.004671810761 2
0 0.665 0.425 0.005073758346 2
0 0.665 0.435 0.005491286041 2
0 0.665 0.445 0.005933810905 2
0 0.665 0.455 0.006497373169 2
0 0.665 0.465 0.007076147634 2
0 0.665 0.475 0.007313219628 2
0 0.665 0.485 0.006898395343 2
0 0.665 0.495 0.00552335113 1
0 0.665 0.505 0.003009997206 1
0 0.665 0.515 0.001198402296 1
0 0.665 0.525 0 1
0 0.665 0.535 0 1
0 0.665 0.545 0 2
0 0.665 0.555 0 2
0 0.665 0.565 0 2
0 0.675 -0.555 0 1
0 0.675 -0.545 0 1
0 0.675 -0.535 0 2
0 0.675 -0.525 0 2
0 0.675 -0.515 0.001980316213 2
0 0.675 -0.505 0.005011353069 2
0 0.675 -0.495 0.007646136607 2
0 0.675 -0.485 0.008696730733 2
0 0.675 -0.475 0.008164275159 2
0 0.675 -0.465 0.008051273551 2
0 0.675 -0.455 0.007706396296 2
0 0.675 -0.445 0.007344902374 2
0 0.675 -0.435 0.006901694104 2
0 0.675 -0.425 0.006404720561 2
0 0.675 -0.415 0.005853557576 2
0 0.675 -0.405 0.005258969407 2
0 0.675 -0.395 0.004630005119 2
0 0.675 -0.385 0.003977898661 2
0 0.675 -0.375 0.003314199155 2
0 0.675 -0.365 0.002650505303 2
0 0.675 -0.355 0.001997555226 2
0 0.675 -0.345 0.001364579429 2
0 0.675 -0.335 0.0007588111346 2
0 0.675 -0.325 0.000185287018 2
0 0.675 -0.315 -0.0003530737543 2
0 0.675 -0.305 -0.0008551956099 2
0 0.675 -0.295 -0.001321463641 2
0 0.675 -0.285 -0.001753339815 2
0 0.675 -0.275 -0.002153017038 2
0 0.675 -0.265 -0.002523091773 2
0 0.675 -0.255 -0.002866224938 2
0 0.675 -0.245 -0.003184657063 2
0 0.675 -0.235 -0.003479406065 2
0 0.675 -0.225 -0.003749307461 2
0 0.675 -0.215 -0.003989937912 2
0 0.675 -0.205 -0.004191967231 2
0 0.675 -0.195 -0.004331718196 2
0 0.675 -0.185 -0.004395026128 2
0 0.675 -0.175 -0.004326918749 2
0 0.675 -0.165 -0.004063895861 2
0 0.675 -0.155 -0.0035400014 2
0 0.675 -0.145 -0.002788896447 2
0 0.675 -0.135 -0.001820568082 2
0 0.675 -0.125 -0.0006800136395 2
0 0.675 -0.115 0.0005846907828 2
0 0.675 -0.105 0.001957008169 2
0 0.675 -0.095 0.00335630612 2
0 0.675 -0.085 0.004707140718 2
0 0.675 -0.075 0.005927998419 2
0 0.675 -0.065 0.006938373794 2
0 0.675 -0.055 0.007653168425 2
0 0.675 -0.045 0.008070446494 2
0 0.675 -0.035 0.008150709256 2
0 0.675 -0.025 0.007923641236 2
0 0.675 -0.015 0.007487587999 2
0 0.675 -0.005 0.006963229756 2
0 0.675 0.005 0.006455628449 2
0 0.675 0.015 0.006030096283 2
0 0.675 0.025 0.005676550994 2
0 0.675 0.035 0.005385913374 2
0 0.675 0.045 0.005150163568 2
0 0.675 0.055 0.004963303494 2
0 0.675 0.065 0.004824719815 2
0 0.675 0.075 0.004743156803 2
0 0.675 0.085 0.0047249631 2
0 0.675 0.095 0.004854491097 2
0 0.675 0.105 0.004982219216 2
0 0.675 0.115 0.004841464125 2
0 0.675 0.125 0.004460998469 2
0 0.675 0.135 0.003949674599 1
0 0.675 0.145 0.003133893842 1
0 0.675 0.155 0.002099694344 1
0 0.675 0.165 0.0007917832228 1
0 0.675 0.175 -0.0006357161405 1
0 0.675 0.185 -0.002271768415 1
0 0.675 0.195 -0.003853001213 1
0 0.675 0.205 -0.005100636192 2
0 0.675 0.215 -0.005757524223 2
0 0.675 0.225 -0.005904249499 2
0 0.675 0.235 -0.005493811345 2
0 0.675 0.245 -0.00483437443 2
0 0.675 0.255 -0.004127872296 2
0 0.675 0.265 -0.003477140075 2
0 0.675 0.275 -0.002822786885 2
0 0.675 0.285 -0.002165292535 2
0 0.675 0.295 -0.001504617146 2
0 0.675 0.305 -0.0008451038437 2
0 0.675 0.315 -0.0001908957202 2
0 0.675 0.325 0.0004556081836 2
0 0.675 0.335 0.001093486199 2
0 0.675 0.345 0.001722583728 2
0 0.675 0.355 0.002342760525 2
0 0.675 0.365 0.002953525843 2
0 0.675 0.375 0.003554062625 2
0 0.675 0.385 0.00414347552 2
0 0.675 0.395 0.004721241082 2
0 0.675 0.405 0.005287706044 2
0 0.675 0.415 0.005845372029 2
0 0.675 0.425 0.006398729209 2
0 0.675 0.435 0.006962359495 2
0 0.675 0.445 0.007543711867 2
0 0.675 0.455 0.008227725491 2
0 0.675 0.465 0.008921607933 2
0 0.675 0.475 0.009254402608 2
0 0.675 0.485 0.009009524112 2
0 0.675 0.495 0.007414871238 2
0 0.675 0.505 0.004240759048 2
0 0.675 0.515 0.001678858244 1
0 0.675 0.525 0 2
0 0.675 0.535 0 2
0 0.675 0.545 0 2
0 0.675 0.555 0 2
0 0.675 0.565 0 2
0 0.685 -0.555 0 1
0 0.685 -0.545 0 2
0 0.685 -0.535 0 2
0 0.685 -0.525 0 2
0 0.685 -0.515 0.002403244609 2
0 0.685 -0.505 0.006090366671 2
0 0.685 -0.495 0.009261943095 2
0 0.685 -0.485 0.01051085121 2
0 0.685 -0.475 0.009818084631 2
0 0.685 -0.465 0.009650062115 2
0 0.685 -0.455 0.009204611351 2
0 0.685 -0.445 0.008747181287 2
0 0.685 -0.435 0.008197524837 2
0 0.685 -0.425 0.00758990054 2
0 0.685 -0.415 0.006923269515 2
0 0.685 -0.405 0.006209923618 2
0 0.685 -0.395 0.005459474838 2
0 0.685 -0.385 0.004683705536 2
0 0.685 -0.375 0.00389446819 2
0 0.685 -0.365 0.003103705959 2
0 0.685 -0.355 0.002322728193 2
0 0.685 -0.345 0.001561772813 2
0 0.685 -0.335 0.0008296229192 2
0 0.685 -0.325 0.0001334157422 2
0 0.685 -0.315 -0.0005213788185 2
0 0.685 -0.305 -0.001130836824 2
0 0.685 -0.295 -0.001692364756 2
0 0.685 -0.285 -0.002204441412 2
0 0.685 -0.275 -0.002666343024 2
0 0.685 -0.265 -0.003077845525 2
0 0.685 -0.255 -0.003438871145 2
0 0.685 -0.245 -0.003749033687 2
0 0.685 -0.235 -0.004007018988 2
0 0.685 -0.225 -0.004209704116 2
0 0.685 -0.215 -0.00435103129 2
0 0.685 -0.205 -0.004421935675 2
0 0.685 -0.195 -0.004405803255 2
0 0.685 -0.185 -0.004278208236 2
0 0.685 -0.175 -0.004007099213 2
0 0.685 -0.165 -0.003568796648 2
0 0.685 -0.155 -0.002945214801 2
0 0.685 -0.145 -0.002165128103 2
0 0.685 -0.135 -0.001241991195 2
0 0.685 -0.125 -0.0001907614126 2
0 0.685 -0.115 0.0009834183272 2
0 0.685 -0.105 0.002260720119 2
0 0.685 -0.095 0.003580468448 2
0 0.685 -0.085 0.004862854403 2
0 0.685 -0.075 0.006021798042 2
0 0.685 -0.065 0.006987258381 2
0 0.685 -0.055 0.007704013352 2
0 0.685 -0.045 0.008157702729 2
0 0.685 -0.035 0.008337115266 2
0 0.685 -0.025 0.008274307394 2
0 0.685 -0.015 0.008034254938 2
0 0.685 -0.005 0.007700273987 2
0 0.685 0.005 0.007339765433 2
0 0.685 0.015 0.006996162577 2
0 0.685 0.025 0.006679309094 2
0 0.685 0.035 0.006398578615 2
0 0.685 0.045 0.006155424773 2
0 0.685 0.055 0.005952762297 2
0 0.685 0.065 0.005796533161 2
0 0.685 0.075 0.005706654754 2
0 0.685 0.085 0.005694681219 2
0 0.685 0.095 0.005901064348 2
0 0.685 0.105 0.006140497148 2
0 0.685 0.115 0.006103604947 2
0 0.685 0.125 0.005626318404 2
0 0.685 0.135 0.004839354068 2
0 0.685 0.145 0.003543630749 1
0 0.685 0.155 0.002042312248 1
0 0.685 0.165 0.0002246652244 1
0 0.685 0.175 -0.001622950213 1
0 0.685 0.185 -0.00343888739 1
0 0.685 0.195 -0.00498438299 2
0 0.685 0.205 -0.006052647066 2
0 0.685 0.215 -0.006555017128 2
0 0.685 0.225 -0.006458966563 2
0 0.685 0.235 -0.005937147235 2
0 0.685 0.245 -0.00527134023 2
0 0.685 0.255 -0.004589143583 2
0 0.685 0.265 -0.003942781566 2
0 0.685 0.275 -0.003276172448 2
0 0.685 0.285 -0.002592127112 2
0 0.685 0.295 -0.001886970356 2
0 0.685 0.305 -0.001163762278 2
0 0.685 0.315 -0.0004262556576 2
0 0.685 0.325 0.0003216506075 2
0 0.685 0.335 0.001076462486 2
0 0.685 0.345 0.001834974922 2
0 0.685 0.355 0.002594027404 2
0 0.685 0.365 0.003350355534 2
0 0.685 0.375 0.004100615844 2
0 0.685 0.385 0.004841573581 2
0 0.685 0.395 0.005570466746 2
0 0.685 0.405 0.006285423703 2
0 0.685 0.415 0.00698645282 2
0 0.685 0.425 0.007675276232 2
0 0.685 0.435 0.008360822035 2
0 0.685 0.445 0.009046981411 2
0 0.685 0.455 0.009783663696 2
0 0.685 0.465 0.01051587936 2
0 0.685 0.475 0.01090396937 2
0 0.685 0.485 0.01103339767 2
0 0.685 0.495 0.009305119294 2
0 0.685 0.505 0.005605332641 2
0 0.685 0.515 0.002203585206 2
0 0.685 0.525 0 2
0 0.685 0.535 0 2
0 0.685 0.545 0 2
0 0.685 0.555 0 2
0 0.685 0.565 0 2
0 0.695 -0.555 0 2
0 0.695 -0.545 0 2
0 0.695 -0.535 0 2
0 0.695 -0.525 0 2
0 0.695 -0.515 0.002824549701 2
0 0.695 -0.505 0.007165043288 2
0 0.695 -0.495 0.01087192453 2
0 0.695 -0.485 0.01231898045 2
0 0.695 -0.475 0.01146763084 2
0 0.695 -0.465 0.01124555666 2
0 0.695 -0.455 0.0107005614 2
0 0.695 -0.445 0.01014792029 2
0 0.695 -0.435 0.0094922787 2
0 0.695 -0.425 0.008774067977 2
0 0.695 -0.415 0.007991566835 2
0 0.695 -0.405 0.007158582386 2
0 0.695 -0.395 0.006285418107 2
0 0.695 -0.385 0.005384681141 2
0 0.695 -0.375 0.0044689194 2
0 0.695 -0.365 0.003550844284 2
0 0.695 -0.355 0.002642694624 2
0 0.695 -0.345 0.001755921262 2
0 0.695 -0.335 0.0009008677454 2
0 0.695 -0.325 8.659125361e-05 2
0 0.695 -0.315 -0.0006792081454 2
0 0.695 -0.305 -0.001390153238 2
0 0.695 -0.295 -0.002041078622 2
0 0.695 -0.285 -0.002627868354 2
0 0.695 -0.275 -0.003147257105 2
0 0.695 -0.265 -0.003596593998 2
0 0.695 -0.255 -0.003973549716 2
0 0.695 -0.245 -0.00427574481 2
0 0.695 -0.235 -0.004500272359 2
0 0.695 -0.225 -0.004643171203 2
0 0.695 -0.215 -0.004698479815 2
0 0.695 -0.205 -0.004658021867 2
0 0.695 -0.195 -0.004510199886 2
0 0.695 -0.185 -0.00424079572 2
0 0.695 -0.175 -0.003833345511 2
0 0.695 -0.165 -0.003277361274 2
0 0.695 -0.155 -0.00256834807 2
0 0.695 -0.145 -0.001713148731 2
0 0.695 -0.135 -0.0007253328617 2
0 0.695 -0.125 0.0003706964166 2
0 0.695 -0.115 0.001547076025 2
0 0.695 -0.105 0.002767417514 2
0 0.695 -0.095 0.003984368781 2
0 0.695 -0.085 0.005146132171 2
0 0.695 -0.075 0.00619686999 2
0 0.695 -0.065 0.007090835879 2
0 0.695 -0.055 0.007790721542 2
0 0.695 -0.045 0.008276731575 2
0 0.695 -0.035 0.008548271114 2
0 0.695 -0.025 0.008627009181 2
0 0.695 -0.015 0.00855010923 2
0 0.695 -0.005 0.008364947355 2
0 0.695 0.005 0.008115687965 2
0 0.695 0.015 0.007839445415 2
0 0.695 0.025 0.007560694882 2
0 0.695 0.035 0.007294005964 2
0 0.695 0.045 0.007047816949 2
0 0.695 0.055 0.006830729118 2
0 0.695 0.065 0.006652471279 2
0 0.695 0.075 0.006537208665 2
0 0.695 0.085 0.006498949094 2
0 0.695 0.095 0.006669053678 2
0 0.695 0.105 0.006927856459 2
0 0.695 0.115 0.007014185211 2
0 0.695 0.125 0.006542623057 2
0 0.695 0.135 0.005508228384 2
0 0.695 0.145 0.00394671841 1
0 0.695 0.155 0.002112682086 1
0 0.695 0.165 -2.607405071e-05 1
0 0.695 0.175 -0.002218522158 1
0 0.695 0.185 -0.004116101448 2
0 0.695 0.195 -0.005594366266 2
0 0.695 0.205 -0.006556885661 2
0 0.695 0.215 -0.006893161153 2
0 0.695 0.225 -0.006680164423 2
0 0.695 0.235 -0.006182536551 2
0 0.695 0.245 -0.00558510181 2
0 0.695 0.255 -0.00496662976 2
0 0.695 0.265 -0.004337675328 2
0 0.695 0.275 -0.003669359639 2
0 0.695 0.285 -0.002962815107 2
0 0.695 0.295 -0.00221573189 2
0 0.695 0.305 -0.001431719397 2
0 0.695 0.315 -0.0006152640167 2
0 0.695 0.325 0.0002281889212 2
0 0.695 0.335 0.001092989793 2
0 0.695 0.345 0.001973389977 2
0 0.695 0.355 0.00286356677 2
0 0.695 0.365 0.003757621957 2
0 0.695 0.375 0.004649654301 2
0 0.695 0.385 0.005533929733 2
0 0.695 0.395 0.006405149348 2
0 0.695 0.405 0.007258774668 2
0 0.695 0.415 0.008091515791 2
0 0.695 0.425 0.00890140942 2
0 0.695 0.435 0.009689092935 2
0 0.695 0.445 0.01045429718 2
0 0.695 0.455 0.01119893244 2
0 0.695 0.465 0.01192308997 2
0 0.695 0.475 0.01229318865 2
0 0.695 0.485 0.01279942101 2
0 0.695 0.495 0.01105947366 2
0 0.695 0.505 0.006948365794 2
0 0.695 0.515 0.002729182613 2
0 0.695 0.525 0 2
0 0.695 0.535 0 2
0 0.695 0.545 0 2
0 0.695 0.555 0 2
0 0.695 0.565 0 2
0 0.705 -0.555 0 2
0 0.705 -0.545 0 2
0 0.705 -0.535 0 2
0 0.705 -0.525 0 2
0 0.705 -0.515 0.00324192628 2
0 0.705 -0.505 0.008229624582 2
0 0.705 -0.495 0.01246711097 2
0 0.705 -0.485 0.01411081642 2
0 0.705 -0.475 0.01310298128 2
0 0.705 -0.465 0.01282783085 2
0 0.705 -0.455 0.0121846109 2
0 0.705 -0.445 0.01153785077 2
0 0.705 -0.435 0.01077720988 2
0 0.705 -0.425 0.009949191134 2
0 0.705 -0.415 0.009051393726 2
0 0.705 -0.405 0.008099168754 2
0 0.705 -0.395 0.0071036227 2
0 0.705 -0.385 0.006078370252 2
0 0.705 -0.375 0.005036888236 2
0 0.705 -0.365 0.003992892532 2
0 0.705 -0.355 0.002959737171 2
0 0.705 -0.345 0.001950173879 2
0 0.705 -0.335 0.000976072307 2
0 0.705 -0.325 4.825370245e-05 2
0 0.705 -0.315 -0.000823603502 2
0 0.705 -0.305 -0.001630980431 2
0 0.705 -0.295 -0.002366475967 2
0 0.705 -0.285 -0.003023720235 2
0 0.705 -0.275 -0.003597252608 2
0 0.705 -0.265 -0.00408236477 2
0 0.705 -0.255 -0.004474900444 2
0 0.705 -0.245 -0.004771003395 2
0 0.705 -0.235 -0.004966791507 2
0 0.705 -0.225 -0.005058032307 2
0 0.705 -0.215 -0.005039702536 2
0 0.705 -0.205 -0.004905707954 2
0 0.705 -0.195 -0.004648754462 2
0 0.705 -0.185 -0.004261478241 2
0 0.705 -0.175 -0.003737584877 2
0 0.705 -0.165 -0.003075335287 2
0 0.705 -0.155 -0.002278246363 2
0 0.705 -0.145 -0.001356793183 2
0 0.705 -0.135 -0.0003263560703 2
0 0.705 -0.125 0.0007907529354 2
0 0.705 -0.115 0.001966643796 2
0 0.705 -0.105 0.003166733241 2
0 0.705 -0.095 0.004350317226 2
0 0.705 -0.085 0.005473878529 2
0 0.705 -0.075 0.006493041429 2
0 0.705 -0.065 0.007369076514 2
0 0.705 -0.055 0.008072357737 2
0 0.705 -0.045 0.008587947348 2
0 0.705 -0.035 0.00891592775 2
0 0.705 -0.025 0.009071496521 2
0 0.705 -0.015 0.009081201282 2
0 0.705 -0.005 0.008979050542 2
0 0.705 0.005 0.00879957337 2
0 0.705 0.015 0.008573724421 2
0 0.705 0.025 0.008325061455 2
0 0.705 0.035 0.008070493528 2
0 0.705 0.045 0.007821795427 2
0 0.705 0.055 0.007589349731 2
0 0.705 0.065 0.00738308922 2
0 0.705 0.075 0.007223528016 2
0 0.705 0.085 0.00712397183 2
0 0.705 0.095 0.007156585408 2
0 0.705 0.105 0.007313208604 2
0 0.705 0.115 0.00738423106 2
0 0.705 0.125 0.006957735668 2
0 0.705 0.135 0.005870758188 2
0 0.705 0.145 0.004251627935 2
0 0.705 0.155 0.002226046505 2
0 0.705 0.165 -2.857135966e-05 2
0 0.705 0.175 -0.002299152973 2
0 0.705 0.185 -0.004235030667 2
0 0.705 0.195 -0.005731930234 2
0 0.705 0.205 -0.006607911288 2
0 0.705 0.215 -0.006844309433 2
0 0.705 0.225 -0.006659480561 2
0 0.705 0.235 -0.006274223324 2
0 0.705 0.245 -0.005798188716 2
0 0.705 0.255 -0.005262529962 2
0 0.705 0.265 -0.004665779673 2
0 0.705 0.275 -0.004004012947 2
0 0.705 0.285 -0.003279711341 2
0 0.705 0.295 -0.002494397483 2
0 0.705 0.305 -0.001653269416 2
0 0.705 0.315 -0.0007624019538 2
0 0.705 0.325 0.0001710229627 2
0 0.705 0.335 0.001139330579 2
0 0.705 0.345 0.002134494574 2
0 0.705 0.355 0.003148268839 2
0 0.705 0.365 0.004172269667 2
0 0.705 0.375 0.005198085181 2
0 0.705 0.385 0.006217437786 2
0 0.705 0.395 0.007222359649 2
0 0.705 0.405 0.008205459224 2
0 0.705 0.415 0.009159870969 2
0 0.705 0.425 0.01007986431 2
0 0.705 0.435 0.01095790569 2
0 0.705 0.445 0.01179169927 2
0 0.705 0.455 0.01254368781 2
0 0.705 0.465 0.01326245001 2
0 0.705 0.475 0.01359438636 2
0 0.705 0.485 0.01438043595 2
0 0.705 0.495 0.0125934385 2
0 0.705 0.505 0.008134535045 2
0 0.705 0.515 0.003208193376 2
0 0.705 0.525 0 2
0 0.705 0.535 0 2
0 0.705 0.545 0 2
0 0.705 0.555 0 2
0 0.705 0.565 0 2
0 0.715 -0.555 0 2
0 0.715 -0.545 0 2
0 0.715 -0.535 0 2
0 0.715 -0.525 0 2
0 0.715 -0.515 0.003653075533 2
0 0.715 -0.505 0.009278327727 2
0 0.715 -0.495 0.01403860218 2
0 0.715 -0.485 0.01587618489 2
0 0.715 -0.475 0.0147144505 2
0 0.715 -0.465 0.01438724387 2
0 0.715 -0.455 0.0136474475 2
0 0.715 -0.445 0.01290805716 2
0 0.715 -0.435 0.01204396025 2
0 0.715 -0.425 0.01110763817 2
0 0.715 -0.415 0.01009605033 2
0 0.715 -0.405 0.009026130278 2
0 0.715 -0.395 0.007909876114 2
0 0.715 -0.385 0.006762026595 2
0 0.715 -0.375 0.005597118316 2
0 0.715 -0.365 0.004429986703 2
0 0.715 -0.355 0.003275170286 2
0 0.715 -0.345 0.002146720006 2
0 0.715 -0.335 0.001057947068 2
0 0.715 -0.325 2.127227711e-05 2
0 0.715 -0.315 -0.0009518754635 2
0 0.715 -0.305 -0.001851103855 2
0 0.715 -0.295 -0.002667062469 2
0 0.715 -0.285 -0.003391418256 2
0 0.715 -0.275 -0.004016808432 2
0 0.715 -0.265 -0.004536771487 2
0 0.715 -0.255 -0.004945651332 2
0 0.715 -0.245 -0.005238474241 2
0 0.715 -0.235 -0.005410787353 2
0 0.715 -0.225 -0.005458500529 2
0 0.715 -0.215 -0.00537773732 2
0 0.715 -0.205 -0.005164855003 2
0 0.715 -0.195 -0.004816628462 2
0 0.715 -0.185 -0.004331031922 2
0 0.715 -0.175 -0.003708160807 2
0 0.715 -0.165 -0.002951699201 2
0 0.715 -0.155 -0.002069674605 2
0 0.715 -0.145 -0.001075491593 2
0 0.715 -0.135 1.237936094e-05 2
0 0.715 -0.125 0.00116986097 2
0 0.715 -0.115 0.002367958084 2
0 0.715 -0.105 0.00357319083 2
0 0.715 -0.095 0.004748670005 2
0 0.715 -0.085 0.005856462249 2
0 0.715 -0.075 0.006859953774 2
0 0.715 -0.065 0.007727524389 2
0 0.715 -0.055 0.008435412514 2
0 0.715 -0.045 0.008970872051 2
0 0.715 -0.035 0.009333105508 2
0 0.715 -0.025 0.009533294554 2
0 0.715 -0.015 0.009592297843 2
0 0.715 -0.005 0.009537402491 2
0 0.715 0.005 0.009397887593 2
0 0.715 0.015 0.009201485746 2
0 0.715 0.025 0.00897119815 2
0 0.715 0.035 0.008724401194 2
0 0.715 0.045 0.008472966112 2
0 0.715 0.055 0.008225572513 2
0 0.715 0.065 0.00798886524 2
0 0.715 0.075 0.007774164086 2
0 0.715 0.085 0.00759088962 2
0 0.715 0.095 0.007455391281 2
0 0.715 0.105 0.007414778074 2
0 0.715 0.115 0.007296217803 2
0 0.715 0.125 0.006846991116 2
0 0.715 0.135 0.005868675682 2
0 0.715 0.145 0.004340709692 2
0 0.715 0.155 0.002303211011 2
0 0.715 0.165 3.595536156e-05 2
0 0.715 0.175 -0.002228760165 2
0 0.715 0.185 -0.004166962568 2
0 0.715 0.195 -0.005544552436 2
0 0.715 0.205 -0.006318094424 2
0 0.715 0.215 -0.006584695622 2
0 0.715 0.225 -0.006520653381 2
0 0.715 0.235 -0.006293640397 2
0 0.715 0.245 -0.005947717346 2
0 0.715 0.255 -0.005492488462 2
0 0.715 0.265 -0.004934949332 2
0 0.715 0.275 -0.004284230835 2
0 0.715 0.285 -0.003546047732 2
0 0.715 0.295 -0.002726135142 2
0 0.715 0.305 -0.001831804094 2
0 0.715 0.315 -0.0008711561142 2
0 0.715 0.325 0.0001467512071 2
0 0.715 0.335 0.001212261147 2
0 0.715 0.345 0.002315231642 2
0 0.715 0.355 0.003445179327 2
0 0.715 0.365 0.004591391507 2
0 0.715 0.375 0.005743049404 2
0 0.715 0.385 0.00688938774 2
0 0.715 0.395 0.008019798425 2
0 0.715 0.405 0.00912409118 2
0 0.715 0.415 0.01019199601 2
0 0.715 0.425 0.01121448113 2
0 0.715 0.435 0.01217742915 2
0 0.715 0.445 0.01307812642 2
0 0.715 0.455 0.01385751146 2
0 0.715 0.465 0.0146009753 2
0 0.715 0.475 0.01491325528 2
0 0.715 0.485 0.01593054216 2
0 0.715 0.495 0.01402330183 2
0 0.715 0.505 0.009181168251 2
0 0.715 0.515 0.003624367302 2
0 0.715 0.525 0 2
0 0.715 0.535 0 2
0 0.715 0.545 0 2
0 0.715 0.555 0 2
0 0.715 0.565 0 2
0 0.725 -0.555 0 2
0 0.725 -0.545 0 2
0 0.725 -0.535 0 2
0 0.725 -0.525 0 2
0 0.725 -0.515 0.004055701923 2
0 0.725 -0.505 0.01030535988 2
0 0.725 -0.495 0.01557754802 2
0 0.725 -0.485 0.01760501145 2
0 0.725 -0.475 0.01629253903 2
0 0.725 -0.465 0.01591438157 2
0 0.725 -0.455 0.0150800158 2
0 0.725 -0.445 0.01424989145 2
0 0.725 -0.435 0.01328443436 2
0 0.725 -0.425 0.01224200725 2
0 0.725 -0.415 0.01111899385 2
0 0.725 -0.405 0.009933949522 2
0 0.725 -0.395 0.008699834896 2
0 0.725 -0.385 0.007432584595 2
0 0.725 -0.375 0.006147857683 2
0 0.725 -0.365 0.004861640941 2
0 0.725 -0.355 0.003589640948 2
0 0.725 -0.345 0.00234713099 2
0 0.725 -0.335 0.001148724444 2
0 0.725 -0.325 8.247747149e-06 2
0 0.725 -0.315 -0.001061351911 2
0 0.725 -0.305 -0.002048059659 2
0 0.725 -0.295 -0.00294082757 2
0 0.725 -0.285 -0.003729601028 2
0 0.725 -0.275 -0.004405343642 2
0 0.725 -0.265 -0.004960060361 2
0 0.725 -0.255 -0.005386812779 2
0 0.725 -0.245 -0.00567972346 2
0 0.725 -0.235 -0.005833966084 2
0 0.725 -0.225 -0.005845760828 2
0 0.725 -0.215 -0.005712398209 2
0 0.725 -0.205 -0.00543238078 2
0 0.725 -0.195 -0.00500570079 2
0 0.725 -0.185 -0.004434379747 2
0 0.725 -0.175 -0.003723097091 2
0 0.725 -0.165 -0.00287997209 2
0 0.725 -0.155 -0.00191703562 2
0 0.725 -0.145 -0.0008506995819 2
0 0.725 -0.135 0.0002982418523 2
0 0.725 -0.125 0.001504509493 2
0 0.725 -0.115 0.002738818802 2
0 0.725 -0.105 0.003968566004 2
0 0.725 -0.095 0.00515901806 2
0 0.725 -0.085 0.006275136609 2
0 0.725 -0.075 0.007283695022 2
0 0.725 -0.065 0.008156032486 2
0 0.725 -0.055 0.008870656278 2
0 0.725 -0.045 0.009415700603 2
0 0.725 -0.035 0.009790154757 2
0 0.725 -0.025 0.01000397463 2
0 0.725 -0.015 0.01007645189 2
0 0.725 -0.005 0.01003357614 2
0 0.725 0.005 0.009904034784 2
0 0.725 0.015 0.009715630857 2
0 0.725 0.025 0.00949156388 2
0 0.725 0.035 0.009248663958 2
0 0.725 0.045 0.008996639932 2
0 0.725 0.055 0.008739571792 2
0 0.725 0.065 0.008477472748 2
0 0.725 0.075 0.008209570953 2
0 0.725 0.085 0.007936334535 2
0 0.725 0.095 0.007641739525 2
0 0.725 0.105 0.007359531479 2
0 0.725 0.115 0.006987527145 2
0 0.725 0.125 0.006401943682 2
0 0.725 0.135 0.005431893771 2
0 0.725 0.145 0.003985447099 2
0 0.725 0.155 0.00208953995 2
0 0.725 0.165 -2.312308184e-05 2
0 0.725 0.175 -0.002090094907 2
0 0.725 0.185 -0.003846744564 2
0 0.725 0.195 -0.005094087129 2
0 0.725 0.205 -0.00587863866 2
0 0.725 0.215 -0.006268444132 2
0 0.725 0.225 -0.006374776267 2
0 0.725 0.235 -0.006301159889 2
0 0.725 0.245 -0.00606168381 2
0 0.725 0.255 -0.005673864732 2
0 0.725 0.265 -0.005154868477 2
0 0.725 0.275 -0.004515708145 2
0 0.725 0.285 -0.003765696125 2
0 0.725 0.295 -0.002913965773 2
0 0.725 0.305 -0.001970083026 2
0 0.725 0.315 -0.0009442266812 2
0 0.725 0.325 0.0001526763708 2
0 0.725 0.335 0.001309080934 2
0 0.725 0.345 0.002512890343 2
0 0.725 0.355 0.003751567529 2
0 0.725 0.365 0.00501224523 2
0 0.725 0.375 0.006281848834 2
0 0.725 0.385 0.007547261402 2
0 0.725 0.395 0.008795389677 2
0 0.725 0.405 0.01001347906 2
0 0.725 0.415 0.01118833989 2
0 0.725 0.425 0.01230844729 2
0 0.725 0.435 0.0133555584 2
0 0.725 0.445 0.01432815483 2
0 0.725 0.455 0.01516319284 2
0 0.725 0.465 0.01597889161 2
0 0.725 0.475 0.01632172441 2
0 0.725 0.485 0.01752991523 2
0 0.725 0.495 0.0154659853 2
0 0.725 0.505 0.01018411354 2
0 0.725 0.515 0.004014493104 2
0 0.725 0.525 0 2
0 0.725 0.535 0 2
0 0.725 0.545 0 2
0 0.725 0.555 0 2
0 0.725 0.565 0 2
0 0.735 -0.555 0 2
0 0.735 -0.545 0 2
0 0.735 -0.535 0 2
0 0.735 -0.525 0 2
0 0.735 -0.515 0.004447514309 2
0 0.735 -0.505 0.01130492885 2
0 0.735 -0.495 0.01707514539 2
0 0.735 -0.485 0.01928730956 2
0 0.735 -0.475 0.01782789707 2
0 0.735 -0.465 0.01740000815 2
0 0.735 -0.455 0.0164734515 2
0 0.735 -0.445 0.01555488536 2
0 0.735 -0.435 0.01449068266 2
0 0.735 -0.425 0.01334498238 2
0 0.735 -0.415 0.01211368021 2
0 0.735 -0.405 0.01081699666 2
0 0.735 -0.395 0.009468919278 2
0 0.735 -0.385 0.008086624474 2
0 0.735 -0.375 0.0066869119 2
0 0.735 -0.365 0.005286890666 2
0 0.735 -0.355 0.00390334836 2
0 0.735 -0.345 0.002552631883 2
0 0.735 -0.335 0.001250453336 2
0 0.735 -0.325 1.180251298e-05 2
0 0.735 -0.315 -0.001149114266 2
0 0.735 -0.305 -0.002218912782 2
0 0.735 -0.295 -0.003185076347 2
0 0.735 -0.285 -0.004036022332 2
0 0.735 -0.275 -0.004761197328 2
0 0.735 -0.265 -0.005351197202 2
0 0.735 -0.255 -0.005797900307 2
0 0.735 -0.245 -0.006094601858 2
0 0.735 -0.235 -0.006236140302 2
0 0.735 -0.225 -0.006219022324 2
0 0.735 -0.215 -0.006041559472 2
0 0.735 -0.205 -0.005704056239 2
0 0.735 -0.195 -0.005209063547 2
0 0.735 -0.185 -0.00456173125 2
0 0.735 -0.175 -0.003770192605 2
0 0.735 -0.165 -0.002845980463 2
0 0.735 -0.155 -0.001804308781 2
0 0.735 -0.145 -0.0006642807455 2
0 0.735 -0.135 0.000551138395 2
0 0.735 -0.125 0.001815249621 2
0 0.735 -0.115 0.003098075311 2
0 0.735 -0.105 0.004367057601 2
0 0.735 -0.095 0.00558813147 2
0 0.735 -0.085 0.006727216071 2
0 0.735 -0.075 0.007752093642 2
0 0.735 -0.065 0.008634711912 2
0 0.735 -0.055 0.009353685049 2
0 0.735 -0.045 0.009896735505 2
0 0.735 -0.035 0.01026248756 2
0 0.735 -0.025 0.0104612427 2
0 0.735 -0.015 0.01051382654 2
0 0.735 -0.005 0.01044930433 2
0 0.735 0.005 0.01030008578 2
0 0.735 0.015 0.01009795606 2
0 0.735 0.025 0.009868446321 2
0 0.735 0.035 0.009628313157 2
0 0.735 0.045 0.009383603783 2
0 0.735 0.055 0.009131027507 2
0 0.735 0.065 0.008860447769 2
0 0.735 0.075 0.008557851861 2
0 0.735 0.085 0.008210834903 2
0 0.735 0.095 0.00779829591 2
0 0.735 0.105 0.007314106236 2
0 0.735 0.115 0.006702420632 2
0 0.735 0.125 0.005895465814 2
0 0.735 0.135 0.00480186383 2
0 0.735 0.145 0.003383430461 2
0 0.735 0.155 0.001681505682 2
0 0.735 0.165 -0.0001563913689 2
0 0.735 0.175 -0.001931307618 2
0 0.735 0.185 -0.003472036783 2
0 0.735 0.195 -0.004661700151 2
0 0.735 0.205 -0.005498072064 2
0 0.735 0.215 -0.006015418018 2
0 0.735 0.225 -0.006269495677 2
0 0.735 0.235 -0.006308783218 2
0 0.735 0.245 -0.006150615462 2
0 0.735 0.255 -0.00582052213 2
0 0.735 0.265 -0.005333849443 2
0 0.735 0.275 -0.00470370521 2
0 0.735 0.285 -0.003942027245 2
0 0.735 0.295 -0.003060308037 2
0 0.735 0.305 -0.002070139403 2
0 0.735 0.315 -0.0009835681525 2
0 0.735 0.325 0.0001867638922 2
0 0.735 0.335 0.001427607411 2
0 0.735 0.345 0.002725119707 2
0 0.735 0.355 0.004064925901 2
0 0.735 0.365 0.005432209901 2
0 0.735 0.375 0.006811830993 2
0 0.735 0.385 0.008188506046 2
0 0.735 0.395 0.009546877047 2
0 0.735 0.405 0.01087192998 2
0 0.735 0.415 0.01214810575 2
0 0.735 0.425 0.01336211344 2
0 0.735 0.435 0.01449345378 2
0 0.735 0.445 0.01554273822 2
0 0.735 0.455 0.01644326328 2
0 0.735 0.465 0.01733785164 2
0 0.735 0.475 0.01772920845 2
0 0.735 0.485 0.0191100633 2
0 0.735 0.495 0.01688713851 2
0 0.735 0.505 0.01115314434 2
0 0.735 0.515 0.004390347118 2
0 0.735 0.525 0 2
0 0.735 0.535 0 2
0 0.735 0.545 0 2
0 0.735 0.555 0 2
0 0.735 0.565 0 2
0 0.745 -0.555 0 2
0 0.745 -0.545 0 2
0 0.745 -0.535 0 2
0 0.745 -0.525 0 2
0 0.745 -0.515 0.004826229559 2
0 0.745 -0.505 0.01227125396 2
0 0.745 -0.495 0.01852264727 2
0 0.745 -0.485 0.0209131842 2
0 0.745 -0.475 0.01931131246 2
0 0.745 -0.465 0.01883504093 2
0 0.745 -0.455 0.01781903864 2
0 0.745 -0.445 0.01681468717 2
0 0.745 -0.435 0.01565481446 2
0 0.745 -0.425 0.01440922367 2
0 0.745 -0.415 0.01307343898 2
0 0.745 -0.405 0.01166940381 2
0 0.745 -0.395 0.0102122067 2
0 0.745 -0.385 0.008720306126 2
0 0.745 -0.375 0.007211636266 2
0 0.745 -0.365 0.005704354051 2
0 0.745 -0.355 0.004216176153 2
0 0.745 -0.345 0.002764296073 2
0 0.745 -0.335 0.001365239616 2
0 0.745 -0.325 3.484461462e-05 2
0 0.745 -0.315 -0.001211735154 2
0 0.745 -0.305 -0.002360021933 2
0 0.745 -0.295 -0.003396246464 2
0 0.745 -0.285 -0.004307443362 2
0 0.745 -0.275 -0.005081618437 2
0 0.745 -0.265 -0.005707977328 2
0 0.745 -0.255 -0.00617719056 2
0 0.745 -0.245 -0.006481668235 2
0 0.745 -0.235 -0.006615819695 2
0 0.745 -0.225 -0.006576288486 2
0 0.745 -0.215 -0.006362162708 2
0 0.745 -0.205 -0.005975176502 2
0 0.745 -0.195 -0.005419911385 2
0 0.745 -0.185 -0.004704010092 2
0 0.745 -0.175 -0.003838377533 2
0 0.745 -0.165 -0.002837359969 2
0 0.745 -0.155 -0.001718842292 2
0 0.745 -0.145 -0.0005042710836 2
0 0.745 -0.135 0.0007814596089 2
0 0.745 -0.125 0.002110231102 2
0 0.745 -0.115 0.003451124272 2
0 0.745 -0.105 0.004771012849 2
0 0.745 -0.095 0.006035431525 2
0 0.745 -0.085 0.007209702162 2
0 0.745 -0.075 0.008260546821 2
0 0.745 -0.065 0.009158100907 2
0 0.745 -0.055 0.009878654727 2
0 0.745 -0.045 0.01040766696 2
0 0.745 -0.035 0.01074271609 2
0 0.745 -0.025 0.01089555411 2
0 0.745 -0.015 0.010891375 2
0 0.745 -0.005 0.01076732568 2
0 0.745 0.005 0.01056468276 2
0 0.745 0.015 0.01032485509 2
0 0.745 0.025 0.01007884821 2
0 0.745 0.035 0.009844668367 2
0 0.745 0.045 0.009623185483 2
0 0.745 0.055 0.009400537942 2
0 0.745 0.065 0.009151932593 2
0 0.745 0.075 0.008847627767 2
0 0.745 0.085 0.008459133738 2
0 0.745 0.095 0.007958971044 2
0 0.745 0.105 0.007320882746 2
0 0.745 0.115 0.006513797245 2
0 0.745 0.125 0.005514145472 2
0 0.745 0.135 0.004303676226 2
0 0.745 0.145 0.002897909111 2
0 0.745 0.155 0.001346555741 2
0 0.745 0.165 -0.0002604623436 2
0 0.745 0.175 -0.00181166319 2
0 0.745 0.185 -0.003205014321 2
0 0.745 0.195 -0.004361792494 2
0 0.745 0.205 -0.005246064985 2
0 0.745 0.215 -0.005854938751 2
0 0.745 0.225 -0.006205055056 2
0 0.745 0.235 -0.006321225402 2
0 0.745 0.245 -0.006226597588 2
0 0.745 0.255 -0.005940280649 2
0 0.745 0.265 -0.005477254952 2
0 0.745 0.275 -0.004851778859 2
0 0.745 0.285 -0.004077186803 2
0 0.745 0.295 -0.003166545793 2
0 0.745 0.305 -0.002133058726 2
0 0.745 0.315 -0.0009902939922 2
0 0.745 0.325 0.0002476726654 2
0 0.745 0.335 0.001566173776 2
0 0.745 0.345 0.00294990419 2
0 0.745 0.355 0.004382922151 2
0 0.745 0.365 0.005848707157 2
0 0.745 0.375 0.007330268493 2
0 0.745 0.385 0.008810358131 2
0 0.745 0.395 0.0102715786 2
0 0.745 0.405 0.01169694338 2
0 0.745 0.415 0.01306899158 2
0 0.745 0.425 0.0143732162 2
0 0.745 0.435 0.01558788947 2
0 0.745 0.445 0.0167160607 2
0 0.745 0.455 0.01768770335 2
0 0.745 0.465 0.01866432432 2
0 0.745 0.475 0.01910531891 2
0 0.745 0.485 0.02064503812 2
0 0.745 0.495 0.01826413523 2
0 0.745 0.505 0.01208608408 2
0 0.745 0.515 0.004753442617 2
0 0.745 0.525 0 2
0 0.745 0.535 0 2
0 0.745 0.545 0 2
0 0.745 0.555 0 2
0 0.745 0.565 0 2
0 0.755 -0.555 0 2
0 0.755 -0.545 0 2
0 0.755 -0.535 0 2
0 0.755 -0.525 0 2
0 0.755 -0.515 0.0051895787 2
0 0.755 -0.505 0.01319858131 2
0 0.755 -0.495 0.01991138327 2
0 0.755 -0.485 0.02247285089 2
0 0.755 -0.475 0.02073371903 2
0 0.755 -0.465 0.02021054727 2
0 0.755 -0.455 0.01910819076 2
0 0.755 -0.445 0.01802102316 2
0 0.755 -0.435 0.01676893528 2
0 0.755 -0.425 0.01542727823 2
0 0.755 -0.415 0.01399135956 2
0 0.755 -0.405 0.01248493425 2
0 0.755 -0.395 0.01092429852 2
0 0.755 -0.385 0.009329253639 2
0 0.755 -0.375 0.007718861533 2
0 0.755 -0.365 0.006112220996 2
0 0.755 -0.355 0.004527760367 2
0 0.755 -0.345 0.00298319706 2
0 0.755 -0.335 0.001495473106 2
0 0.755 -0.325 8.084793509e-05 2
0 0.755 -0.315 -0.001244977473 2
0 0.755 -0.305 -0.002466755849 2
0 0.755 -0.295 -0.003569679484 2
0 0.755 -0.285 -0.004539492038 2
0 0.755 -0.275 -0.005362738191 2
0 0.755 -0.265 -0.006027127232 2
0 0.755 -0.255 -0.006521960086 2
0 0.755 -0.245 -0.006838569988 2
0 0.755 -0.235 -0.006970726864 2
0 0.755 -0.225 -0.006914978927 2
0 0.755 -0.215 -0.006670918475 2
0 0.755 -0.205 -0.006241378376 2
0 0.755 -0.195 -0.005632568989 2
0 0.755 -0.185 -0.004854169812 2
0 0.755 -0.175 -0.00391937613 2
0 0.755 -0.165 -0.002844902637 2
0 0.755 -0.155 -0.001650926002 2
0 0.755 -0.145 -0.0003609680799 2
0 0.755 -0.135 0.0009983055055 2
0 0.755 -0.125 0.002397353202 2
0 0.755 -0.115 0.003804142042 2
0 0.755 -0.105 0.005184570228 2
0 0.755 -0.095 0.006503093753 2
0 0.755 -0.085 0.007723329103 2
0 0.755 -0.075 0.008809307756 2
0 0.755 -0.065 0.009727009815 2
0 0.755 -0.055 0.01044770846 2
0 0.755 -0.045 0.01095137432 2
0 0.755 -0.035 0.01123174751 2
0 0.755 -0.025 0.01130135993 2
0 0.755 -0.015 0.01119192763 2
0 0.755 -0.005 0.01095634733 2
0 0.755 0.005 0.01065216901 2
0 0.755 0.015 0.01034093793 2
0 0.755 0.025 0.01006472673 2
0 0.755 0.035 0.009846459702 2
0 0.755 0.045 0.009679480783 2
0 0.755 0.055 0.009533652864 2
0 0.755 0.065 0.009360864662 2
0 0.755 0.075 0.009109011557 2
0 0.755 0.085 0.008729004309 2
0 0.755 0.095 0.008185268342 2
0 0.755 0.105 0.007456627676 2
0 0.755 0.115 0.006534178624 2
0 0.755 0.125 0.005423066158 2
0 0.755 0.135 0.004138975967 2
0 0.755 0.145 0.002716150358 2
0 0.755 0.155 0.001207035141 2
0 0.755 0.165 -0.0003174995546 2
0 0.755 0.175 -0.00177824767 2
0 0.755 0.185 -0.003101337539 2
0 0.755 0.195 -0.004227627809 2
0 0.755 0.205 -0.005121872484 2
0 0.755 0.215 -0.005769930588 2
0 0.755 0.225 -0.006173377546 2
0 0.755 0.235 -0.006342904944 2
0 0.755 0.245 -0.006292133862 2
0 0.755 0.255 -0.006035470929 2
0 0.755 0.265 -0.005587034183 2
0 0.755 0.275 -0.004961030158 2
0 0.755 0.285 -0.004171487269 2
0 0.755 0.295 -0.003232582443 2
0 0.755 0.305 -0.002158697099 2
0 0.755 0.315 -0.0009645234012 2
0 0.755 0.325 0.0003348132512 2
0 0.755 0.335 0.001723620042 2
0 0.755 0.345 0.0031855084 2
0 0.755 0.355 0.004703313026 2
0 0.755 0.365 0.006259095898 2
0 0.755 0.375 0.007834243478 2
0 0.755 0.385 0.009409724237 2
0 0.755 0.395 0.01096627396 2
0 0.755 0.405 0.01248512877 2
0 0.755 0.415 0.01394721208 2
0 0.755 0.425 0.01533709416 2
0 0.755 0.435 0.01663212101 2
0 0.755 0.445 0.01783737751 2
0 0.755 0.455 0.01887955431 2
0 0.755 0.465 0.01993611065 2
0 0.755 0.475 0.02042498478 2
0 0.755 0.485 0.02211232167 2
0 0.755 0.495 0.01957855229 2
0 0.755 0.505 0.01297401749 2
0 0.755 0.515 0.005099448327 2
0 0.755 0.525 0 2
0 0.755 0.535 0 2
0 0.755 0.545 0 2
0 0.755 0.555 0 2
0 0.755 0.565 0 2
0 0.765 -0.555 0 2
0 0.765 -0.545 0 2
0 0.765 -0.535 0 2
0 0.765 -0.525 0 2
0 0.765 -0.515 0.005535316795 2
0 0.765 -0.505 0.01408120843 2
0 0.765 -0.495 0.02123279598 2
0 0.765 -0.485 0.02395667452 2
0 0.765 -0.475 0.02208622777 2
0 0.765 -0.465 0.0215177684 2
0 0.765 -0.455 0.02033246221 2
0 0.765 -0.445 0.01916569105 2
0 0.765 -0.435 0.01782511415 2
0 0.765 -0.425 0.01639151284 2
0 0.765 -0.415 0.01486018301 2
0 0.765 -0.405 0.01325683285 2
0 0.765 -0.395 0.0115991382 2
0 0.765 -0.385 0.009908362307 2
0 0.765 -0.375 0.008204722008 2
0 0.765 -0.365 0.006508140703 2
0 0.765 -0.355 0.004837472114 2
0 0.765 -0.345 0.003210508183 2
0 0.765 -0.335 0.001644045252 2
0 0.765 -0.325 0.0001541641025 2
0 0.765 -0.315 -0.001243432612 2
0 0.765 -0.305 -0.00253313702 2
0 0.765 -0.295 -0.003699325415 2
0 0.765 -0.285 -0.004726473322 2
0 0.765 -0.275 -0.005599514591 2
0 0.765 -0.265 -0.006304394504 2
0 0.765 -0.255 -0.006828715706 2
0 0.765 -0.245 -0.007162395348 2
0 0.765 -0.235 -0.00729824223 2
0 0.765 -0.225 -0.007232413914 2
0 0.765 -0.215 -0.00696472871 2
0 0.765 -0.205 -0.006498841943 2
0 0.765 -0.195 -0.005842304436 2
0 0.765 -0.185 -0.00500653095 2
0 0.765 -0.175 -0.004006699727 2
0 0.765 -0.165 -0.0028616011 2
0 0.765 -0.155 -0.001593439716 2
0 0.765 -0.145 -0.0002275997535 2
0 0.765 -0.135 0.001207636359 2
0 0.765 -0.125 0.002681380698 2
0 0.765 -0.115 0.004160492969 2
0 0.765 -0.105 0.005609796982 2
0 0.765 -0.095 0.006992500857 2
0 0.765 -0.085 0.008269967347 2
0 0.765 -0.075 0.009402636756 2
0 0.765 -0.065 0.01034973416 2
0 0.765 -0.055 0.01107374546 2
0 0.765 -0.045 0.01154349518 2
0 0.765 -0.035 0.01174440952 2
0 0.765 -0.025 0.01168902571 2
0 0.765 -0.015 0.01141667898 2
0 0.765 -0.005 0.01100779628 2
0 0.765 0.005 0.01054451619 2
0 0.765 0.015 0.0101264555 2
0 0.765 0.025 0.009809826614 2
0 0.765 0.035 0.009624344867 2
0 0.765 0.045 0.00955125443 2
0 0.765 0.055 0.009540493522 2
0 0.765 0.065 0.009511518176 2
0 0.765 0.075 0.009379888501 2
0 0.765 0.085 0.009065216083 2
0 0.765 0.095 0.008521063824 2
0 0.765 0.105 0.007732517292 2
0 0.765 0.115 0.006713673257 2
0 0.765 0.125 0.005500250237 2
0 0.765 0.135 0.004136580384 2
0 0.765 0.145 0.002673151163 2
0 0.765 0.155 0.001163849914 2
0 0.765 0.165 -0.0003313811388 2
0 0.765 0.175 -0.001751805522 2
0 0.765 0.185 -0.003041340103 2
0 0.765 0.195 -0.004153482866 2
0 0.765 0.205 -0.005055511473 2
0 0.765 0.215 -0.005728471736 2
0 0.765 0.225 -0.006165393157 2
0 0.765 0.235 -0.006368215472 2
0 0.765 0.245 -0.006344384189 2
0 0.765 0.255 -0.00610472906 2
0 0.765 0.265 -0.005661932005 2
0 0.765 0.275 -0.005029839674 2
0 0.765 0.285 -0.004223013069 2
0 0.765 0.295 -0.003256451267 2
0 0.765 0.305 -0.002145374831 2
0 0.765 0.315 -0.0009051845139 2
0 0.765 0.325 0.0004484298102 2
0 0.765 0.335 0.001899274803 2
0 0.765 0.345 0.003430385317 2
0 0.765 0.355 0.005023812296 2
0 0.765 0.365 0.006660534355 2
0 0.765 0.375 0.008320535681 2
0 0.765 0.385 0.009983124887 2
0 0.765 0.395 0.0116272404 2
0 0.765 0.405 0.01323239618 2
0 0.765 0.415 0.01477799248 2
0 0.765 0.425 0.01624775726 2
0 0.765 0.435 0.01761822265 2
0 0.765 0.445 0.01889621271 2
0 0.765 0.455 0.02000508314 2
0 0.765 0.465 0.02113660173 2
0 0.765 0.475 0.02166976866 2
0 0.765 0.485 0.02349388647 2
0 0.765 0.495 0.0208149776 2
0 0.765 0.505 0.01380838085 2
0 0.765 0.515 0.005424532073 2
0 0.765 0.525 0 2
0 0.765 0.535 0 2
0 0.765 0.545 0 2
0 0.765 0.555 0 2
0 0.765 0.565 0 2
0 0.775 -0.555 0 2
0 0.775 -0.545 0 2
0 0.775 -0.535 0 2
0 0.775 -0.525 0 2
0 0.775 -0.515 0.005861237201 2
0 0.775 -0.505 0.01491352121 2
0 0.775 -0.495 0.02247849495 2
0 0.775 -0.485 0.02535523005 2
0 0.775 -0.475 0.02336018165 2
0 0.775 -0.465 0.02274817259 2
0 0.775 -0.455 0.02148359514 2
0 0.775 -0.445 0.02024059355 2
0 0.775 -0.435 0.01881539055 2
0 0.775 -0.425 0.01729407682 2
0 0.775 -0.415 0.01567220155 2
0 0.775 -0.405 0.01397764902 2
0 0.775 -0.395 0.01222975935 2
0 0.775 -0.385 0.01045149687 2
0 0.775 -0.375 0.008664354761 2
0 0.775 -0.365 0.006888989958 2
0 0.775 -0.355 0.00514432394 2
0 0.775 -0.345 0.003447594352 2
0 0.775 -0.335 0.00181463731 2
0 0.775 -0.325 0.0002604730368 2
0 0.775 -0.315 -0.00119997985 2
0 0.775 -0.305 -0.002551302387 2
0 0.775 -0.295 -0.003777294066 2
0 0.775 -0.285 -0.004861077768 2
0 0.775 -0.275 -0.005785630054 2
0 0.775 -0.265 -0.006534633358 2
0 0.775 -0.255 -0.007093440189 2
0 0.775 -0.245 -0.007450035497 2
0 0.775 -0.235 -0.007595830254 2
0 0.775 -0.225 -0.007526249993 2
0 0.775 -0.215 -0.007241079958 2
0 0.775 -0.205 -0.006744596617 2
0 0.775 -0.195 -0.006045519086 2
0 0.775 -0.185 -0.005156833069 2
0 0.775 -0.175 -0.004095531662 2
0 0.775 -0.165 -0.00288230974 2
0 0.775 -0.155 -0.001541230953 2
0 0.775 -0.145 -9.938412375e-05 2
0 0.775 -0.135 0.00141347789 2
0 0.775 -0.125 0.002965259948 2
0 0.775 -0.115 0.004521885982 2
0 0.775 -0.105 0.006047316823 2
0 0.775 -0.095 0.007503923597 2
0 0.775 -0.085 0.008851017082 2
0 0.775 -0.075 0.01004611151 2
0 0.775 -0.065 0.01103940028 2
0 0.775 -0.055 0.01178061116 2
0 0.775 -0.045 0.012219327 2
0 0.775 -0.035 0.01232821881 2
0 0.775 -0.025 0.01209761297 2
0 0.775 -0.015 0.01155609066 2
0 0.775 -0.005 0.01083684865 2
0 0.775 0.005 0.0100610004 2
0 0.775 0.015 0.009439207898 2
0 0.775 0.025 0.009043942454 2
0 0.775 0.035 0.008929076163 2
0 0.775 0.045 0.009051683929 2
0 0.775 0.055 0.009319158141 2
0 0.775 0.065 0.009593963058 2
0 0.775 0.075 0.009730981718 2
0 0.775 0.085 0.009569388488 2
0 0.775 0.095 0.009054466462 2
0 0.775 0.105 0.00819756907 2
0 0.775 0.115 0.007065747963 2
0 0.775 0.125 0.005742512134 2
0 0.775 0.135 0.004281773351 2
0 0.775 0.145 0.002750829249 2
0 0.775 0.155 0.00120550169 2
0 0.775 0.165 -0.0003007903233 2
0 0.775 0.175 -0.001718225041 2
0 0.775 0.185 -0.003001628397 2
0 0.775 0.195 -0.00411284477 2
0 0.775 0.205 -0.005022504183 2
0 0.775 0.215 -0.005710767914 2
0 0.775 0.225 -0.00616689086 2
0 0.775 0.235 -0.006388013806 2
0 0.775 0.245 -0.006377517382 2
0 0.775 0.255 -0.006143554753 2
0 0.775 0.265 -0.005697708923 2
0 0.775 0.275 -0.00505389429 2
0 0.775 0.285 -0.004227383734 2
0 0.775 0.295 -0.003234001905 2
0 0.775 0.305 -0.002089602913 2
0 0.775 0.315 -0.0008098513106 2
0 0.775 0.325 0.0005896243825 2
0 0.775 0.335 0.002092852005 2
0 0.775 0.345 0.003682983632 2
0 0.775 0.355 0.005341862132 2
0 0.775 0.365 0.007049771222 2
0 0.775 0.375 0.008785483434 2
0 0.775 0.385 0.01052666647 2
0 0.775 0.395 0.01225037029 2
0 0.775 0.405 0.01393425105 2
0 0.775 0.415 0.01555607624 2
0 0.775 0.425 0.01709864313 2
0 0.775 0.435 0.01853768133 2
0 0.775 0.445 0.01988159422 2
0 0.775 0.455 0.0210506966 2
0 0.775 0.465 0.02224996947 2
0 0.775 0.475 0.02282258152 2
0 0.775 0.485 0.02477216328 2
0 0.775 0.495 0.02195809956 2
0 0.775 0.505 0.01457991694 2
0 0.775 0.515 0.005724812523 2
0 0.775 0.525 0 2
0 0.775 0.535 0 2
0 0.775 0.545 0 2
0 0.775 0.555 0 2
0 0.775 0.565 0 2
0 0.785 -0.555 0 2
0 0.785 -0.545 0 2
0 0.785 -0.535 0 2
0 0.785 -0.525 0 2
0 0.785 -0.515 0.006165189851 2
0 0.785 -0.505 0.01569004336 2
0 0.785 -0.495 0.0236403269 2
0 0.785 -0.485 0.02665938378 2
0 0.785 -0.475 0.02454723319 2
0 0.785 -0.465 0.02389354049 2
0 0.785 -0.455 0.02255360949 2
0 0.785 -0.445 0.02123782528 2
0 0.785 -0.435 0.019731839 2
0 0.785 -0.425 0.01812691461 2
0 0.785 -0.415 0.016419183 2
0 0.785 -0.405 0.01463903928 2
0 0.785 -0.395 0.01280794788 2
0 0.785 -0.385 0.01095102631 2
0 0.785 -0.375 0.009091365226 2
0 0.785 -0.365 0.007250372169 2
0 0.785 -0.355 0.005446628233 2
0 0.785 -0.345 0.003695931536 2
0 0.785 -0.335 0.002011945674 2
0 0.785 -0.325 0.0004072736611 2
0 0.785 -0.315 -0.001105141274 2
0 0.785 -0.305 -0.002510841687 2
0 0.785 -0.295 -0.003793303827 2
0 0.785 -0.285 -0.004934025195 2
0 0.785 -0.275 -0.005913362143 2
0 0.785 -0.265 -0.006711895906 2
0 0.785 -0.255 -0.007311865797 2
0 0.785 -0.245 -0.007698582435 2
0 0.785 -0.235 -0.007861490084 2
0 0.785 -0.225 -0.007794908551 2
0 0.785 -0.215 -0.007498382111 2
0 0.785 -0.205 -0.006976718424 2
0 0.785 -0.195 -0.006239776448 2
0 0.785 -0.185 -0.005302099434 2
0 0.785 -0.175 -0.00418246638 2
0 0.785 -0.165 -0.002903419657 2
0 0.785 -0.155 -0.001490796469 2
0 0.785 -0.145 2.671855374e-05 2
0 0.785 -0.135 0.001618037183 2
0 0.785 -0.125 0.003250036054 2
0 0.785 -0.115 0.004887992733 2
0 0.785 -0.105 0.006495472744 2
0 0.785 -0.095 0.008034972158 2
0 0.785 -0.085 0.009464896774 2
0 0.785 -0.075 0.01074302053 2
0 0.785 -0.065 0.01180969203 2
0 0.785 -0.055 0.01260747078 2
0 0.785 -0.045 0.01303453286 2
0 0.785 -0.035 0.01303387002 2
0 0.785 -0.025 0.01256576155 2
0 0.785 -0.015 0.01165172633 2
0 0.785 -0.005 0.01054971966 2
0 0.785 0.005 0.009393495854 2
0 0.785 0.015 0.008600713007 2
0 0.785 0.025 0.00818426197 2
0 0.785 0.035 0.008170309894 2
0 0.785 0.045 0.008495102908 2
0 0.785 0.055 0.009048528305 2
0 0.785 0.065 0.009684821614 2
0 0.785 0.075 0.01020128728 2
0 0.785 0.085 0.01027435229 2
0 0.785 0.095 0.009825246569 2
0 0.785 0.105 0.0088834645 2
0 0.785 0.115 0.00758834359 2
0 0.785 0.125 0.006114325396 2
0 0.785 0.135 0.004532626014 2
0 0.785 0.145 0.002910510301 2
0 0.785 0.155 0.001306299292 2
0 0.785 0.165 -0.0002327682339 2
0 0.785 0.175 -0.001666761518 2
0 0.785 0.185 -0.002958926019 2
0 0.785 0.195 -0.004077651217 2
0 0.785 0.205 -0.004996646773 2
0 0.785 0.215 -0.005696122668 2
0 0.785 0.225 -0.006163221119 2
0 0.785 0.235 -0.00639215583 2
0 0.785 0.245 -0.006383830008 2
0 0.785 0.255 -0.006145070116 2
0 0.785 0.265 -0.00568747264 2
0 0.785 0.275 -0.005025942647 2
0 0.785 0.285 -0.004177181458 2
0 0.785 0.295 -0.003158214147 2
0 0.785 0.305 -0.001985468326 2
0 0.785 0.315 -0.0006743335311 2
0 0.785 0.325 0.0007605019738 2
0 0.785 0.335 0.002304348864 2
0 0.785 0.345 0.003941469949 2
0 0.785 0.355 0.005654281888 2
0 0.785 0.365 0.00742282442 2
0 0.785 0.375 0.009224779631 2
0 0.785 0.385 0.01103601605 2
0 0.785 0.395 0.01283135993 2
0 0.785 0.405 0.01458620767 2
0 0.785 0.415 0.01627634702 2
0 0.785 0.425 0.01788340911 2
0 0.785 0.435 0.01938231855 2
0 0.785 0.445 0.02078305187 2
0 0.785 0.455 0.02200350834 2
0 0.785 0.465 0.02326110701 2
0 0.785 0.475 0.02386694571 2
0 0.785 0.485 0.02592940276 2
0 0.785 0.495 0.02299215069 2
0 0.785 0.505 0.01527862739 2
0 0.785 0.515 0.005996192837 2
0 0.785 0.525 0 2
0 0.785 0.535 0 2
0 0.785 0.545 0 2
0 0.785 0.555 0 2
0 0.785 0.565 0 2
0 0.795 -0.555 0 2
0 0.795 -0.545 0 2
0 0.795 -0.535 0 2
0 0.795 -0.525 0 2
0 0.795 -0.515 0.006445101477 2
0 0.795 -0.505 0.01640549348 2
0 0.795 -0.495 0.02471045444 2
0 0.795 -0.485 0.02786038716 2
0 0.795 -0.475 0.0256394391 2
0 0.795 -0.465 0.02494608131 2
0 0.795 -0.455 0.02353494255 2
0 0.795 -0.445 0.02214983046 2
0 0.795 -0.435 0.02056672324 2
0 0.795 -0.425 0.0188818767 2
0 0.795 -0.415 0.01709237367 2
0 0.795 -0.405 0.01523157678 2
0 0.795 -0.395 0.01332378769 2
0 0.795 -0.385 0.011397112 2
0 0.795 -0.375 0.009476983571 2
0 0.795 -0.365 0.007585872233 2
0 0.795 -0.355 0.005741617545 2
0 0.795 -0.345 0.003957276586 2
0 0.795 -0.335 0.00224246364 2
0 0.795 -0.325 0.000605165149 2
0 0.795 -0.315 -0.0009455556711 2
0 0.795 -0.305 -0.002397330462 2
0 0.795 -0.295 -0.003733555543 2
0 0.795 -0.285 -0.004933440765 2
0 0.795 -0.275 -0.005973459469 2
0 0.795 -0.265 -0.006829698473 2
0 0.795 -0.255 -0.007479970629 2
0 0.795 -0.245 -0.007905915302 2
0 0.795 -0.235 -0.008094331131 2
0 0.795 -0.225 -0.008038073474 2
0 0.795 -0.215 -0.007736341492 2
0 0.795 -0.205 -0.007194551195 2
0 0.795 -0.195 -0.006423865167 2
0 0.795 -0.185 -0.005440552421 2
0 0.795 -0.175 -0.00426529825 2
0 0.795 -0.165 -0.002922545245 2
0 0.795 -0.155 -0.001439893131 2
0 0.795 -0.145 0.0001524397123 2
0 0.795 -0.135 0.001822136817 2
0 0.795 -0.125 0.003535215222 2
0 0.795 -0.115 0.00525660741 2
0 0.795 -0.105 0.006950036576 2
0 0.795 -0.095 0.008579330029 2
0 0.795 -0.085 0.0101038413 2
0 0.795 -0.075 0.0114868242 2
0 0.795 -0.065 0.01266052724 2
0 0.795 -0.055 0.01358502557 2
0 0.795 -0.045 0.01406793151 2
0 0.795 -0.035 0.01400745828 2
0 0.795 -0.025 0.01332350861 2
0 0.795 -0.015 0.01195911062 2
0 0.795 -0.005 0.01043357279 2
0 0.795 0.005 0.008895397733 2
0 0.795 0.015 0.007955077508 2
0 0.795 0.025 0.007564893721 2
0 0.795 0.035 0.007665615342 2
0 0.795 0.045 0.008109398755 2
0 0.795 0.055 0.008856223921 2
0 0.795 0.065 0.009800838917 2
0 0.795 0.075 0.01074196613 2
0 0.795 0.085 0.0111735295 2
0 0.795 0.095 0.01083289173 2
0 0.795 0.105 0.009790122786 2
0 0.795 0.115 0.008286843033 2
0 0.795 0.125 0.006599465865 2
0 0.795 0.135 0.00485416815 2
0 0.795 0.145 0.003123507495 2
0 0.795 0.155 0.0014471387 2
0 0.795 0.165 -0.0001347438849 2
0 0.795 0.175 -0.001594157627 2
0 0.795 0.185 -0.002902130925 2
0 0.795 0.195 -0.004032764445 2
0 0.795 0.205 -0.004962229819 2
0 0.795 0.215 -0.005670603748 2
0 0.795 0.225 -0.006143153117 2
0 0.795 0.235 -0.006371740833 2
0 0.795 0.245 -0.006355648713 2
0 0.795 0.255 -0.006101557023 2
0 0.795 0.265 -0.005622561295 2
0 0.795 0.275 -0.004936157104 2
0 0.795 0.285 -0.004061947193 2
0 0.795 0.295 -0.003019027158 2
0 0.795 0.305 -0.001824519955 2
0 0.795 0.315 -0.0004927719111 2
0 0.795 0.325 0.0009638101452 2
0 0.795 0.335 0.002533474812 2
0 0.795 0.345 0.004203051545 2
0 0.795 0.355 0.005956610759 2
0 0.795 0.365 0.00777445146 2
0 0.795 0.375 0.009633150993 2
0 0.795 0.385 0.01150634097 2
0 0.795 0.395 0.0133659296 2
0 0.795 0.405 0.01518427077 2
0 0.795 0.415 0.01693449284 2
0 0.795 0.425 0.01859661959 2
0 0.795 0.435 0.02014476904 2
0 0.795 0.445 0.0215906846 2
0 0.795 0.455 0.02285089828 2
0 0.795 0.465 0.02415477944 2
0 0.795 0.475 0.02478590336 2
0 0.795 0.485 0.026946635 2
0 0.795 0.495 0.0239000491 2
0 0.795 0.505 0.01589334413 2
0 0.795 0.515 0.006234173719 2
0 0.795 0.525 0 2
0 0.795 0.535 0 2
0 0.795 0.545 0 2
0 0.795 0.555 0 2
0 0.795 0.565 0 2
0 0.805 -0.555 0 2
0 0.805 -0.545 0 2
0 0.805 -0.535 0 2
0 0.805 -0.525 0 2
0 0.805 -0.515 0.006698993569 2
0 0.805 -0.505 0.01705483972 2
0 0.805 -0.495 0.02568142776 2
0 0.805 -0.485 0.02894996671 2
0 0.805 -0.475 0.02662935925 2
0 0.805 -0.465 0.02589857276 2
0 0.805 -0.455 0.02442064153 2
0 0.805 -0.445 0.02296965253 2
0 0.805 -0.435 0.02131278133 2
0 0.805 -0.425 0.0195509788 2
0 0.805 -0.415 0.01768262635 2
0 0.805 -0.405 0.01574462908 2
0 0.805 -0.395 0.01376518629 2
0 0.805 -0.385 0.01177680333 2
0 0.805 -0.375 0.009808691884 2
0 0.805 -0.365 0.007885334515 2
0 0.805 -0.355 0.006023750997 2
0 0.805 -0.345 0.004232435918 2
0 0.805 -0.335 0.00251404928 2
0 0.805 -0.325 0.0008681528316 2
0 0.805 -0.315 -0.0007032906088 2
0 0.805 -0.305 -0.002191564627 2
0 0.805 -0.295 -0.003580070823 2
0 0.805 -0.285 -0.004844367597 2
0 0.805 -0.275 -0.005954869185 2
0 0.805 -0.265 -0.006881085549 2
0 0.805 -0.255 -0.007594413665 2
0 0.805 -0.245 -0.008071402833 2
0 0.805 -0.235 -0.008295338408 2
0 0.805 -0.225 -0.008257339942 2
0 0.805 -0.215 -0.007956398628 2
0 0.805 -0.205 -0.007398918687 2
0 0.805 -0.195 -0.006597814492 2
0 0.805 -0.185 -0.005571475976 2
0 0.805 -0.175 -0.004342776252 2
0 0.805 -0.165 -0.002938209983 2
0 0.805 -0.155 -0.001387183482 2
0 0.805 -0.145 0.0002785796094 2
0 0.805 -0.135 0.002025605161 2
0 0.805 -0.125 0.003819160019 2
0 0.805 -0.115 0.00562402405 2
0 0.805 -0.105 0.007404492359 2
0 0.805 -0.095 0.009126731418 2
0 0.805 -0.085 0.01075313813 2
0 0.805 -0.075 0.01225855713 2
0 0.805 -0.065 0.01357415147 2
0 0.805 -0.055 0.01472138018 2
0 0.805 -0.045 0.01538114794 2
0 0.805 -0.035 0.01532072784 2
0 0.805 -0.025 0.01436436717 2
0 0.805 -0.015 0.01246320593 2
0 0.805 -0.005 0.01059055868 2
0 0.805 0.005 0.009009705614 2
0 0.805 0.015 0.0081732861 2
0 0.805 0.025 0.007910439424 2
0 0.805 0.035 0.008031290238 2
0 0.805 0.045 0.00841924935 2
0 0.805 0.055 0.009109270988 2
0 0.805 0.065 0.01011044571 2
0 0.805 0.075 0.01122323173 2
0 0.805 0.085 0.01199755567 2
0 0.805 0.095 0.01188063812 2
0 0.805 0.105 0.01078769171 2
0 0.805 0.115 0.009073095224 2
0 0.805 0.125 0.007137373529 2
0 0.805 0.135 0.005194825855 2
0 0.805 0.145 0.003353191364 2
0 0.805 0.155 0.00160573487 2
0 0.805 0.165 -1.603701935e-05 2
0 0.805 0.175 -0.001499098386 2
0 0.805 0.185 -0.002822604378 2
0 0.805 0.195 -0.003965901873 2
0 0.805 0.205 -0.004906624879 2
0 0.805 0.215 -0.005623403543 2
0 0.805 0.225 -0.00609833775 2
0 0.805 0.235 -0.006320049013 2
0 0.805 0.245 -0.006286142069 2
0 0.805 0.255 -0.006004208033 2
0 0.805 0.265 -0.005491031613 2
0 0.805 0.275 -0.004769441874 2
0 0.805 0.285 -0.003864755428 2
0 0.805 0.295 -0.002799806847 2
0 0.805 0.305 -0.001592789399 2
0 0.805 0.315 -0.0002556462191 2
0 0.805 0.325 0.001203783311 2
0 0.805 0.335 0.002779528499 2
0 0.805 0.345 0.00446322487 2
0 0.805 0.355 0.006242138065 2
0 0.805 0.365 0.008097288476 2
0 0.805 0.375 0.0100038146 2
0 0.805 0.385 0.01193218947 2
0 0.805 0.395 0.01385016144 2
0 0.805 0.405 0.01572568968 2
0 0.805 0.415 0.01752803529 2
0 0.805 0.425 0.01923479818 2
0 0.805 0.435 0.02081924842 2
0 0.805 0.445 0.02229540018 2
0 0.805 0.455 0.0235801437 2
0 0.805 0.465 0.02491479214 2
0 0.805 0.475 0.02556098889 2
0 0.805 0.485 0.0278026423 2
0 0.805 0.495 0.024662634 2
0 0.805 0.505 0.01641126256 2
0 0.805 0.515 0.006433709993 2
0 0.805 0.525 0 2
0 0.805 0.535 0 2
0 0.805 0.545 0 2
0 0.805 0.555 0 2
0 0.805 0.565 0 2
0 0.815 -0.555 0 2
0 0.815 -0.545 0 2
0 0.815 -0.535 0 2
0 0.815 -0.525 0 2
0 0.815 -0.515 0.00692499144 2
0 0.815 -0.505 0.01763333466 2
0 0.815 -0.495 0.02654622492 2
0 0.815 -0.485 0.0299203835 2
0 0.815 -0.475 0.02751013807 2
0 0.815 -0.465 0.02674450693 2
0 0.815 -0.455 0.02520460183 2
0 0.815 -0.445 0.02369128464 2
0 0.815 -0.435 0.02196368079 2
0 0.815 -0.425 0.02012691888 2
0 0.815 -0.415 0.0181808994 2
0 0.815 -0.405 0.0161666883 2
0 0.815 -0.395 0.01411752934 2
0 0.815 -0.385 0.01207240374 2
0 0.815 -0.375 0.01006746797 2
0 0.815 -0.365 0.008132230608 2
0 0.815 -0.355 0.006283930269 2
0 0.815 -0.345 0.004523301773 2
0 0.815 -0.335 0.002840924637 2
0 0.815 -0.325 0.001220763391 2
0 0.815 -0.315 -0.000348174943 2
0 0.815 -0.305 -0.001863122025 2
0 0.815 -0.295 -0.003306999891 2
0 0.815 -0.285 -0.004648101259 2
0 0.815 -0.275 -0.005846075104 2
0 0.815 -0.265 -0.006860610432 2
0 0.815 -0.255 -0.007654234068 2
0 0.815 -0.245 -0.008197190688 2
0 0.815 -0.235 -0.008468364082 2
0 0.815 -0.225 -0.008456953528 2
0 0.815 -0.215 -0.00816219302 2
0 0.815 -0.205 -0.007592306531 2
0 0.815 -0.195 -0.006762838713 2
0 0.815 -0.185 -0.005694997735 2
0 0.815 -0.175 -0.004414293792 2
0 0.815 -0.165 -0.002949488446 2
0 0.815 -0.155 -0.001331849389 2
0 0.815 -0.145 0.0004054250512 2
0 0.815 -0.135 0.002227749553 2
0 0.815 -0.125 0.004099660979 2
0 0.815 -0.115 0.005985757265 2
0 0.815 -0.105 0.007850909688 2
0 0.815 -0.095 0.009663775525 2
0 0.815 -0.085 0.01139079079 2
0 0.815 -0.075 0.01302120905 2
0 0.815 -0.065 0.01449165838 2
0 0.815 -0.055 0.01591380536 2
0 0.815 -0.045 0.0168327868 2
0 0.815 -0.035 0.01687253114 2
0 0.815 -0.025 0.01576857984 2
0 0.815 -0.015 0.01360822735 2
0 0.815 -0.005 0.01145759616 2
0 0.815 0.005 0.009805516208 1
0 0.815 0.015 0.009030029825 1
0 0.815 0.025 0.008983485769 1
0 0.815 0.035 0.009113088452 1
0 0.815 0.045 0.009274108669 1
0 0.815 0.055 0.009720871722 1
0 0.815 0.065 0.01074635541 1
0 0.815 0.075 0.01192062766 2
0 0.815 0.085 0.01275927609 2
0 0.815 0.095 0.01276953797 2
0 0.815 0.105 0.0116938354 2
0 0.815 0.115 0.009818019345 2
0 0.815 0.125 0.007641761383 2
0 0.815 0.135 0.005495050691 2
0 0.815 0.145 0.00356042509 2
0 0.815 0.155 0.001760937536 2
0 0.815 0.165 0.0001161748544 2
0 0.815 0.175 -0.00137827673 2
0 0.815 0.185 -0.002710670164 2
0 0.815 0.195 -0.003865100202 2
0 0.815 0.205 -0.004819117428 2
0 0.815 0.215 -0.005547242282 2
0 0.815 0.225 -0.006025334138 2
0 0.815 0.235 -0.006236088855 2
0 0.815 0.245 -0.00617411036 2
0 0.815 0.255 -0.005848658508 2
0 0.815 0.265 -0.005283329969 2
0 0.815 0.275 -0.004510680356 2
0 0.815 0.285 -0.003566924218 2
0 0.815 0.295 -0.002481575596 2
0 0.815 0.305 -0.001274775131 2
0 0.815 0.315 4.646760659e-05 2
0 0.815 0.325 0.001482685319 2
0 0.815 0.335 0.003038520899 2
0 0.815 0.345 0.004713546108 2
0 0.815 0.355 0.006500305638 2
0 0.815 0.365 0.008380757792 2
0 0.815 0.375 0.01032781388 2
0 0.815 0.385 0.01230727775 2
0 0.815 0.395 0.01428077511 2
0 0.815 0.405 0.01620970644 2
0 0.815 0.415 0.01805745487 2
0 0.815 0.425 0.01979772216 2
0 0.815 0.435 0.02140272425 2
0 0.815 0.445 0.02288967501 2
0 0.815 0.455 0.02417864454 2
0 0.815 0.465 0.02552390322 2
0 0.815 0.475 0.02617220777 2
0 0.815 0.485 0.0284741148 2
0 0.815 0.495 0.02525911869 2
0 0.815 0.505 0.01681817463 2
0 0.815 0.515 0.006589396982 2
0 0.815 0.525 0 2
0 0.815 0.535 0 2
0 0.815 0.545 0 2
0 0.815 0.555 0 2
0 0.815 0.565 0 2
0 0.825 -0.555 0 2
0 0.825 -0.545 0 2
0 0.825 -0.535 0 2
0 0.825 -0.525 0 2
0 0.825 -0.515 0.007121315489 2
0 0.825 -0.505 0.01813650657 2
0 0.825 -0.495 0.02729822781 2
0 0.825 -0.485 0.03076442581 2
0 0.825 -0.475 0.02827553659 2
0 0.825 -0.465 0.02747821028 2
0 0.825 -0.455 0.02588182362 2
0 0.825 -0.445 0.02431011407 2
0 0.825 -0.435 0.02251470083 2
0 0.825 -0.425 0.02060402003 2
0 0.825 -0.415 0.01857917736 2
0 0.825 -0.405 0.01648568787 2
0 0.825 -0.395 0.01436318657 2
0 0.825 -0.385 0.01226064824 2
0 0.825 -0.375 0.01022643865 2
0 0.825 -0.365 0.00829972547 2
0 0.825 -0.355 0.006501304832 2
0 0.825 -0.345 0.004821406769 2
0 0.825 -0.335 0.003232300649 2
0 0.825 -0.325 0.001687697267 2
0 0.825 -0.315 0.0001524841406 2
0 0.825 -0.305 -0.001377689423 2
0 0.825 -0.295 -0.002882834317 2
0 0.825 -0.285 -0.004319228762 2
0 0.825 -0.275 -0.005630298842 2
0 0.825 -0.265 -0.006761860506 2
0 0.825 -0.255 -0.007661426641 2
0 0.825 -0.245 -0.008290349965 2
0 0.825 -0.235 -0.008622130153 2
0 0.825 -0.225 -0.008645018605 2
0 0.825 -0.215 -0.008360073122 2
0 0.825 -0.205 -0.007778900798 2
0 0.825 -0.195 -0.006921096687 2
0 0.825 -0.185 -0.005811711082 2
0 0.825 -0.175 -0.004479469793 2
0 0.825 -0.165 -0.002955594613 2
0 0.825 -0.155 -0.001273195479 2
0 0.825 -0.145 0.0005331555913 2
0 0.825 -0.135 0.002427833839 2
0 0.825 -0.125 0.004374600687 2
0 0.825 -0.115 0.006337609722 2
0 0.825 -0.105 0.008281819849 2
0 0.825 -0.095 0.01017744349 2
0 0.825 -0.085 0.01199437047 2
0 0.825 -0.075 0.01373513222 2
0 0.825 -0.065 0.01534925088 2
0 0.825 -0.055 0.01705738897 2
0 0.825 -0.045 0.01833797016 2
0 0.825 -0.035 0.01861477143 2
0 0.825 -0.025 0.01722800319 2
0 0.825 -0.015 0.01459401352 1
0 0.825 -0.005 0.01211637479 1
0 0.825 0.005 0.01072056761 1
0 0.825 0.015 0.01031291411 1
0 0.825 0.025 0.01034073186 1
0 0.825 0.035 0.01033630354 1
0 0.825 0.045 0.01031891913 1
0 0.825 0.055 0.01042862622 1
0 0.825 0.065 0.01105539868 1
0 0.825 0.075 0.01214006315 1
0 0.825 0.085 0.01309290718 2
0 0.825 0.095 0.01327515471 2
0 0.825 0.105 0.01228641264 2
0 0.825 0.115 0.01033124085 2
0 0.825 0.125 0.007978625552 2
0 0.825 0.135 0.005683311945 2
0 0.825 0.145 0.0037032232 2
0 0.825 0.155 0.001893057862 2
0 0.825 0.165 0.0002580347449 2
0 0.825 0.175 -0.001224261199 2
0 0.825 0.185 -0.002552954075 2
0 0.825 0.195 -0.003716126574 2
0 0.825 0.205 -0.004689075168 2
0 0.825 0.215 -0.005437894025 2
0 0.825 0.225 -0.005926409676 2
0 0.825 0.235 -0.006125207251 2
0 0.825 0.245 -0.006021564591 2
0 0.825 0.255 -0.005626224109 2
0 0.825 0.265 -0.00497537791 2
0 0.825 0.275 -0.004120151535 2
0 0.825 0.285 -0.003119327654 2
0 0.825 0.295 -0.002014832434 2
0 0.825 0.305 -0.0008306353417 2
0 0.825 0.315 0.000437866218 2
0 0.825 0.325 0.001807587061 2
0 0.825 0.335 0.003303959653 2
0 0.825 0.345 0.00493911793 2
0 0.825 0.355 0.006713557074 2
0 0.825 0.365 0.008608780141 2
0 0.825 0.375 0.01059289466 2
0 0.825 0.385 0.01262415807 2
0 0.825 0.395 0.01465561329 2
0 0.825 0.405 0.01663939289 2
0 0.825 0.415 0.01852950839 2
0 0.825 0.425 0.02029232232 2
0 0.825 0.435 0.02189772376 2
0 0.825 0.445 0.02336763612 2
0 0.825 0.455 0.02463072519 2
0 0.825 0.465 0.02595849508 2
0 0.825 0.475 0.02659263449 2
0 0.825 0.485 0.02893191135 2
0 0.825 0.495 0.02566583844 2
0 0.825 0.505 0.01709820017 2
0 0.825 0.515 0.006695891984 2
0 0.825 0.525 0 2
0 0.825 0.535 0 2
0 0.825 0.545 0 2
0 0.825 0.555 0 2
0 0.825 0.565 0 2
0 0.835 -0.555 0 2
0 0.835 -0.545 0 2
0 0.835 -0.535 0 2
0 0.835 -0.525 0 2
0 0.835 -0.515 0.007286244405 2
0 0.835 -0.505 0.01856007837 2
0 0.835 -0.495 0.02793109612 2
0 0.835 -0.485 0.0314752924 2
0 0.835 -0.475 0.02891987538 2
0 0.835 -0.465 0.028094889 2
0 0.835 -0.455 0.02644862569 2
0 0.835 -0.445 0.02482339664 2
0 0.835 -0.435 0.02296361022 2
0 0.835 -0.425 0.02097945693 2
0 0.835 -0.415 0.01887207353 2
0 0.835 -0.405 0.01669137757 2
0 0.835 -0.395 0.01448495151 2
0 0.835 -0.385 0.01231569629 2
0 0.835 -0.375 0.01024115888 2
0 0.835 -0.365 0.008327142882 2
0 0.835 -0.355 0.006631897288 2
0 0.835 -0.345 0.0051274753 2
0 0.835 -0.335 0.003748596559 2
0 0.835 -0.325 0.002371003104 2
0 0.835 -0.315 0.000903155058 2
0 0.835 -0.305 -0.0006537530884 2
0 0.835 -0.295 -0.002265187353 2
0 0.835 -0.285 -0.003846753952 2
0 0.835 -0.275 -0.005306912507 2
0 0.835 -0.265 -0.006588731398 2
0 0.835 -0.255 -0.007624566464 2
0 0.835 -0.245 -0.008363789189 2
0 0.835 -0.235 -0.008771193515 2
0 0.835 -0.225 -0.008834564536 2
0 0.835 -0.215 -0.0085595902 2
0 0.835 -0.205 -0.007964368635 2
0 0.835 -0.195 -0.007075136475 2
0 0.835 -0.185 -0.005922047559 2
0 0.835 -0.175 -0.004537578958 2
0 0.835 -0.165 -0.002955409745 2
0 0.835 -0.155 -0.001210259991 2
0 0.835 -0.145 0.0006621926576 2
0 0.835 -0.135 0.002625462305 2
0 0.835 -0.125 0.004642502469 2
0 0.835 -0.115 0.006676607268 2
0 0.835 -0.105 0.008691850752 2
0 0.835 -0.095 0.01065776122 2
0 0.835 -0.085 0.01254459783 2
0 0.835 -0.075 0.01435956549 2
0 0.835 -0.065 0.01605979881 2
0 0.835 -0.055 0.01792121617 2
0 0.835 -0.045 0.01939180336 2
0 0.835 -0.035 0.01980348323 2
0 0.835 -0.025 0.01829579338 2
0 0.835 -0.015 0.01556741999 1
0 0.835 -0.005 0.01283381736 1
0 0.835 0.005 0.01127134199 1
0 0.835 0.015 0.01096732144 1
0 0.835 0.025 0.01108154608 1
0 0.835 0.035 0.01108920827 1
0 0.835 0.045 0.01103265784 1
0 0.835 0.055 0.01096748901 1
0 0.835 0.065 0.01126315959 1
0 0.835 0.075 0.01211018212 1
0 0.835 0.085 0.01301444996 1
0 0.835 0.095 0.01333781875 2
0 0.835 0.105 0.01244502083 2
0 0.835 0.115 0.01045027762 2
0 0.835 0.125 0.008034916507 2
0 0.835 0.135 0.005700547116 2
0 0.835 0.145 0.003748492415 2
0 0.835 0.155 0.001993358889 2
0 0.835 0.165 0.0004204364003 2
0 0.835 0.175 -0.001012083192 2
0 0.835 0.185 -0.002319189217 2
0 0.835 0.195 -0.003491867351 2
0 0.835 0.205 -0.00450005215 2
0 0.835 0.215 -0.005293614595 2
0 0.835 0.225 -0.005814401827 2
0 0.835 0.235 -0.006011332537 2
0 0.835 0.245 -0.005857358116 2
0 0.835 0.255 -0.005362679519 2
0 0.835 0.265 -0.004582947735 2
0 0.835 0.275 -0.003599711677 2
0 0.835 0.285 -0.002514367821 2
0 0.835 0.295 -0.001388441649 2
0 0.835 0.305 -0.0002541090985 2
0 0.835 0.315 0.0009160372406 2
0 0.835 0.325 0.00216480516 2
0 0.835 0.335 0.003555171526 2
0 0.835 0.345 0.005115297994 2
0 0.835 0.355 0.006857133912 2
0 0.835 0.365 0.008759221918 2
0 0.835 0.375 0.01078224772 2
0 0.835 0.385 0.01287342124 2
0 0.835 0.395 0.01497375252 2
0 0.835 0.405 0.01702207381 2
0 0.835 0.415 0.01895732164 2
0 0.835 0.425 0.02073295377 2
0 0.835 0.435 0.02231389681 2
0 0.835 0.445 0.02372838321 2
0 0.835 0.455 0.02492243565 2
0 0.835 0.465 0.02619534199 2
0 0.835 0.475 0.02679703819 2
0 0.835 0.485 0.02915141734 2
0 0.835 0.495 0.0258657652 2
0 0.835 0.505 0.01723931892 2
0 0.835 0.515 0.006749957732 2
0 0.835 0.525 0 2
0 0.835 0.535 0 2
0 0.835 0.545 0 2
0 0.835 0.555 0 2
0 0.835 0.565 0 2
0 0.845 -0.555 0 2
0 0.845 -0.545 0 2
0 0.845 -0.535 0 2
0 0.845 -0.525 0 2
0 0.845 -0.515 0.007418040205 2
0 0.845 -0.505 0.01889978511 2
0 0.845 -0.495 0.02843850295 2
0 0.845 -0.485 0.0320463257 2
0 0.845 -0.475 0.0294378492 2
0 0.845 -0.465 0.02859054302 2
0 0.845 -0.455 0.02690273036 2
0 0.845 -0.445 0.02523064221 2
0 0.845 -0.435 0.02331156916 2
0 0.845 -0.425 0.02125505365 2
0 0.845 -0.415 0.01906027296 2
0 0.845 -0.405 0.01678051203 2
0 0.845 -0.395 0.01446300096 2
0 0.845 -0.385 0.0121937519 2
0 0.845 -0.375 0.01005445267 2
0 0.845 -0.365 0.00815811828 2
0 0.845 -0.355 0.006621628394 2
0 0.845 -0.345 0.005371507847 2
0 0.845 -0.335 0.004323939327 2
0 0.845 -0.325 0.003223754205 2
0 0.845 -0.315 0.001877153984 2
0 0.845 -0.305 0.0003392465398 2
0 0.845 -0.295 -0.001359851062 2
0 0.845 -0.285 -0.003139019497 2
0 0.845 -0.275 -0.004826181818 2
0 0.845 -0.265 -0.006346859206 2
0 0.845 -0.255 -0.007573382653 2
0 0.845 -0.245 -0.008448164607 2
0 0.845 -0.235 -0.0089411776 2
0 0.845 -0.225 -0.009044631255 2
0 0.845 -0.215 -0.008772972494 2
0 0.845 -0.205 -0.008154798687 2
0 0.845 -0.195 -0.007226743434 2
0 0.845 -0.185 -0.006025306456 2
0 0.845 -0.175 -0.004586818137 2
0 0.845 -0.165 -0.002946972043 2
0 0.845 -0.155 -0.001141475517 2
0 0.845 -0.145 0.0007934255416 2
0 0.845 -0.135 0.002820764759 2
0 0.845 -0.125 0.00490280887 2
0 0.845 -0.115 0.007001647051 2
0 0.845 -0.105 0.009079339134 2
0 0.845 -0.095 0.01110209809 2
0 0.845 -0.085 0.01303634041 2
0 0.845 -0.075 0.01488142813 2
0 0.845 -0.065 0.01659198068 2
0 0.845 -0.055 0.01842806738 2
0 0.845 -0.045 0.01990297862 2
0 0.845 -0.035 0.02031684818 2
0 0.845 -0.025 0.01873657408 2
0 0.845 -0.015 0.01581672637 1
0 0.845 -0.005 0.01283021262 1
0 0.845 0.005 0.01115631043 1
0 0.845 0.015 0.01096173831 1
0 0.845 0.025 0.01127899795 1
0 0.845 0.035 0.01145230181 1
0 0.845 0.045 0.01147851197 1
0 0.845 0.055 0.01127181704 1
0 0.845 0.065 0.01120730355 1
0 0.845 0.075 0.01180557603 1
0 0.845 0.085 0.01262261678 1
0 0.845 0.095 0.01292139633 2
0 0.845 0.105 0.01203441646 2
0 0.845 0.115 0.01004539615 2
0 0.845 0.125 0.007726016624 2
0 0.845 0.135 0.005499795828 2
0 0.845 0.145 0.003665875891 2
0 0.845 0.155 0.002050863625 2
0 0.845 0.165 0.0006116041713 2
0 0.845 0.175 -0.0007179281691 2
0 0.845 0.185 -0.001979734592 2
0 0.845 0.195 -0.003163587531 2
0 0.845 0.205 -0.004231744117 2
0 0.845 0.215 -0.005110487883 2
0 0.845 0.225 -0.005708969416 2
0 0.845 0.235 -0.005938903315 2
0 0.845 0.245 -0.005722475155 2
0 0.845 0.255 -0.005048257226 2
0 0.845 0.265 -0.004008042958 2
0 0.845 0.275 -0.002742956597 2
0 0.845 0.285 -0.001485251843 2
0 0.845 0.295 -0.0003382449226 2
0 0.845 0.305 0.0006470198235 2
0 0.845 0.315 0.001576853461 2
0 0.845 0.325 0.002559607322 2
0 0.845 0.335 0.003749231371 2
0 0.845 0.345 0.005183230028 2
0 0.845 0.355 0.006884916602 2
0 0.845 0.365 0.008803278132 2
0 0.845 0.375 0.01087503996 2
0 0.845 0.385 0.01304327449 2
0 0.845 0.395 0.01523385709 2
0 0.845 0.405 0.01736787494 2
0 0.845 0.415 0.01937281133 2
0 0.845 0.425 0.02116931024 2
0 0.845 0.435 0.0226981666 2
0 0.845 0.445 0.02398593683 2
0 0.845 0.455 0.02501151795 2
0 0.845 0.465 0.02615099709 2
0 0.845 0.475 0.0266977166 2
0 0.845 0.485 0.02907659271 2
0 0.845 0.495 0.02584931275 2
0 0.845 0.505 0.01724922029 2
0 0.845 0.515 0.006761897063 2
0 0.845 0.525 0 2
0 0.845 0.535 0 2
0 0.845 0.545 0 2
0 0.845 0.555 0 2
0 0.845 0.565 0 2
0 0.855 -0.555 0 1
0 0.855 -0.545 0 1
0 0.855 -0.535 0 2
0 0.855 -0.525 0 2
0 0.855 -0.515 0.007514827873 2
0 0.855 -0.505 0.01915106798 2
0 0.855 -0.495 0.02881370822 2
0 0.855 -0.485 0.03247056915 2
0 0.855 -0.475 0.02982418821 2
0 0.855 -0.465 0.02896169693 2
0 0.855 -0.455 0.02724310977 2
0 0.855 -0.445 0.02553368259 2
0 0.855 -0.435 0.02356364591 2
0 0.855 -0.425 0.02143893561 2
0 0.855 -0.415 0.01915441114 2
0 0.855 -0.405 0.01675569696 2
0 0.855 -0.395 0.01428873655 2
0 0.855 -0.385 0.01188038409 2
0 0.855 -0.375 0.009644167209 2
0 0.855 -0.365 0.007737770337 2
0 0.855 -0.355 0.006341737664 2
0 0.855 -0.345 0.005351839005 2
0 0.855 -0.335 0.004611420829 2
0 0.855 -0.325 0.003780984238 2
0 0.855 -0.315 0.002638910478 2
0 0.855 -0.305 0.001235675875 2
0 0.855 -0.295 -0.0004235959617 2
0 0.855 -0.285 -0.002343719172 2
0 0.855 -0.275 -0.004231542208 2
0 0.855 -0.265 -0.006042775953 2
0 0.855 -0.255 -0.00752184771 2
0 0.855 -0.245 -0.008580122874 2
0 0.855 -0.235 -0.00917520264 2
0 0.855 -0.225 -0.009302479869 2
0 0.855 -0.215 -0.009014008108 2
0 0.855 -0.205 -0.008354555163 2
0 0.855 -0.195 -0.007374968554 2
0 0.855 -0.185 -0.006118312826 2
0 0.855 -0.175 -0.004623456918 2
0 0.855 -0.165 -0.002926982665 2
0 0.855 -0.155 -0.001064428963 2
0 0.855 -0.145 0.0009282601628 2
0 0.855 -0.135 0.003014299763 2
0 0.855 -0.125 0.005155697885 2
0 0.855 -0.115 0.007313290981 2
0 0.855 -0.105 0.009446494246 2
0 0.855 -0.095 0.01151601121 2
0 0.855 -0.085 0.01347964708 2
0 0.855 -0.075 0.0153150728 2
0 0.855 -0.065 0.01696963901 2
0 0.855 -0.055 0.01859783369 2
0 0.855 -0.045 0.0198164374 2
0 0.855 -0.035 0.01998947908 2
0 0.855 -0.025 0.01830445502 2
0 0.855 -0.015 0.01522260518 1
0 0.855 -0.005 0.0122204671 1
0 0.855 0.005 0.01051126164 1
0 0.855 0.015 0.0103472269 1
0 0.855 0.025 0.01089215762 1
0 0.855 0.035 0.01131367341 1
0 0.855 0.045 0.01151320505 1
0 0.855 0.055 0.01137494734 1
0 0.855 0.065 0.01119801 1
0 0.855 0.075 0.01156518146 1
0 0.855 0.085 0.01209587816 1
0 0.855 0.095 0.01215357656 2
0 0.855 0.105 0.01115447444 2
0 0.855 0.115 0.009186269463 2
0 0.855 0.125 0.00703602364 2
0 0.855 0.135 0.005023750965 2
0 0.855 0.145 0.003419035935 2
0 0.855 0.155 0.002097782084 2
0 0.855 0.165 0.000933249734 2
0 0.855 0.175 -0.0001947827864 2
0 0.855 0.185 -0.001399013306 2
0 0.855 0.195 -0.002638869493 2
0 0.855 0.205 -0.003850350461 2
0 0.855 0.215 -0.004901347198 2
0 0.855 0.225 -0.005659015692 2
0 0.855 0.235 -0.005991399972 2
0 0.855 0.245 -0.005740970883 2
0 0.855 0.255 -0.00487356503 2
0 0.855 0.265 -0.003508669234 2
0 0.855 0.275 -0.001881235791 2
0 0.855 0.285 -0.00043591287 2
0 0.855 0.295 0.0007321039642 2
0 0.855 0.305 0.001569243388 2
0 0.855 0.315 0.002249522031 2
0 0.855 0.325 0.002907855623 2
0 0.855 0.335 0.00385391628 2
0 0.855 0.345 0.005108728148 2
0 0.855 0.355 0.006749985311 2
0 0.855 0.365 0.008693489053 2
0 0.855 0.375 0.01084046707 2
0 0.855 0.385 0.01312060322 2
0 0.855 0.395 0.01543163507 2
0 0.855 0.405 0.01769544799 2
0 0.855 0.415 0.01981573812 2
0 0.855 0.425 0.02164503274 2
0 0.855 0.435 0.02308161401 2
0 0.855 0.445 0.02414821788 2
0 0.855 0.455 0.0248873535 2
0 0.855 0.465 0.02582371003 2
0 0.855 0.475 0.02630377761 2
0 0.855 0.485 0.02873570429 2
0 0.855 0.495 0.0256470812 2
0 0.855 0.505 0.01715450563 2
0 0.855 0.515 0.006744224982 2
0 0.855 0.525 0 2
0 0.855 0.535 0 2
0 0.855 0.545 0 2
0 0.855 0.555 0 2
0 0.855 0.565 0 2
0 0.865 -0.555 0 1
0 0.865 -0.545 0 1
0 0.865 -0.535 0 2
0 0.865 -0.525 0 2
0 0.865 -0.515 0.00757442591 2
0 0.865 -0.505 0.01930863322 2
0 0.865 -0.495 0.02904896174 2
0 0.865 -0.485 0.03274014529 2
0 0.865 -0.475 0.03007316732 2
0 0.865 -0.465 0.02920493287 2
0 0.865 -0.455 0.02746952995 2
0 0.865 -0.445 0.02573625004 2
0 0.865 -0.435 0.02372862407 2
0 0.865 -0.425 0.0215463251 2
0 0.865 -0.415 0.01917732401 2
0 0.865 -0.405 0.01664507599 2
0 0.865 -0.395 0.01399904247 2
0 0.865 -0.385 0.01140757109 2
0 0.865 -0.375 0.009013245926 2
0 0.865 -0.365 0.007069951137 2
0 0.865 -0.355 0.005702377378 2
0 0.865 -0.345 0.004815996517 2
0 0.865 -0.335 0.004171644684 2
0 0.865 -0.325 0.003504836245 2
0 0.865 -0.315 0.002680464212 2
0 0.865 -0.305 0.001548839088 2
0 0.865 -0.295 9.154309485e-05 2
0 0.865 -0.285 -0.001797184151 2
0 0.865 -0.275 -0.003781222202 2
0 0.865 -0.265 -0.005874307428 2
0 0.865 -0.255 -0.007607187715 2
0 0.865 -0.245 -0.00883959831 2
0 0.865 -0.235 -0.009525378549 2
0 0.865 -0.225 -0.009636332663 2
0 0.865 -0.215 -0.009291369688 2
0 0.865 -0.205 -0.00856213577 2
0 0.865 -0.195 -0.007513497199 2
0 0.865 -0.185 -0.006193901681 2
0 0.865 -0.175 -0.004641035002 2
0 0.865 -0.165 -0.002890430583 2
0 0.865 -0.155 -0.0009757780156 2
0 0.865 -0.145 0.001068451571 2
0 0.865 -0.135 0.003206614457 2
0 0.865 -0.125 0.005401267295 2
0 0.865 -0.115 0.007612406466 2
0 0.865 -0.105 0.00979744729 2
0 0.865 -0.095 0.01191049736 2
0 0.865 -0.085 0.01389630665 2
0 0.865 -0.075 0.0157098226 2
0 0.865 -0.065 0.01727555863 2
0 0.865 -0.055 0.01856801306 2
0 0.865 -0.045 0.01931153117 2
0 0.865 -0.035 0.01908206856 2
0 0.865 -0.025 0.01738160395 2
0 0.865 -0.015 0.01436179851 2
0 0.865 -0.005 0.01136507796 1
0 0.865 0.005 0.009592413464 1
0 0.865 0.015 0.009492192064 1
0 0.865 0.025 0.01032606968 1
0 0.865 0.035 0.01097544033 1
0 0.865 0.045 0.0113034758 1
0 0.865 0.055 0.01129477683 1
0 0.865 0.065 0.01121609751 1
0 0.865 0.075 0.01141960305 1
0 0.865 0.085 0.01162127366 1
0 0.865 0.095 0.01130177827 2
0 0.865 0.105 0.009997365575 2
0 0.865 0.115 0.008016735059 2
0 0.865 0.125 0.006035277755 2
0 0.865 0.135 0.004289547538 2
0 0.865 0.145 0.002988724312 2
0 0.865 0.155 0.002069386658 2
0 0.865 0.165 0.001273825228 2
0 0.865 0.175 0.0004403949249 2
0 0.865 0.185 -0.0006510985792 2
0 0.865 0.195 -0.00189571335 2
0 0.865 0.205 -0.003250389073 2
0 0.865 0.215 -0.00457064617 2
0 0.865 0.225 -0.005651577485 2
0 0.865 0.235 -0.00627819562 2
0 0.865 0.245 -0.006144536513 2
0 0.865 0.255 -0.005156178329 2
0 0.865 0.265 -0.003420635756 2
0 0.865 0.275 -0.001449403964 2
0 0.865 0.285 0.0001858355621 2
0 0.865 0.295 0.001366256581 2
0 0.865 0.305 0.002040466398 2
0 0.865 0.315 0.002539254899 2
0 0.865 0.325 0.002970388088 2
0 0.865 0.335 0.003715207625 2
0 0.865 0.345 0.004813406961 2
0 0.865 0.355 0.006411915206 2
0 0.865 0.365 0.008397455839 2
0 0.865 0.375 0.01064892625 2
0 0.865 0.385 0.01308598998 2
0 0.865 0.395 0.0155577761 2
0 0.865 0.405 0.01800818213 2
0 0.865 0.415 0.02030243886 2
0 0.865 0.425 0.02220667031 2
0 0.865 0.435 0.02351453432 2
0 0.865 0.445 0.02417754418 2
0 0.865 0.455 0.02444296375 2
0 0.865 0.465 0.02502407369 2
0 0.865 0.475 0.02536766986 2
0 0.865 0.485 0.02800174527 2
0 0.865 0.495 0.0252318197 2
0 0.865 0.505 0.01702330269 2
0 0.865 0.515 0.006746871273 2
0 0.865 0.525 0 2
0 0.865 0.535 0 2
0 0.865 0.545 0 2
0 0.865 0.555 0 2
0 0.865 0.565 0 2
0 0.875 -0.555 0 1
0 0.875 -0.545 0 1
0 0.875 -0.535 0 2
0 0.875 -0.525 0 2
0 0.875 -0.515 0.007594133316 2
0 0.875 -0.505 0.019365892 2
0 0.875 -0.495 0.02913477021 2
0 0.875 -0.485 0.03284550764 2
0 0.875 -0.475 0.03017803187 2
0 0.875 -0.465 0.02931628932 2
0 0.875 -0.455 0.02758181075 2
0 0.875 -0.445 0.02584292262 2
0 0.875 -0.435 0.02381750455 2
0 0.875 -0.425 0.02159765512 2
0 0.875 -0.415 0.01916232931 2
0 0.875 -0.405 0.01650347791 2
0 0.875 -0.395 0.01367944555 2
0 0.875 -0.385 0.01087365656 2
0 0.875 -0.375 0.008267990287 2
0 0.875 -0.365 0.006187078514 2
0 0.875 -0.355 0.004587071517 2
0 0.875 -0.345 0.003587920671 2
0 0.875 -0.335 0.003001064363 1
0 0.875 -0.325 0.002493616895 1
0 0.875 -0.315 0.001759026269 2
0 0.875 -0.305 0.0007229648092 2
0 0.875 -0.295 -0.0003735980754 2
0 0.875 -0.285 -0.001839726764 2
0 0.875 -0.275 -0.003746102798 2
0 0.875 -0.265 -0.006009284225 2
0 0.875 -0.255 -0.008042416527 2
0 0.875 -0.245 -0.009397064406 2
0 0.875 -0.235 -0.01007813617 2
0 0.875 -0.225 -0.01007302783 2
0 0.875 -0.215 -0.009597376332 2
0 0.875 -0.205 -0.008763943638 2
0 0.875 -0.195 -0.007627843334 2
0 0.875 -0.185 -0.006239617651 2
0 0.875 -0.175 -0.004629843861 2
0 0.875 -0.165 -0.0028304522 2
0 0.875 -0.155 -0.0008713471285 2
0 0.875 -0.145 0.001215783045 2
0 0.875 -0.135 0.003397627738 2
0 0.875 -0.125 0.005638448015 2
0 0.875 -0.115 0.007898714081 2
0 0.875 -0.105 0.01013599734 2
0 0.875 -0.095 0.01229726227 2
0 0.875 -0.085 0.0143230529 2
0 0.875 -0.075 0.01613855906 2
0 0.875 -0.065 0.01762463702 2
0 0.875 -0.055 0.01859582209 2
0 0.875 -0.045 0.01883281291 2
0 0.875 -0.035 0.01801578184 2
0 0.875 -0.025 0.0160988857 2
0 0.875 -0.015 0.01332487279 2
0 0.875 -0.005 0.01073870426 2
0 0.875 0.005 0.009177172377 1
0 0.875 0.015 0.008852976539 1
0 0.875 0.025 0.009509895753 1
0 0.875 0.035 0.01017568605 1
0 0.875 0.045 0.01053120414 1
0 0.875 0.055 0.01078200176 1
0 0.875 0.065 0.0112195093 1
0 0.875 0.075 0.01164979719 2
0 0.875 0.085 0.01143903868 2
0 0.875 0.095 0.01049432076 2
0 0.875 0.105 0.008783838628 2
0 0.875 0.115 0.006745636306 2
0 0.875 0.125 0.004849980979 2
0 0.875 0.135 0.003301134315 2
0 0.875 0.145 0.002301338073 2
0 0.875 0.155 0.001774875037 2
0 0.875 0.165 0.001338213224 2
0 0.875 0.175 0.0008051847622 2
0 0.875 0.185 -0.0001130853533 2
0 0.875 0.195 -0.0012664401 2
0 0.875 0.205 -0.002683659271 2
0 0.875 0.215 -0.004292130616 2
0 0.875 0.225 -0.005806064271 2
0 0.875 0.235 -0.006895398171 2
0 0.875 0.245 -0.007050106431 2
0 0.875 0.255 -0.006066192227 2
0 0.875 0.265 -0.004062208801 2
0 0.875 0.275 -0.002000149113 2
0 0.875 0.285 -0.0002984496191 2
0 0.875 0.295 0.0008407221513 2
0 0.875 0.305 0.00151035591 2
0 0.875 0.315 0.002086242022 2
0 0.875 0.325 0.00261887425 2
0 0.875 0.335 0.003319565729 2
0 0.875 0.345 0.004341506471 2
0 0.875 0.355 0.00587139352 2
0 0.875 0.365 0.007913981345 2
0 0.875 0.375 0.01029679289 2
0 0.875 0.385 0.0129218587 2
0 0.875 0.395 0.01559435214 2
0 0.875 0.405 0.01829102273 2
0 0.875 0.415 0.02079762299 2
0 0.875 0.425 0.02275581422 2
0 0.875 0.435 0.02379096378 2
0 0.875 0.445 0.02388006825 2
0 0.875 0.455 0.02366155954 2
0 0.875 0.465 0.02390638066 2
0 0.875 0.475 0.02415490133 2
0 0.875 0.485 0.02696802388 2
0 0.875 0.495 0.02449947067 2
0 0.875 0.505 0.01668030334 2
0 0.875 0.515 0.006652266707 2
0 0.875 0.525 0 2
0 0.875 0.535 0 2
0 0.875 0.545 0 2
0 0.875 0.555 0 2
0 0.875 0.565 0 2
0 0.885 -0.555 0 1
0 0.885 -0.545 0 1
0 0.885 -0.535 0 2
0 0.885 -0.525 0 2
0 0.885 -0.515 0.007570466434 2
0 0.885 -0.505 0.01931427284 2
0 0.885 -0.495 0.02905902309 2
0 0.885 -0.485 0.0327745868 2
0 0.885 -0.475 0.03013039637 2
0 0.885 -0.465 0.02929063215 2
0 0.885 -0.455 0.02757896436 2
0 0.885 -0.445 0.02585767572 2
0 0.885 -0.435 0.02384108019 2
0 0.885 -0.425 0.02161463974 2
0 0.885 -0.415 0.01914835293 2
0 0.885 -0.405 0.01640448496 2
0 0.885 -0.395 0.0134392863 2
0 0.885 -0.385 0.01040343531 2
0 0.885 -0.375 0.007519746496 2
0 0.885 -0.365 0.005191794378 2
0 0.885 -0.355 0.003496073925 1
0 0.885 -0.345 0.002460249088 1
0 0.885 -0.335 0.001621517563 1
0 0.885 -0.325 0.0008586518727 1
0 0.885 -0.315 0.0001750194659 1
0 0.885 -0.305 -0.0005854571237 1
0 0.885 -0.295 -0.001491104078 1
0 0.885 -0.285 -0.002689651064 2
0 0.885 -0.275 -0.004517322091 2
0 0.885 -0.265 -0.00662104427 2
0 0.885 -0.255 -0.008850690678 2
0 0.885 -0.245 -0.01025472833 2
0 0.885 -0.235 -0.01083428409 2
0 0.885 -0.225 -0.01059854326 2
0 0.885 -0.215 -0.009898601923 2
0 0.885 -0.205 -0.00892995781 2
0 0.885 -0.195 -0.007694038251 2
0 0.885 -0.185 -0.006237434251 2
0 0.885 -0.175 -0.004577017215 2
0 0.885 -0.165 -0.002738532084 2
0 0.885 -0.155 -0.0007464004854 2
0 0.885 -0.145 0.00137163576 2
0 0.885 -0.135 0.003585814831 2
0 0.885 -0.125 0.005863369191 2
0 0.885 -0.115 0.008167614898 2
0 0.885 -0.105 0.01045852324 2
0 0.885 -0.095 0.0126758527 2
0 0.885 -0.085 0.01477889666 2
0 0.885 -0.075 0.01664469799 2
0 0.885 -0.065 0.01807680518 2
0 0.885 -0.055 0.01874045555 2
0 0.885 -0.045 0.0184115627 2
0 0.885 -0.035 0.01713514388 2
0 0.885 -0.025 0.01525260715 2
0 0.885 -0.015 0.01274812647 2
0 0.885 -0.005 0.01034662446 1
0 0.885 0.005 0.00891209929 1
0 0.885 0.015 0.008761374577 1
0 0.885 0.025 0.009260817382 2
0 0.885 0.035 0.009698717228 2
0 0.885 0.045 0.009928319962 2
0 0.885 0.055 0.01035488821 2
0 0.885 0.065 0.0109931351 2
0 0.885 0.075 0.01161348713 2
0 0.885 0.085 0.01127199438 2
0 0.885 0.095 0.01000169472 2
0 0.885 0.105 0.00796723693 2
0 0.885 0.115 0.005709300498 2
0 0.885 0.125 0.003735216595 2
0 0.885 0.135 0.002229495818 2
0 0.885 0.145 0.001375706319 2
0 0.885 0.155 0.0009872429949 2
0 0.885 0.165 0.0007301173611 2
0 0.885 0.175 0.0004088601162 2
0 0.885 0.185 -0.0001720026161 2
0 0.885 0.195 -0.001087923228 2
0 0.885 0.205 -0.002426356652 2
0 0.885 0.215 -0.004219411044 2
0 0.885 0.225 -0.00619466686 2
0 0.885 0.235 -0.00784280482 2
0 0.885 0.245 -0.008476961988 2
0 0.885 0.255 -0.00770081033 2
0 0.885 0.265 -0.005610412358 2
0 0.885 0.275 -0.003299065162 1
0 0.885 0.285 -0.001442452467 1
0 0.885 0.295 -0.000356908419 1
0 0.885 0.305 0.0002976850927 1
0 0.885 0.315 0.00083798793 1
0 0.885 0.325 0.001516803988 2
0 0.885 0.335 0.002388625533 2
0 0.885 0.345 0.003642350818 2
0 0.885 0.355 0.005201619772 2
0 0.885 0.365 0.007300949752 2
0 0.885 0.375 0.009833180377 2
0 0.885 0.385 0.01264469808 2
0 0.885 0.395 0.01552706259 2
0 0.885 0.405 0.01847210619 2
0 0.885 0.415 0.02119569824 2
0 0.885 0.425 0.02322624249 2
0 0.885 0.435 0.02404021687 2
0 0.885 0.445 0.02359928539 2
0 0.885 0.455 0.02275308475 1
0 0.885 0.465 0.02249244749 1
0 0.885 0.475 0.02263097992 1
0 0.885 0.485 0.02555854562 1
0 0.885 0.495 0.02350911369 1
0 0.885 0.505 0.0162038544 2
0 0.885 0.515 0.006471940511 2
0 0.885 0.525 0 2
0 0.885 0.535 0 2
0 0.885 0.545 0 2
0 0.885 0.555 0 2
0 0.885 0.565 0 2
0 0.895 -0.555 0 1
0 0.895 -0.545 0 1
0 0.895 -0.535 0 2
0 0.895 -0.525 0 2
0 0.895 -0.515 0.007498877164 2
0 0.895 -0.505 0.01914250569 2
0 0.895 -0.495 0.02880616501 2
0 0.895 -0.485 0.03251211817 2
0 0.895 -0.475 0.02991999191 2
0 0.895 -0.465 0.02912141661 2
0 0.895 -0.455 0.02745862979 2
0 0.895 -0.445 0.025782427 2
0 0.895 -0.435 0.02380686348 2
0 0.895 -0.425 0.02161385597 2
0 0.895 -0.415 0.01916755566 2
0 0.895 -0.405 0.01641962404 2
0 0.895 -0.395 0.01340237156 2
0 0.895 -0.385 0.01017082055 2
0 0.895 -0.375 0.007100713359 2
0 0.895 -0.365 0.004622165172 1
0 0.895 -0.355 0.002893301334 1
0 0.895 -0.345 0.001699488401 1
0 0.895 -0.335 0.0007353472262 1
0 0.895 -0.325 -0.000240610564 1
0 0.895 -0.315 -0.001257050629 1
0 0.895 -0.305 -0.002129201921 1
0 0.895 -0.295 -0.002798292989 1
0 0.895 -0.285 -0.003567340055 1
0 0.895 -0.275 -0.00530427313 1
0 0.895 -0.265 -0.007545040336 2
0 0.895 -0.255 -0.01002218379 2
0 0.895 -0.245 -0.01136342379 2
0 0.895 -0.235 -0.01166998812 2
0 0.895 -0.225 -0.01110804958 2
0 0.895 -0.215 -0.01012567587 2
0 0.895 -0.205 -0.009011738774 2
0 0.895 -0.195 -0.007679328864 2
0 0.895 -0.185 -0.00616477444 2
0 0.895 -0.175 -0.004467362518 2
0 0.895 -0.165 -0.002605082717 2
0 0.895 -0.155 -0.0005960306793 2
0 0.895 -0.145 0.001536679027 2
0 0.895 -0.135 0.003767812146 2
0 0.895 -0.125 0.00606878276 2
0 0.895 -0.115 0.008409265732 2
0 0.895 -0.105 0.01075316575 2
0 0.895 -0.095 0.01304729981 2
0 0.895 -0.085 0.01527262462 2
0 0.895 -0.075 0.01721517825 2
0 0.895 -0.065 0.01857892076 2
0 0.895 -0.055 0.01893826135 2
0 0.895 -0.045 0.01811587868 2
0 0.895 -0.035 0.01646415492 2
0 0.895 -0.025 0.0144248019 1
0 0.895 -0.015 0.01231718658 1
0 0.895 -0.005 0.01073053637 1
0 0.895 0.005 0.009704754776 1
0 0.895 0.015 0.009333343786 1
0 0.895 0.025 0.009322982935 1
0 0.895 0.035 0.009338714537 1
0 0.895 0.045 0.009479606646 1
0 0.895 0.055 0.01026292731 1
0 0.895 0.065 0.01130167151 2
0 0.895 0.075 0.01213346391 2
0 0.895 0.085 0.01165152133 2
0 0.895 0.095 0.009987602118 2
0 0.895 0.105 0.007566407181 2
0 0.895 0.115 0.004987128863 2
0 0.895 0.125 0.002827554302 2
0 0.895 0.135 0.001102178391 2
0 0.895 0.145 0.0001064894774 2
0 0.895 0.155 -0.0002515575081 1
0 0.895 0.165 -0.0002843718871 1
0 0.895 0.175 -0.0005437423421 1
0 0.895 0.185 -0.001058529603 2
0 0.895 0.195 -0.001841411492 2
0 0.895 0.205 -0.002935201734 2
0 0.895 0.215 -0.004535308512 2
0 0.895 0.225 -0.006763288918 2
0 0.895 0.235 -0.00894581441 2
0 0.895 0.245 -0.01000588652 2
0 0.895 0.255 -0.009254733553 2
0 0.895 0.265 -0.007165125958 1
0 0.895 0.275 -0.004614896701 1
0 0.895 0.285 -0.002770541108 1
0 0.895 0.295 -0.001647897342 1
0 0.895 0.305 -0.0008806103768 1
0 0.895 0.315 -5.87761275e-05 1
0 0.895 0.325 0.0008415157625 1
0 0.895 0.335 0.001627021204 1
0 0.895 0.345 0.002807055195 2
0 0.895 0.355 0.004431033966 2
0 0.895 0.365 0.00663746687 2
0 0.895 0.375 0.009328784558 2
0 0.895 0.385 0.01230761463 2
0 0.895 0.395 0.01536520479 2
0 0.895 0.405 0.01850737487 2
0 0.895 0.415 0.02141684004 2
0 0.895 0.425 0.02347803505 2
0 0.895 0.435 0.02397722777 2
0 0.895 0.445 0.02304139239 1
0 0.895 0.455 0.02180973528 1
0 0.895 0.465 0.02148477366 1
0 0.895 0.475 0.02169348139 1
0 0.895 0.485 0.02439666573 1
0 0.895 0.495 0.02223309949 1
0 0.895 0.505 0.01522334071 1
0 0.895 0.515 0.00607609237 1
0 0.895 0.525 0 2
0 0.895 0.535 0 2
0 0.895 0.545 0 2
0 0.895 0.555 0 2
0 0.895 0.565 0 2
0 0.905 -0.555 0 2
0 0.905 -0.545 0 2
0 0.905 -0.535 0 2
0 0.905 -0.525 0 2
0 0.905 -0.515 0.007373287333 2
0 0.905 -0.505 0.01883548417 2
0 0.905 -0.495 0.02835584499 2
0 0.905 -0.485 0.03203858132 2
0 0.905 -0.475 0.02953432854 2
0 0.905 -0.465 0.02880062473 2
0 0.905 -0.455 0.02721694703 2
0 0.905 -0.445 0.02561625158 2
0 0.905 -0.435 0.02371681961 2
0 0.905 -0.425 0.0216014156 2
0 0.905 -0.415 0.01923470587 2
0 0.905 -0.405 0.01658762643 2
0 0.905 -0.395 0.01365322111 2
0 0.905 -0.385 0.01036463102 2
0 0.905 -0.375 0.007212445606 2
0 0.905 -0.365 0.004575074284 1
0 0.905 -0.355 0.00285999092 1
0 0.905 -0.345 0.001588902523 1
0 0.905 -0.335 0.0004245104664 1
0 0.905 -0.325 -0.0007616444987 1
0 0.905 -0.315 -0.0018932275 1
0 0.905 -0.305 -0.00282809282 1
0 0.905 -0.295 -0.003538204108 1
0 0.905 -0.285 -0.004394516594 1
0 0.905 -0.275 -0.005923203721 1
0 0.905 -0.265 -0.008225258308 1
0 0.905 -0.255 -0.01081716578 2
0 0.905 -0.245 -0.01232616332 2
0 0.905 -0.235 -0.01239164841 2
0 0.905 -0.225 -0.0114627199 2
0 0.905 -0.215 -0.01019185548 2
0 0.905 -0.205 -0.008952580072 2
0 0.905 -0.195 -0.007547228593 2
0 0.905 -0.185 -0.005997302127 2
0 0.905 -0.175 -0.0042848365 2
0 0.905 -0.165 -0.002420162649 2
0 0.905 -0.155 -0.0004154177199 2
0 0.905 -0.145 0.001710838255 2
0 0.905 -0.135 0.003938270656 2
0 0.905 -0.125 0.006243151723 2
0 0.905 -0.115 0.008604660499 2
0 0.905 -0.105 0.01099002884 2
0 0.905 -0.095 0.0133766891 2
0 0.905 -0.085 0.01572549641 2
0 0.905 -0.075 0.01772976334 2
0 0.905 -0.065 0.01897925514 2
0 0.905 -0.055 0.01890635529 2
0 0.905 -0.045 0.01757038443 2
0 0.905 -0.035 0.01561500774 1
0 0.905 -0.025 0.01369852734 1
0 0.905 -0.015 0.01226218395 1
0 0.905 -0.005 0.01112980256 1
0 0.905 0.005 0.01033120037 1
0 0.905 0.015 0.00992987519 1
0 0.905 0.025 0.009803423478 1
0 0.905 0.035 0.00957318659 1
0 0.905 0.045 0.009536818061 1
0 0.905 0.055 0.01021125881 1
0 0.905 0.065 0.01142880973 1
0 0.905 0.075 0.01248668019 2
0 0.905 0.085 0.01216557568 2
0 0.905 0.095 0.01033822423 2
0 0.905 0.105 0.007619468338 2
0 0.905 0.115 0.004635757453 2
0 0.905 0.125 0.002187973346 2
0 0.905 0.135 0.0003312894703 1
0 0.905 0.145 -0.0006860265211 1
0 0.905 0.155 -0.001260281232 1
0 0.905 0.165 -0.001648217596 1
0 0.905 0.175 -0.002047524075 1
0 0.905 0.185 -0.002428214787 1
0 0.905 0.195 -0.00289334374 1
0 0.905 0.205 -0.003791862396 1
0 0.905 0.215 -0.005297954132 2
0 0.905 0.225 -0.007564343045 2
0 0.905 0.235 -0.009981858467 2
0 0.905 0.245 -0.0113728342 2
0 0.905 0.255 -0.0107414617 2
0 0.905 0.265 -0.008553698141 1
0 0.905 0.275 -0.005582353332 1
0 0.905 0.285 -0.003418931521 1
0 0.905 0.295 -0.002108085014 1
0 0.905 0.305 -0.001268603715 1
0 0.905 0.315 -0.0004117952705 1
0 0.905 0.325 0.0004853832843 1
0 0.905 0.335 0.001384252211 1
0 0.905 0.345 0.002434743774 1
0 0.905 0.355 0.003964118091 2
0 0.905 0.365 0.00616422891 2
0 0.905 0.375 0.0089224298 2
0 0.905 0.385 0.01199522053 2
0 0.905 0.395 0.01512555042 2
0 0.905 0.405 0.01831926486 2
0 0.905 0.415 0.0212692677 2
0 0.905 0.425 0.02335852028 2
0 0.905 0.435 0.0238261014 2
0 0.905 0.445 0.02279048889 1
0 0.905 0.455 0.02127383346 1
0 0.905 0.465 0.02075941873 1
0 0.905 0.475 0.02090882907 1
0 0.905 0.485 0.02328000294 1
0 0.905 0.495 0.02104578372 1
0 0.905 0.505 0.01429888416 1
0 0.905 0.515 0.005672576675 1
0 0.905 0.525 0 1
0 0.905 0.535 0 1
0 0.905 0.545 0 1
0 0.905 0.555 0 2
0 0.905 0.565 0 2
0 0.915 -0.555 0 2
0 0.915 -0.545 0 2
0 0.915 -0.535 0 2
0 0.915 -0.525 0 2
0 0.915 -0.515 0.007185673895 2
0 0.915 -0.505 0.01837346944 2
0 0.915 -0.495 0.02768267695 2
0 0.915 -0.485 0.03133121816 2
0 0.915 -0.475 0.02896134204 2
0 0.915 -0.465 0.02832153094 2
0 0.915 -0.455 0.02685040695 2
0 0.915 -0.445 0.0253555149 2
0 0.915 -0.435 0.02356569262 2
0 0.915 -0.425 0.02156888507 2
0 0.915 -0.415 0.01933785432 2
0 0.915 -0.405 0.0168847574 2
0 0.915 -0.395 0.01415691802 2
0 0.915 -0.385 0.01102273248 2
0 0.915 -0.375 0.007941836289 2
0 0.915 -0.365 0.005291342232 1
0 0.915 -0.355 0.003410552938 1
0 0.915 -0.345 0.001883384615 1
0 0.915 -0.335 0.0004870381735 1
0 0.915 -0.325 -0.0007901519562 1
0 0.915 -0.315 -0.001900802616 1
0 0.915 -0.305 -0.002860644913 1
0 0.915 -0.295 -0.003567213349 1
0 0.915 -0.285 -0.004453563861 1
0 0.915 -0.275 -0.006000983964 1
0 0.915 -0.265 -0.008626310079 1
0 0.915 -0.255 -0.01114251869 2
0 0.915 -0.245 -0.01267067361 2
0 0.915 -0.235 -0.01255559661 2
0 0.915 -0.225 -0.01142915527 2
0 0.915 -0.215 -0.009995741711 2
0 0.915 -0.205 -0.008694351316 2
0 0.915 -0.195 -0.007262731479 2
0 0.915 -0.185 -0.00571239223 2
0 0.915 -0.175 -0.004014646428 2
0 0.915 -0.165 -0.002174639709 2
0 0.915 -0.155 -0.0002002909522 2
0 0.915 -0.145 0.001893463759 2
0 0.915 -0.135 0.004090778587 2
0 0.915 -0.125 0.006372847544 2
0 0.915 -0.115 0.008730690577 2
0 0.915 -0.105 0.01113569168 2
0 0.915 -0.095 0.01362503022 2
0 0.915 -0.085 0.0160881671 2
0 0.915 -0.075 0.0181055478 2
0 0.915 -0.065 0.01907755193 2
0 0.915 -0.055 0.01836558052 2
0 0.915 -0.045 0.01659343118 1
0 0.915 -0.035 0.01453932043 1
0 0.915 -0.025 0.01291218065 1
0 0.915 -0.015 0.01199077759 1
0 0.915 -0.005 0.01129420898 1
0 0.915 0.005 0.01077534362 1
0 0.915 0.015 0.01035859525 1
0 0.915 0.025 0.01006303402 1
0 0.915 0.035 0.009650398441 1
0 0.915 0.045 0.009497314511 1
0 0.915 0.055 0.0102076583 1
0 0.915 0.065 0.01165046008 1
0 0.915 0.075 0.01281576672 2
0 0.915 0.085 0.01259524549 2
0 0.915 0.095 0.01073213537 2
0 0.915 0.105 0.007938969565 2
0 0.915 0.115 0.004733961573 2
0 0.915 0.125 0.00207229988 2
0 0.915 0.135 3.641440231e-05 1
0 0.915 0.145 -0.00113083344 1
0 0.915 0.155 -0.001815268773 1
0 0.915 0.165 -0.002453984131 1
0 0.915 0.175 -0.003065489111 1
0 0.915 0.185 -0.003686717885 1
0 0.915 0.195 -0.004139649034 1
0 0.915 0.205 -0.004699673217 1
0 0.915 0.215 -0.00592169924 1
0 0.915 0.225 -0.008045098308 2
0 0.915 0.235 -0.01054908875 2
0 0.915 0.245 -0.01227265808 2
0 0.915 0.255 -0.01189305348 2
0 0.915 0.265 -0.009517013955 2
0 0.915 0.275 -0.006290000394 1
0 0.915 0.285 -0.00352209431 1
0 0.915 0.295 -0.001927358916 1
0 0.915 0.305 -0.0009577620921 1
0 0.915 0.315 -8.717067134e-06 1
0 0.915 0.325 0.0009380314645 1
0 0.915 0.335 0.0018214797 1
0 0.915 0.345 0.00268769441 1
0 0.915 0.355 0.004017747178 1
0 0.915 0.365 0.006062467372 2
0 0.915 0.375 0.008725313426 2
0 0.915 0.385 0.0118011405 2
0 0.915 0.395 0.01486558794 2
0 0.915 0.405 0.01796206459 2
0 0.915 0.415 0.0208300186 2
0 0.915 0.425 0.02294273058 2
0 0.915 0.435 0.0234976544 2
0 0.915 0.445 0.02247055435 1
0 0.915 0.455 0.02095261113 1
0 0.915 0.465 0.02034153985 1
0 0.915 0.475 0.0203583109 1
0 0.915 0.485 0.02233523926 1
0 0.915 0.495 0.01996231557 1
0 0.915 0.505 0.01339450581 1
0 0.915 0.515 0.005267057803 1
0 0.915 0.525 0 1
0 0.915 0.535 0 1
0 0.915 0.545 0 1
0 0.915 0.555 0 1
0 0.915 0.565 0 2
0 0.925 -0.555 0 2
0 0.925 -0.545 0 2
0 0.925 -0.535 0 2
0 0.925 -0.525 0 2
0 0.925 -0.515 0.006924169772 2
0 0.925 -0.505 0.01772736776 2
0 0.925 -0.495 0.02675023544 2
0 0.925 -0.485 0.0303585875 2
0 0.925 -0.475 0.02818659489 2
0 0.925 -0.465 0.02767811801 2
0 0.925 -0.455 0.02635786449 2
0 0.925 -0.445 0.02499742502 2
0 0.925 -0.435 0.02334480061 2
0 0.925 -0.425 0.02149670494 2
0 0.925 -0.415 0.01944126804 2
0 0.925 -0.405 0.01723756025 2
0 0.925 -0.395 0.01481550328 2
0 0.925 -0.385 0.01204203124 2
0 0.925 -0.375 0.009154931671 2
0 0.925 -0.365 0.006606481216 1
0 0.925 -0.355 0.004459389357 1
0 0.925 -0.345 0.002649784733 1
0 0.925 -0.335 0.001001321514 1
0 0.925 -0.325 -0.0003929936066 1
0 0.925 -0.315 -0.001509879052 1
0 0.925 -0.305 -0.002404288498 1
0 0.925 -0.295 -0.003101524268 1
0 0.925 -0.285 -0.004029642338 1
0 0.925 -0.275 -0.005611203222 1
0 0.925 -0.265 -0.008225045244 1
0 0.925 -0.255 -0.01068037728 2
0 0.925 -0.245 -0.01216730671 2
0 0.925 -0.235 -0.01202310354 2
0 0.925 -0.225 -0.01089734609 2
0 0.925 -0.215 -0.009476687867 2
0 0.925 -0.205 -0.008198287543 2
0 0.925 -0.195 -0.006800008861 2
0 0.925 -0.185 -0.005291854221 2
0 0.925 -0.175 -0.003643839004 2
0 0.925 -0.165 -0.001859712618 2
0 0.925 -0.155 5.420664382e-05 2
0 0.925 -0.145 0.002084960123 2
0 0.925 -0.135 0.004219818565 2
0 0.925 -0.125 0.006443694526 2
0 0.925 -0.115 0.008758109945 2
0 0.925 -0.105 0.01113626612 2
0 0.925 -0.095 0.01367811045 2
0 0.925 -0.085 0.01615619113 2
0 0.925 -0.075 0.01801271366 2
0 0.925 -0.065 0.01857866179 2
0 0.925 -0.055 0.01741695437 2
0 0.925 -0.045 0.01538415126 1
0 0.925 -0.035 0.01326505794 1
0 0.925 -0.025 0.01201009001 1
0 0.925 -0.015 0.01152671659 1
0 0.925 -0.005 0.01115751882 1
0 0.925 0.005 0.01077614711 1
0 0.925 0.015 0.01038534873 1
0 0.925 0.025 0.01002242966 1
0 0.925 0.035 0.009528717923 1
0 0.925 0.045 0.009250376636 1
0 0.925 0.055 0.009903088603 1
0 0.925 0.065 0.01138988528 1
0 0.925 0.075 0.01274658145 2
0 0.925 0.085 0.01269257647 2
0 0.925 0.095 0.01096350186 2
0 0.925 0.105 0.008303361617 2
0 0.925 0.115 0.005135850141 2
0 0.925 0.125 0.002408504765 2
0 0.925 0.135 0.0003361357506 1
0 0.925 0.145 -0.0009615139277 1
0 0.925 0.155 -0.001837180608 1
0 0.925 0.165 -0.002770414394 1
0 0.925 0.175 -0.003585366791 1
0 0.925 0.185 -0.004258748974 1
0 0.925 0.195 -0.004769008729 1
0 0.925 0.205 -0.005231244874 1
0 0.925 0.215 -0.00623236759 1
0 0.925 0.225 -0.008140424499 1
0 0.925 0.235 -0.01063969241 2
0 0.925 0.245 -0.01267805097 2
0 0.925 0.255 -0.01254868997 2
0 0.925 0.265 -0.01007357526 2
0 0.925 0.275 -0.006783395026 1
0 0.925 0.285 -0.003645324883 1
0 0.925 0.295 -0.001688389693 1
0 0.925 0.305 -0.0004971195695 1
0 0.925 0.315 0.0005738992998 1
0 0.925 0.325 0.001694379528 1
0 0.925 0.335 0.002709806254 1
0 0.925 0.345 0.003525681091 1
0 0.925 0.355 0.004584315105 1
0 0.925 0.365 0.006420171459 2
0 0.925 0.375 0.008894632087 2
0 0.925 0.385 0.01181089152 2
0 0.925 0.395 0.01465048939 2
0 0.925 0.405 0.01745481029 2
0 0.925 0.415 0.02004689418 2
0 0.925 0.425 0.02206975992 2
0 0.925 0.435 0.02291300062 2
0 0.925 0.445 0.02228892276 2
0 0.925 0.455 0.02095204692 1
0 0.925 0.465 0.02002936122 1
0 0.925 0.475 0.01965327031 1
0 0.925 0.485 0.02129742293 1
0 0.925 0.495 0.01893130295 1
0 0.925 0.505 0.012627509 1
0 0.925 0.515 0.004952141396 1
0 0.925 0.525 0 1
0 0.925 0.535 0 1
0 0.925 0.545 0 1
0 0.925 0.555 0 1
0 0.925 0.565 0 1
0 0.935 -0.555 0 2
0 0.935 -0.545 0 2
0 0.935 -0.535 0 2
0 0.935 -0.525 0 2
0 0.935 -0.515 0.00656885154 2
0 0.935 -0.505 0.01685329149 2
0 0.935 -0.495 0.02551866618 2
0 0.935 -0.485 0.02910463443 2
0 0.935 -0.475 0.02722727308 2
0 0.935 -0.465 0.02688510214 2
0 0.935 -0.455 0.0257436333 2
0 0.935 -0.445 0.02453297711 2
0 0.935 -0.435 0.02303720252 2
0 0.935 -0.425 0.02135382189 2
0 0.935 -0.415 0.01949221419 2
0 0.935 -0.405 0.01754697588 2
0 0.935 -0.395 0.01547102737 2
0 0.935 -0.385 0.01317545789 2
0 0.935 -0.375 0.01063895678 2
0 0.935 -0.365 0.008268401055 2
0 0.935 -0.355 0.006060400164 1
0 0.935 -0.345 0.004176190604 1
0 0.935 -0.335 0.002298235068 1
0 0.935 -0.325 0.0007175218511 1
0 0.935 -0.315 -0.000487473759 1
0 0.935 -0.305 -0.001403015927 1
0 0.935 -0.295 -0.002169109198 1
0 0.935 -0.285 -0.003147970008 1
0 0.935 -0.275 -0.004733276661 1
0 0.935 -0.265 -0.007007802319 1
0 0.935 -0.255 -0.00941364341 2
0 0.935 -0.245 -0.01079776335 2
0 0.935 -0.235 -0.01078102483 2
0 0.935 -0.225 -0.009851685277 2
0 0.935 -0.215 -0.008621409729 2
0 0.935 -0.205 -0.007452988902 2
0 0.935 -0.195 -0.006149354704 2
0 0.935 -0.185 -0.004727528397 2
0 0.935 -0.175 -0.003165833962 2
0 0.935 -0.165 -0.001470571578 2
0 0.935 -0.155 0.0003507192678 2
0 0.935 -0.145 0.002285106198 2
0 0.935 -0.135 0.004321017827 2
0 0.935 -0.125 0.006445189222 2
0 0.935 -0.115 0.008666289076 2
0 0.935 -0.105 0.01095909902 2
0 0.935 -0.095 0.01348724227 2
0 0.935 -0.085 0.01592078617 2
0 0.935 -0.075 0.01757874402 2
0 0.935 -0.065 0.01764469939 2
0 0.935 -0.055 0.01600125787 1
0 0.935 -0.045 0.01377006871 1
0 0.935 -0.035 0.01205163554 1
0 0.935 -0.025 0.01130005854 1
0 0.935 -0.015 0.01107143492 1
0 0.935 -0.005 0.01082092678 1
0 0.935 0.005 0.01047662588 1
0 0.935 0.015 0.010064021 1
0 0.935 0.025 0.009641465415 1
0 0.935 0.035 0.009088737364 1
0 0.935 0.045 0.008771012376 1
0 0.935 0.055 0.009403418889 1
0 0.935 0.065 0.01085800651 1
0 0.935 0.075 0.01229361036 2
0 0.935 0.085 0.01237552145 2
0 0.935 0.095 0.01091745619 2
0 0.935 0.105 0.008584987633 2
0 0.935 0.115 0.005745339206 2
0 0.935 0.125 0.003144575451 2
0 0.935 0.135 0.001084481853 1
0 0.935 0.145 -0.0004310847328 1
0 0.935 0.155 -0.00157035121 1
0 0.935 0.165 -0.002646608321 1
0 0.935 0.175 -0.003546907086 1
0 0.935 0.185 -0.004223708267 1
0 0.935 0.195 -0.004775898187 1
0 0.935 0.205 -0.005237343666 1
0 0.935 0.215 -0.006051942807 1
0 0.935 0.225 -0.007715091213 1
0 0.935 0.235 -0.01010141849 1
0 0.935 0.245 -0.01228587039 2
0 0.935 0.255 -0.01259965348 2
0 0.935 0.265 -0.01037952301 2
0 0.935 0.275 -0.006962402085 1
0 0.935 0.285 -0.003772476224 1
0 0.935 0.295 -0.001567773378 1
0 0.935 0.305 -0.0001447333978 1
0 0.935 0.315 0.001094123988 1
0 0.935 0.325 0.002340800942 1
0 0.935 0.335 0.00356036212 1
0 0.935 0.345 0.00456401361 1
0 0.935 0.355 0.005632495158 1
0 0.935 0.365 0.007281411535 2
0 0.935 0.375 0.009552738827 2
0 0.935 0.385 0.01209349434 2
0 0.935 0.395 0.01453740283 2
0 0.935 0.405 0.01688727846 2
0 0.935 0.415 0.0191261827 2
0 0.935 0.425 0.02100781597 2
0 0.935 0.435 0.02208032831 2
0 0.935 0.445 0.02186031166 2
0 0.935 0.455 0.02076661748 1
0 0.935 0.465 0.0197747646 1
0 0.935 0.475 0.0190278225 1
0 0.935 0.485 0.02022269885 1
0 0.935 0.495 0.0178195863 1
0 0.935 0.505 0.01184232206 1
0 0.935 0.515 0.004637427597 1
0 0.935 0.525 0 1
0 0.935 0.535 0 1
0 0.935 0.545 0 1
0 0.935 0.555 0 1
0 0.935 0.565 0 1
0 0.945 -0.555 0 2
0 0.945 -0.545 0 2
0 0.945 -0.535 0 2
0 0.945 -0.525 0 2
0 0.945 -0.515 0.00608726966 2
0 0.945 -0.505 0.0156670586 2
0 0.945 -0.495 0.02389314252 2
0 0.945 -0.485 0.02749119367 2
0 0.945 -0.475 0.02606226084 2
0 0.945 -0.465 0.02595957569 2
0 0.945 -0.455 0.02504289278 2
0 0.945 -0.445 0.02398639109 2
0 0.945 -0.435 0.02264240413 2
0 0.945 -0.425 0.0211154601 2
0 0.945 -0.415 0.01944652728 2
0 0.945 -0.405 0.01772795208 2
0 0.945 -0.395 0.01596028262 2
0 0.945 -0.385 0.01413323219 2
0 0.945 -0.375 0.01212500601 2
0 0.945 -0.365 0.01013018764 2
0 0.945 -0.355 0.008075086029 2
0 0.945 -0.345 0.006150488857 2
0 0.945 -0.335 0.004331269442 1
0 0.945 -0.325 0.002796854487 1
0 0.945 -0.315 0.001527058658 1
0 0.945 -0.305 0.0004099734153 1
0 0.945 -0.295 -0.000480528248 1
0 0.945 -0.285 -0.001498644211 1
0 0.945 -0.275 -0.003276051996 1
0 0.945 -0.265 -0.005398827053 2
0 0.945 -0.255 -0.007597638114 2
0 0.945 -0.245 -0.00875713111 2
0 0.945 -0.235 -0.00893913149 2
0 0.945 -0.225 -0.008366917358 2
0 0.945 -0.215 -0.007452402611 2
0 0.945 -0.205 -0.0064619559 2
0 0.945 -0.195 -0.005304632421 2
0 0.945 -0.185 -0.004009092997 2
0 0.945 -0.175 -0.002568717164 2
0 0.945 -0.165 -0.000995216591 2
0 0.945 -0.155 0.0007003594185 2
0 0.945 -0.145 0.002503286298 2
0 0.945 -0.135 0.004400850151 2
0 0.945 -0.125 0.006378673639 2
0 0.945 -0.115 0.008445447892 2
0 0.945 -0.105 0.01057195494 2
0 0.945 -0.095 0.01294048052 2
0 0.945 -0.085 0.01514477382 2
0 0.945 -0.075 0.01653210913 2
0 0.945 -0.065 0.01625810627 2
0 0.945 -0.055 0.01450141378 1
0 0.945 -0.045 0.01233516564 1
0 0.945 -0.035 0.01098959969 1
0 0.945 -0.025 0.01061116356 1
0 0.945 -0.015 0.01056179747 1
0 0.945 -0.005 0.01036159708 1
0 0.945 0.005 0.01000411367 1
0 0.945 0.015 0.009550491581 1
0 0.945 0.025 0.00909601614 1
0 0.945 0.035 0.008559499192 1
0 0.945 0.045 0.00826839701 1
0 0.945 0.055 0.008892364229 1
0 0.945 0.065 0.01030240294 1
0 0.945 0.075 0.01164813368 2
0 0.945 0.085 0.01178604099 2
0 0.945 0.095 0.01057168312 2
0 0.945 0.105 0.008645797033 2
0 0.945 0.115 0.006348708427 2
0 0.945 0.125 0.004054110828 2
0 0.945 0.135 0.00202692624 2
0 0.945 0.145 0.0003947121267 1
0 0.945 0.155 -0.0009001348295 1
0 0.945 0.165 -0.002067330994 1
0 0.945 0.175 -0.003068470544 1
0 0.945 0.185 -0.003785392211 1
0 0.945 0.195 -0.004314942903 1
0 0.945 0.205 -0.004727431381 1
0 0.945 0.215 -0.005354616585 1
0 0.945 0.225 -0.006822883197 1
0 0.945 0.235 -0.009114076334 1
0 0.945 0.245 -0.01107355953 2
0 0.945 0.255 -0.01155631247 2
0 0.945 0.265 -0.009786530602 2
0 0.945 0.275 -0.006535725142 2
0 0.945 0.285 -0.003369837436 1
0 0.945 0.295 -0.001038538459 1
0 0.945 0.305 0.0005438915792 1
0 0.945 0.315 0.001835191457 1
0 0.945 0.325 0.003161849049 1
0 0.945 0.335 0.004545556653 1
0 0.945 0.345 0.005835829647 1
0 0.945 0.355 0.007158244283 1
0 0.945 0.365 0.008674354687 1
0 0.945 0.375 0.01061206368 2
0 0.945 0.385 0.01258694828 2
0 0.945 0.395 0.01449145565 2
0 0.945 0.405 0.01626299853 2
0 0.945 0.415 0.018057615 2
0 0.945 0.425 0.01968734317 2
0 0.945 0.435 0.02088202001 2
0 0.945 0.445 0.02117796843 2
0 0.945 0.455 0.02051459516 2
0 0.945 0.465 0.01957773207 1
0 0.945 0.475 0.01849214793 1
0 0.945 0.485 0.01916933791 1
0 0.945 0.495 0.01667273841 1
0 0.945 0.505 0.01099588134 1
0 0.945 0.515 0.004284475666 1
0 0.945 0.525 0 1
0 0.945 0.535 0 1
0 0.945 0.545 0 1
0 0.945 0.555 0 1
0 0.945 0.565 0 1
0 0.955 -0.555 0 2
0 0.955 -0.545 0 2
0 0.955 -0.535 0 2
0 0.955 -0.525 0 2
0 0.955 -0.515 0.005420681064 2
0 0.955 -0.505 0.01402804456 2
0 0.955 -0.495 0.0217021935 2
0 0.955 -0.485 0.02536116252 2
0 0.955 -0.475 0.0245999945 2
0 0.955 -0.465 0.02483743128 2
0 0.955 -0.455 0.02420413585 2
0 0.955 -0.445 0.02332433448 2
0 0.955 -0.435 0.02212452563 2
0 0.955 -0.425 0.02072725132 2
0 0.955 -0.415 0.01922762743 2
0 0.955 -0.405 0.01770272554 2
0 0.955 -0.395 0.01618505528 2
0 0.955 -0.385 0.0146956215 2
0 0.955 -0.375 0.01315157716 2
0 0.955 -0.365 0.01159533578 2
0 0.955 -0.355 0.01000144777 2
0 0.955 -0.345 0.008367055612 2
0 0.955 -0.335 0.006760680461 2
0 0.955 -0.325 0.005229659384 2
0 0.955 -0.315 0.004011122028 2
0 0.955 -0.305 0.002946051406 1
0 0.955 -0.295 0.001866573632 1
0 0.955 -0.285 0.000464131348 2
0 0.955 -0.275 -0.001434026811 2
0 0.955 -0.265 -0.003390056455 2
0 0.955 -0.255 -0.00532297084 2
0 0.955 -0.245 -0.006478124345 2
0 0.955 -0.235 -0.00690203636 2
0 0.955 -0.225 -0.006659970222 2
0 0.955 -0.215 -0.006064244093 2
0 0.955 -0.205 -0.005279982451 2
0 0.955 -0.195 -0.004299496546 2
0 0.955 -0.185 -0.003159524814 2
0 0.955 -0.175 -0.001869397809 2
0 0.955 -0.165 -0.0004469104996 2
0 0.955 -0.155 0.001092334979 2
0 0.955 -0.145 0.002730713878 2
0 0.955 -0.135 0.004452561673 2
0 0.955 -0.125 0.00623990595 2
0 0.955 -0.115 0.008094845014 2
0 0.955 -0.105 0.00998170932 2
0 0.955 -0.095 0.0120588099 2
0 0.955 -0.085 0.01393208964 2
0 0.955 -0.075 0.01503780793 2
0 0.955 -0.065 0.01457714818 2
0 0.955 -0.055 0.01284009589 1
0 0.955 -0.045 0.01094264489 1
0 0.955 -0.035 0.009945097652 1
0 0.955 -0.025 0.009866047605 1
0 0.955 -0.015 0.009968779997 1
0 0.955 -0.005 0.009769630749 1
0 0.955 0.005 0.009327882901 1
0 0.955 0.015 0.00878933686 1
0 0.955 0.025 0.00828144901 1
0 0.955 0.035 0.007781208519 1
0 0.955 0.045 0.007563125576 1
0 0.955 0.055 0.008205890882 1
0 0.955 0.065 0.009539280491 1
0 0.955 0.075 0.01072252075 2
0 0.955 0.085 0.01084288219 2
0 0.955 0.095 0.009860971987 2
0 0.955 0.105 0.008365433354 2
0 0.955 0.115 0.006689426408 2
0 0.955 0.125 0.004924942817 2
0 0.955 0.135 0.003149838852 2
0 0.955 0.145 0.001559995619 2
0 0.955 0.155 0.0002291186878 1
0 0.955 0.165 -0.0009350167362 1
0 0.955 0.175 -0.001994807553 1
0 0.955 0.185 -0.002784652884 1
0 0.955 0.195 -0.003323235204 1
0 0.955 0.205 -0.003719203311 1
0 0.955 0.215 -0.004271580765 1
0 0.955 0.225 -0.005488918003 1
0 0.955 0.235 -0.007429695721 1
0 0.955 0.245 -0.009122209612 2
0 0.955 0.255 -0.009618625917 2
0 0.955 0.265 -0.00817915067 2
0 0.955 0.275 -0.005383872559 2
0 0.955 0.285 -0.002408635367 2
0 0.955 0.295 -4.577049347e-05 1
0 0.955 0.305 0.00178770298 1
0 0.955 0.315 0.003105836256 1
0 0.955 0.325 0.004505599855 1
0 0.955 0.335 0.006049446493 1
0 0.955 0.345 0.007630988107 1
0 0.955 0.355 0.009104170653 1
0 0.955 0.365 0.01043942828 1
0 0.955 0.375 0.0117899231 2
0 0.955 0.385 0.01309291457 2
0 0.955 0.395 0.01434381077 2
0 0.955 0.405 0.01554214518 2
0 0.955 0.415 0.01692666138 2
0 0.955 0.425 0.01833072497 2
0 0.955 0.435 0.0194795762 2
0 0.955 0.445 0.02005887767 2
0 0.955 0.455 0.01983580503 2
0 0.955 0.465 0.0192164203 2
0 0.955 0.475 0.01809551122 1
0 0.955 0.485 0.01823611932 1
0 0.955 0.495 0.01559509843 1
0 0.955 0.505 0.01018908458 1
0 0.955 0.515 0.003949030198 1
0 0.955 0.525 0 1
0 0.955 0.535 0 1
0 0.955 0.545 0 1
0 0.955 0.555 0 1
0 0.955 0.565 0 1
0 0.965 -0.555 0 2
0 0.965 -0.545 0 2
0 0.965 -0.535 0 2
0 0.965 -0.525 0 2
0 0.965 -0.515 0.004630137587 2
0 0.965 -0.505 0.01204080715 2
0 0.965 -0.495 0.01895721384 2
0 0.965 -0.485 0.02259681897 2
0 0.965 -0.475 0.02262377859 2
0 0.965 -0.465 0.02335790224 2
0 0.965 -0.455 0.02317293747 2
0 0.965 -0.445 0.02255687401 2
0 0.965 -0.435 0.02152140964 2
0 0.965 -0.425 0.02024617724 2
0 0.965 -0.415 0.01889144425 2
0 0.965 -0.405 0.01753604728 2
0 0.965 -0.395 0.01622370215 2
0 0.965 -0.385 0.01495966229 2
0 0.965 -0.375 0.01374712607 2
0 0.965 -0.365 0.01255206593 2
0 0.965 -0.355 0.01135453345 2
0 0.965 -0.345 0.01009903704 2
0 0.965 -0.335 0.00892834402 2
0 0.965 -0.325 0.007731171129 2
0 0.965 -0.315 0.006579769513 2
0 0.965 -0.305 0.005422981412 2
0 0.965 -0.295 0.004178323043 2
0 0.965 -0.285 0.002615491024 2
0 0.965 -0.275 0.0006912871737 2
0 0.965 -0.265 -0.001337832637 2
0 0.965 -0.255 -0.003051671895 2
0 0.965 -0.245 -0.004163528235 2
0 0.965 -0.235 -0.004727155834 2
0 0.965 -0.225 -0.004756533614 2
0 0.965 -0.215 -0.004441097523 2
0 0.965 -0.205 -0.003867624295 2
0 0.965 -0.195 -0.003079564069 2
0 0.965 -0.185 -0.002117572511 2
0 0.965 -0.175 -0.001003989865 2
0 0.965 -0.165 0.0002382295653 2
0 0.965 -0.155 0.001589247294 2
0 0.965 -0.145 0.003028470362 2
0 0.965 -0.135 0.00453645019 2
0 0.965 -0.125 0.006089939024 2
0 0.965 -0.115 0.007678399802 2
0 0.965 -0.105 0.009255750894 2
0 0.965 -0.095 0.01090866093 2
0 0.965 -0.085 0.01233444065 2
0 0.965 -0.075 0.01309657068 2
0 0.965 -0.065 0.01259012172 2
0 0.965 -0.055 0.01101433837 1
0 0.965 -0.045 0.009426879366 1
0 0.965 -0.035 0.008677521733 1
0 0.965 -0.025 0.008797819634 1
0 0.965 -0.015 0.009033573337 1
0 0.965 -0.005 0.008852475308 1
0 0.965 0.005 0.00833668192 1
0 0.965 0.015 0.007696792079 1
0 0.965 0.025 0.007140071538 1
0 0.965 0.035 0.006680450145 1
0 0.965 0.045 0.006531336001 1
0 0.965 0.055 0.00716622784 1
0 0.965 0.065 0.00831323519 1
0 0.965 0.075 0.009422514069 2
0 0.965 0.085 0.009539072783 2
0 0.965 0.095 0.008835542985 2
0 0.965 0.105 0.007821073469 2
0 0.965 0.115 0.006749543213 2
0 0.965 0.125 0.005597951389 2
0 0.965 0.135 0.004306005833 2
0 0.965 0.145 0.00297733827 2
0 0.965 0.155 0.001756237991 2
0 0.965 0.165 0.0006977802356 1
0 0.965 0.175 -0.0001930121513 1
0 0.965 0.185 -0.0009025277035 1
0 0.965 0.195 -0.001486026584 1
0 0.965 0.205 -0.001857808321 1
0 0.965 0.215 -0.002384675198 1
0 0.965 0.225 -0.003407723745 1
0 0.965 0.235 -0.005021522568 1
0 0.965 0.245 -0.006523217214 2
0 0.965 0.255 -0.006962393494 2
0 0.965 0.265 -0.005828288179 2
0 0.965 0.275 -0.003552866541 2
0 0.965 0.285 -0.0008992211329 2
0 0.965 0.295 0.001379574364 2
0 0.965 0.305 0.003369898896 2
0 0.965 0.315 0.004989405235 1
0 0.965 0.325 0.006600511505 1
0 0.965 0.335 0.008243641562 1
0 0.965 0.345 0.009866148742 1
0 0.965 0.355 0.01113101725 1
0 0.965 0.365 0.01210523112 2
0 0.965 0.375 0.01275306565 2
0 0.965 0.385 0.01335970976 2
0 0.965 0.395 0.01395616995 2
0 0.965 0.405 0.01476834976 2
0 0.965 0.415 0.01585594227 2
0 0.965 0.425 0.01706834628 2
0 0.965 0.435 0.01810801139 2
0 0.965 0.445 0.01878044932 2
0 0.965 0.455 0.0188796949 2
0 0.965 0.465 0.01855701424 2
0 0.965 0.475 0.01764375499 2
0 0.965 0.485 0.01752218832 2
0 0.965 0.495 0.01466571803 1
0 0.965 0.505 0.009379518196 1
0 0.965 0.515 0.00361408264 1
0 0.965 0.525 0 1
0 0.965 0.535 0 1
0 0.965 0.545 0 1
0 0.965 0.555 0 1
0 0.965 0.565 0 1
0 0.975 -0.555 0 2
0 0.975 -0.545 0 2
0 0.975 -0.535 0 1
0 0.975 -0.525 0 1
0 0.975 -0.515 0.003741546877 1
0 0.975 -0.505 0.009744812951 1
0 0.975 -0.495 0.01571681646 1
0 0.975 -0.485 0.01927874101 2
0 0.975 -0.475 0.01999563835 2
0 0.975 -0.465 0.02114670917 2
0 0.975 -0.455 0.02147365574 2
0 0.975 -0.445 0.0212513073 2
0 0.975 -0.435 0.02045272949 2
0 0.975 -0.425 0.01933511 2
0 0.975 -0.415 0.01813253336 2
0 0.975 -0.405 0.0169408881 2
0 0.975 -0.395 0.01581261248 2
0 0.975 -0.385 0.01472990566 2
0 0.975 -0.375 0.01372084943 2
0 0.975 -0.365 0.01276250725 2
0 0.975 -0.355 0.01186414949 2
0 0.975 -0.345 0.01096352855 2
0 0.975 -0.335 0.01009133525 2
0 0.975 -0.325 0.00914778857 2
0 0.975 -0.315 0.008157158617 2
0 0.975 -0.305 0.007106797984 2
0 0.975 -0.295 0.005781270979 2
0 0.975 -0.285 0.004075239971 2
0 0.975 -0.275 0.002220954659 2
0 0.975 -0.265 0.0003874327298 2
0 0.975 -0.255 -0.001070940854 2
0 0.975 -0.245 -0.002121619635 2
0 0.975 -0.235 -0.002758218154 2
0 0.975 -0.225 -0.002966731868 2
0 0.975 -0.215 -0.002849031831 2
0 0.975 -0.205 -0.002460522663 2
0 0.975 -0.195 -0.001856464602 2
0 0.975 -0.185 -0.001076943383 2
0 0.975 -0.175 -0.0001513357454 2
0 0.975 -0.165 0.0008945787157 2
0 0.975 -0.155 0.002038323561 2
0 0.975 -0.145 0.003257364814 2
0 0.975 -0.135 0.00452907443 2
0 0.975 -0.125 0.005825394548 2
0 0.975 -0.115 0.007122018496 2
0 0.975 -0.105 0.008363819089 2
0 0.975 -0.095 0.009556540431 2
0 0.975 -0.085 0.01049842933 2
0 0.975 -0.075 0.01091831648 2
0 0.975 -0.065 0.0104035487 2
0 0.975 -0.055 0.008991364387 1
0 0.975 -0.045 0.007715053761 1
0 0.975 -0.035 0.007156413703 1
0 0.975 -0.025 0.00738062119 1
0 0.975 -0.015 0.00763077166 1
0 0.975 -0.005 0.007488303817 1
0 0.975 0.005 0.007010069181 1
0 0.975 0.015 0.006323462735 1
0 0.975 0.025 0.005707867897 1
0 0.975 0.035 0.005232407899 1
0 0.975 0.045 0.005170245358 1
0 0.975 0.055 0.005852097144 1
0 0.975 0.065 0.006787487274 2
0 0.975 0.075 0.007706051086 2
0 0.975 0.085 0.007852002791 2
0 0.975 0.095 0.007525808638 2
0 0.975 0.105 0.007009420287 2
0 0.975 0.115 0.006441554426 2
0 0.975 0.125 0.005821350894 2
0 0.975 0.135 0.005107845957 2
0 0.975 0.145 0.004244308718 2
0 0.975 0.155 0.003342338766 2
0 0.975 0.165 0.002466552642 2
0 0.975 0.175 0.00165640038 2
0 0.975 0.185 0.001112797713 2
0 0.975 0.195 0.0007385047384 1
0 0.975 0.205 0.0004979195792 1
0 0.975 0.215 -0.0001522023499 1
0 0.975 0.225 -0.001302593294 2
0 0.975 0.235 -0.002706244952 2
0 0.975 0.245 -0.003889367842 2
0 0.975 0.255 -0.004183352099 2
0 0.975 0.265 -0.003394633338 2
0 0.975 0.275 -0.001714097671 2
0 0.975 0.285 0.0005065360355 2
0 0.975 0.295 0.002768100931 2
0 0.975 0.305 0.004815419907 2
0 0.975 0.315 0.00664690022 2
0 0.975 0.325 0.008374427858 2
0 0.975 0.335 0.01010422364 2
0 0.975 0.345 0.01160421267 2
0 0.975 0.355 0.01258281446 2
0 0.975 0.365 0.01308068033 2
0 0.975 0.375 0.01301850412 1
0 0.975 0.385 0.01280641883 1
0 0.975 0.395 0.01278241084 1
0 0.975 0.405 0.01348125432 2
0 0.975 0.415 0.01457962875 2
0 0.975 0.425 0.01572331355 2
0 0.975 0.435 0.01664174982 2
0 0.975 0.445 0.0172836889 2
0 0.975 0.455 0.01753412154 2
0 0.975 0.465 0.01739624866 2
0 0.975 0.475 0.01659808481 2
0 0.975 0.485 0.01633270906 2
0 0.975 0.495 0.01358812298 2
0 0.975 0.505 0.008581492145 2
0 0.975 0.515 0.003288604595 1
0 0.975 0.525 0 1
0 0.975 0.535 0 1
0 0.975 0.545 0 1
0 0.975 0.555 0 1
0 0.975 0.565 0 1
0 0.985 -0.555 0 2
0 0.985 -0.545 0 1
0 0.985 -0.535 0 1
0 0.985 -0.525 0 1
0 0.985 -0.515 0.002914732627 1
0 0.985 -0.505 0.007633305001 1
0 0.985 -0.495 0.01263684667 1
0 0.985 -0.485 0.01584784808 1
0 0.985 -0.475 0.01717044826 1
0 0.985 -0.465 0.01868156538 2
0 0.985 -0.455 0.01945635223 2
0 0.985 -0.445 0.01971201891 2
0 0.985 -0.435 0.01939287033 2
0 0.985 -0.425 0.01865941916 2
0 0.985 -0.415 0.01774246126 2
0 0.985 -0.405 0.01679890356 2
0 0.985 -0.395 0.01590577334 2
0 0.985 -0.385 0.01504775276 2
0 0.985 -0.375 0.01425325952 2
0 0.985 -0.365 0.01352216361 2
0 0.985 -0.355 0.01285555235 2
0 0.985 -0.345 0.01222227336 2
0 0.985 -0.335 0.0116067883 2
0 0.985 -0.325 0.01094624675 2
0 0.985 -0.315 0.01015294926 2
0 0.985 -0.305 0.009153547233 2
0 0.985 -0.295 0.007824515255 2
0 0.985 -0.285 0.006189158609 2
0 0.985 -0.275 0.004491064743 2
0 0.985 -0.265 0.002847777213 2
0 0.985 -0.255 0.001481474939 2
0 0.985 -0.245 0.0004390546507 2
0 0.985 -0.235 -0.0002562412549 2
0 0.985 -0.225 -0.000601034227 2
0 0.985 -0.215 -0.0006471658514 2
0 0.985 -0.205 -0.0004397446946 2
0 0.985 -0.195 -2.959238843e-05 2
0 0.985 -0.185 0.0005433591884 2
0 0.985 -0.175 0.001246918711 2
0 0.985 -0.165 0.002054886568 2
0 0.985 -0.155 0.002944879768 2
0 0.985 -0.145 0.003895085861 2
0 0.985 -0.135 0.004882411841 2
0 0.985 -0.125 0.005876647789 2
0 0.985 -0.115 0.006841819179 2
0 0.985 -0.105 0.007712988291 2
0 0.985 -0.095 0.008419136484 2
0 0.985 -0.085 0.00881224304 2
0 0.985 -0.075 0.008745114738 2
0 0.985 -0.065 0.00807105334 2
0 0.985 -0.055 0.00675418673 2
0 0.985 -0.045 0.005562140273 1
0 0.985 -0.035 0.004960824637 1
0 0.985 -0.025 0.005210616115 1
0 0.985 -0.015 0.005587042803 2
0 0.985 -0.005 0.005457595974 2
0 0.985 0.005 0.004834296742 1
0 0.985 0.015 0.004053001042 1
0 0.985 0.025 0.003384062159 1
0 0.985 0.035 0.002894112037 1
0 0.985 0.045 0.002870866399 1
0 0.985 0.055 0.003494239257 1
0 0.985 0.065 0.004524721149 2
0 0.985 0.075 0.005546863601 2
0 0.985 0.085 0.006061681467 2
0 0.985 0.095 0.006288212396 2
0 0.985 0.105 0.006307944507 2
0 0.985 0.115 0.006235985451 2
0 0.985 0.125 0.006106347875 2
0 0.985 0.135 0.005945551628 2
0 0.985 0.145 0.005656219471 2
0 0.985 0.155 0.005288117001 2
0 0.985 0.165 0.004925798804 2
0 0.985 0.175 0.004459962927 2
0 0.985 0.185 0.003998682369 2
0 0.985 0.195 0.003490662387 2
0 0.985 0.205 0.002967196323 2
0 0.985 0.215 0.00224082442 2
0 0.985 0.225 0.001101816501 2
0 0.985 0.235 -0.0001099751104 2
0 0.985 0.245 -0.001072368439 2
0 0.985 0.255 -0.001240684524 2
0 0.985 0.265 -0.0005771375651 2
0 0.985 0.275 0.0007899908667 2
0 0.985 0.285 0.002631696309 2
0 0.985 0.295 0.004702994829 2
0 0.985 0.305 0.006727948381 2
0 0.985 0.315 0.00868737343 2
0 0.985 0.325 0.01036517755 2
0 0.985 0.335 0.01171793251 2
0 0.985 0.345 0.01257935775 2
0 0.985 0.355 0.01297887079 2
0 0.985 0.365 0.01292438786 1
0 0.985 0.375 0.01263193487 1
0 0.985 0.385 0.01231726248 1
0 0.985 0.395 0.01231109846 1
0 0.985 0.405 0.01296332864 1
0 0.985 0.415 0.01408871123 2
0 0.985 0.425 0.01527458554 2
0 0.985 0.435 0.01611889245 2
0 0.985 0.445 0.01661657503 2
0 0.985 0.455 0.01676588977 2
0 0.985 0.465 0.01659849357 2
0 0.985 0.475 0.01582784595 2
0 0.985 0.485 0.01512127339 2
0 0.985 0.495 0.01229674624 2
0 0.985 0.505 0.007480728473 2
0 0.985 0.515 0.002847700198 2
0 0.985 0.525 0 1
0 0.985 0.535 0 1
0 0.985 0.545 0 1
0 0.985 0.555 0 1
0 0.985 0.565 0 1
0 0.995 -0.555 0 2
0 0.995 -0.545 0 1
0 0.995 -0.535 0 1
0 0.995 -0.525 0 1
0 0.995 -0.515 0.002042839024 1
0 0.995 -0.505 0.005345318335 1
0 0.995 -0.495 0.009284805817 1
0 0.995 -0.485 0.01178157231 1
0 0.995 -0.475 0.01311829965 1
0 0.995 -0.465 0.01448838739 1
0 0.995 -0.455 0.01542154376 2
0 0.995 -0.445 0.01598014402 2
0 0.995 -0.435 0.0160731023 2
0 0.995 -0.425 0.01572292821 2
0 0.995 -0.415 0.01507128176 2
0 0.995 -0.405 0.01436365742 2
0 0.995 -0.395 0.01368862025 2
0 0.995 -0.385 0.01304216331 2
0 0.995 -0.375 0.01243962712 2
0 0.995 -0.365 0.01187968742 2
0 0.995 -0.355 0.01135850719 2
0 0.995 -0.345 0.01086651944 2
0 0.995 -0.335 0.01038562714 2
0 0.995 -0.325 0.009863877318 2
0 0.995 -0.315 0.009213707763 2
0 0.995 -0.305 0.00836603554 2
0 0.995 -0.295 0.007279297333 2
0 0.995 -0.285 0.005990648161 2
0 0.995 -0.275 0.004638888156 2
0 0.995 -0.265 0.003339283305 2
0 0.995 -0.255 0.00222395613 2
0 0.995 -0.245 0.001345662707 2
0 0.995 -0.235 0.0007314603583 2
0 0.995 -0.225 0.0003857713847 2
0 0.995 -0.215 0.0002835951292 2
0 0.995 -0.205 0.0003892946813 2
0 0.995 -0.195 0.0006636119454 2
0 0.995 -0.185 0.001072786589 2
0 0.995 -0.175 0.001588641448 2
0 0.995 -0.165 0.002188359276 2
0 0.995 -0.155 0.002852391207 2
0 0.995 -0.145 0.003561749928 2
0 0.995 -0.135 0.004295543745 2
0 0.995 -0.125 0.005025867364 2
0 0.995 -0.115 0.005714792187 2
0 0.995 -0.105 0.006301596072 2
0 0.995 -0.095 0.006689097334 2
0 0.995 -0.085 0.0067756782 2
0 0.995 -0.075 0.006458605473 2
0 0.995 -0.065 0.005756458778 2
0 0.995 -0.055 0.004723769803 2
0 0.995 -0.045 0.003865479559 2
0 0.995 -0.035 0.003483841665 2
0 0.995 -0.025 0.003594910708 2
0 0.995 -0.015 0.003849676105 2
0 0.995 -0.005 0.003754078666 2
0 0.995 0.005 0.003221383012 2
0 0.995 0.015 0.002499652855 1
0 0.995 0.025 0.001774344532 1
0 0.995 0.035 0.001304779386 1
0 0.995 0.045 0.001363657572 1
0 0.995 0.055 0.0018839651 2
0 0.995 0.065 0.00278205257 2
0 0.995 0.075 0.003648910228 2
0 0.995 0.085 0.004315700984 2
0 0.995 0.095 0.004804637511 2
0 0.995 0.105 0.005080710178 2
0 0.995 0.115 0.00521897957 2
0 0.995 0.125 0.005289899898 2
0 0.995 0.135 0.005340730183 2
0 0.995 0.145 0.005322773081 2
0 0.995 0.155 0.005241086152 2
0 0.995 0.165 0.005169374537 2
0 0.995 0.175 0.00496467533 2
0 0.995 0.185 0.004546288504 2
0 0.995 0.195 0.004050255515 2
0 0.995 0.205 0.003427404349 2
0 0.995 0.215 0.002671183157 2
0 0.995 0.225 0.001605120911 2
0 0.995 0.235 0.0006986242142 2
0 0.995 0.245 0.0001160338303 2
0 0.995 0.255 0.0001151108423 2
0 0.995 0.265 0.0006529556889 2
0 0.995 0.275 0.001683917342 2
0 0.995 0.285 0.003090859547 2
0 0.995 0.295 0.004707361272 2
0 0.995 0.305 0.006350995161 2
0 0.995 0.315 0.007992548633 2
0 0.995 0.325 0.009368614169 2
0 0.995 0.335 0.01022557614 2
0 0.995 0.345 0.01057319065 2
0 0.995 0.355 0.01064688091 2
0 0.995 0.365 0.01045104257 1
0 0.995 0.375 0.01024163698 1
0 0.995 0.385 0.01009856216 1
0 0.995 0.395 0.0103368978 1
0 0.995 0.405 0.01092056659 1
0 0.995 0.415 0.01186329752 1
0 0.995 0.425 0.01291941912 2
0 0.995 0.435 0.01372943821 2
0 0.995 0.445 0.01408844043 2
0 0.995 0.455 0.014128035 2
0 0.995 0.465 0.0139219273 2
0 0.995 0.475 0.01322295631 2
0 0.995 0.485 0.01230377224 2
0 0.995 0.495 0.009883696372 2
0 0.995 0.505 0.005715577616 2
0 0.995 0.515 0.002181936457 2
0 0.995 0.525 0 2
0 0.995 0.535 0 2
0 0.995 0.545 0 2
0 0.995 0.555 0 1
0 0.995 0.565 0 1
0 1.005 -0.555 0 2
0 1.005 -0.545 0 1
0 1.005 -0.535 0 1
0 1.005 -0.525 0 1
0 1.005 -0.515 0.001095893152 1
0 1.005 -0.505 0.002721378484 1
0 1.005 -0.495 0.004967654906 1
0 1.005 -0.485 0.006486907464 1
0 1.005 -0.475 0.007405098686 1
0 1.005 -0.465 0.008186968251 1
0 1.005 -0.455 0.008803434284 1
0 1.005 -0.445 0.009268739081 2
0 1.005 -0.435 0.009499680664 2
0 1.005 -0.425 0.009497923731 2
0 1.005 -0.415 0.009258620767 2
0 1.005 -0.405 0.008935644279 2
0 1.005 -0.395 0.00861251969 2
0 1.005 -0.385 0.008308779567 2
0 1.005 -0.375 0.008035234663 2
0 1.005 -0.365 0.007791538055 2
0 1.005 -0.355 0.007572965306 2
0 1.005 -0.345 0.007366027509 2
0 1.005 -0.335 0.007150185254 2
0 1.005 -0.325 0.006893248128 2
0 1.005 -0.315 0.006550377503 2
0 1.005 -0.305 0.006079884989 2
0 1.005 -0.295 0.005460243611 2
0 1.005 -0.285 0.004712325969 2
0 1.005 -0.275 0.003904287013 2
0 1.005 -0.265 0.003108863119 2
0 1.005 -0.255 0.002402147884 2
0 1.005 -0.245 0.00183213577 2
0 1.005 -0.235 0.001422500964 2
0 1.005 -0.225 0.001172333105 2
0 1.005 -0.215 0.00106525047 2
0 1.005 -0.205 0.001077909291 2
0 1.005 -0.195 0.001185548657 2
0 1.005 -0.185 0.001366887167 2
0 1.005 -0.175 0.00160485836 2
0 1.005 -0.165 0.001886323337 2
0 1.005 -0.155 0.002200602085 2
0 1.005 -0.145 0.002537649522 2
0 1.005 -0.135 0.002886157359 2
0 1.005 -0.125 0.003230273581 2
0 1.005 -0.115 0.003546066889 2
0 1.005 -0.105 0.003795539737 2
0 1.005 -0.095 0.003901572109 2
0 1.005 -0.085 0.003800783133 2
0 1.005 -0.075 0.003441153705 2
0 1.005 -0.065 0.002875663024 2
0 1.005 -0.055 0.002176860617 2
0 1.005 -0.045 0.001582361742 2
0 1.005 -0.035 0.001322688932 2
0 1.005 -0.025 0.001367525996 2
0 1.005 -0.015 0.001527675326 2
0 1.005 -0.005 0.001430215101 2
0 1.005 0.005 0.001037407081 2
0 1.005 0.015 0.0005634051099 2
0 1.005 0.025 0.0001211372697 2
0 1.005 0.035 -0.000164843629 2
0 1.005 0.045 -0.0001768749234 2
0 1.005 0.055 0.0001531422266 2
0 1.005 0.065 0.0008270158201 2
0 1.005 0.075 0.001541958502 2
0 1.005 0.085 0.002170399688 2
0 1.005 0.095 0.002651123098 2
0 1.005 0.105 0.002995092753 2
0 1.005 0.115 0.00322853383 2
0 1.005 0.125 0.003414983577 2
0 1.005 0.135 0.003592424738 2
0 1.005 0.145 0.003753171443 2
0 1.005 0.155 0.003922771803 2
0 1.005 0.165 0.004093321597 2
0 1.005 0.175 0.004123576045 2
0 1.005 0.185 0.003856935277 1
0 1.005 0.195 0.003420033238 1
0 1.005 0.205 0.002815184671 1
0 1.005 0.215 0.002213922361 1
0 1.005 0.225 0.001571384072 1
0 1.005 0.235 0.001117744547 2
0 1.005 0.245 0.0008927165235 2
0 1.005 0.255 0.0009866517879 2
0 1.005 0.265 0.001364367785 2
0 1.005 0.275 0.002003816314 2
0 1.005 0.285 0.002844265581 2
0 1.005 0.295 0.003795324985 2
0 1.005 0.305 0.004757374022 2
0 1.005 0.315 0.00566519062 2
0 1.005 0.325 0.006330725542 2
0 1.005 0.335 0.006567827468 2
0 1.005 0.345 0.006473942951 2
0 1.005 0.355 0.006220255014 1
0 1.005 0.365 0.00603179481 1
0 1.005 0.375 0.006089533986 1
0 1.005 0.385 0.006229578052 1
0 1.005 0.395 0.006542822506 1
0 1.005 0.405 0.006943557325 1
0 1.005 0.415 0.007510967422 1
0 1.005 0.425 0.008111999163 1
0 1.005 0.435 0.00860208995 2
0 1.005 0.445 0.008773906614 2
0 1.005 0.455 0.008713476845 2
0 1.005 0.465 0.008499225597 2
0 1.005 0.475 0.008008339568 2
0 1.005 0.485 0.007209926572 2
0 1.005 0.495 0.005570791401 2
0 1.005 0.505 0.003032773687 2
0 1.005 0.515 0.001209952679 2
0 1.005 0.525 0 2
0 1.005 0.535 0 2
0 1.005 0.545 0 2
0 1.005 0.555 0 2
0 1.005 0.565 0 2
0 1.015 -0.555 0 2
0 1.015 -0.545 0 2
0 1.015 -0.535 0 1
0 1.015 -0.525 0 1
0 1.015 -0.515 0.0004225055018 1
0 1.015 -0.505 0.001087231772 1
0 1.015 -0.495 0.001941784507 1
0 1.015 -0.485 0.002531536437 1
0 1.015 -0.475 0.002919228485 1
0 1.015 -0.465 0.003234392271 1
0 1.015 -0.455 0.003520997257 1
0 1.015 -0.445 0.003762484666 2
0 1.015 -0.435 0.003895550443 2
0 1.015 -0.425 0.003912269094 2
0 1.015 -0.415 0.003809657511 2
0 1.015 -0.405 0.003659953369 2
0 1.015 -0.395 0.003505244628 2
0 1.015 -0.385 0.003356627374 2
0 1.015 -0.375 0.003218127979 2
0 1.015 -0.365 0.003090018638 2
0 1.015 -0.355 0.00297099803 2
0 1.015 -0.345 0.002856665458 2
0 1.015 -0.335 0.002738840731 2
0 1.015 -0.325 0.002604704331 2
0 1.015 -0.315 0.00243814238 2
0 1.015 -0.305 0.002226033497 2
0 1.015 -0.295 0.001964305543 2
0 1.015 -0.285 0.001661591409 2
0 1.015 -0.275 0.001340082627 2
0 1.015 -0.265 0.001027000174 2
0 1.015 -0.255 0.0007497326057 2
0 1.015 -0.245 0.0005264455699 2
0 1.015 -0.235 0.0003664055632 2
0 1.015 -0.225 0.0002703334577 2
0 1.015 -0.215 0.0002332172902 2
0 1.015 -0.205 0.0002469095828 2
0 1.015 -0.195 0.0003022196716 2
0 1.015 -0.185 0.0003906815434 2
0 1.015 -0.175 0.000505149007 2
0 1.015 -0.165 0.0006397811994 2
0 1.015 -0.155 0.0007895657449 2
0 1.015 -0.145 0.0009496271258 2
0 1.015 -0.135 0.001114400786 2
0 1.015 -0.125 0.001276353129 2
0 1.015 -0.115 0.001424149155 2
0 1.015 -0.105 0.001541250654 2
0 1.015 -0.095 0.00159479052 2
0 1.015 -0.085 0.001555287004 2
0 1.015 -0.075 0.001410501971 2
0 1.015 -0.065 0.001195419005 2
0 1.015 -0.055 0.0009682169354 2
0 1.015 -0.045 0.0007976002004 2
0 1.015 -0.035 0.0007382984714 2
0 1.015 -0.025 0.0007654997348 2
0 1.015 -0.015 0.0008140888679 2
0 1.015 -0.005 0.0007730142211 2
0 1.015 0.005 0.0006108844821 2
0 1.015 0.015 0.000380359847 2
0 1.015 0.025 0.0001517605653 2
0 1.015 0.035 2.828278075e-05 2
0 1.015 0.045 4.837224122e-05 2
0 1.015 0.055 0.0001969665605 2
0 1.015 0.065 0.0004333486079 2
0 1.015 0.075 0.0006849785664 2
0 1.015 0.085 0.0009242417431 2
0 1.015 0.095 0.001109188499 2
0 1.015 0.105 0.001232110724 2
0 1.015 0.115 0.001302608259 2
0 1.015 0.125 0.001349377856 2
0 1.015 0.135 0.001381009671 2
0 1.015 0.145 0.001398665823 2
0 1.015 0.155 0.001436173302 2
0 1.015 0.165 0.001490870758 2
0 1.015 0.175 0.001502842887 2
0 1.015 0.185 0.001385661513 1
0 1.015 0.195 0.001170675445 1
0 1.015 0.205 0.0008894089598 1
0 1.015 0.215 0.0006292316979 1
0 1.015 0.225 0.0003819337085 1
0 1.015 0.235 0.0002141359778 1
0 1.015 0.245 0.0001532256569 1
0 1.015 0.255 0.0002118236255 2
0 1.015 0.265 0.0003702327288 2
0 1.015 0.275 0.0006246705516 2
0 1.015 0.285 0.0009562614316 2
0 1.015 0.295 0.001335088229 2
0 1.015 0.305 0.001723074234 2
0 1.015 0.315 0.002084216517 2
0 1.015 0.325 0.002329704499 2
0 1.015 0.335 0.002379953578 2
0 1.015 0.345 0.002318352816 2
0 1.015 0.355 0.002235400304 1
0 1.015 0.365 0.002223853885 1
0 1.015 0.375 0.002325772474 1
0 1.015 0.385 0.002486531994 1
0 1.015 0.395 0.002693249798 1
0 1.015 0.405 0.002871955726 1
0 1.015 0.415 0.003081055384 1
0 1.015 0.425 0.003315981521 1
0 1.015 0.435 0.003527254908 2
0 1.015 0.445 0.003622723699 2
0 1.015 0.455 0.003606706275 2
0 1.015 0.465 0.003519264739 2
0 1.015 0.475 0.003323288457 2
0 1.015 0.485 0.002948263956 2
0 1.015 0.495 0.002255006547 2
0 1.015 0.505 0.001250811939 2
0 1.015 0.515 0.0004799985664 2
0 1.015 0.525 0 2
0 1.015 0.535 0 2
0 1.015 0.545 0 2
0 1.015 0.555 0 2
0 1.015 0.565 0 2
0 1.025 -0.555 0 2
0 1.025 -0.545 0 2
0 1.025 -0.535 0 1
0 1.025 -0.525 0 1
0 1.025 -0.515 0 1
0 1.025 -0.505 0 1
0 1.025 -0.495 0 1
0 1.025 -0.485 0 1
0 1.025 -0.475 0 1
0 1.025 -0.465 0 1
0 1.025 -0.455 0 1
0 1.025 -0.445 0 1
0 1.025 -0.435 0 2
0 1.025 -0.425 0 2
0 1.025 -0.415 0 2
0 1.025 -0.405 0 2
0 1.025 -0.395 0 2
0 1.025 -0.385 0 2
0 1.025 -0.375 0 2
0 1.025 -0.365 0 2
0 1.025 -0.355 0 2
0 1.025 -0.345 0 2
0 1.025 -0.335 0 2
0 1.025 -0.325 0 2
0 1.025 -0.315 0 2
0 1.025 -0.305 0 2
0 1.025 -0.295 0 2
0 1.025 -0.285 0 2
0 1.025 -0.275 0 2
0 1.025 -0.265 0 2
0 1.025 -0.255 0 1
0 1.025 -0.245 0 1
0 1.025 -0.235 0 1
0 1.025 -0.225 0 2
0 1.025 -0.215 0 2
0 1.025 -0.205 0 2
0 1.025 -0.195 0 2
0 1.025 -0.185 0 2
0 1.025 -0.175 0 2
0 1.025 -0.165 0 2
0 1.025 -0.155 0 2
0 1.025 -0.145 0 2
0 1.025 -0.135 0 2
0 1.025 -0.125 0 2
0 1.025 -0.115 0 2
0 1.025 -0.105 0 2
0 1.025 -0.095 0 2
0 1.025 -0.085 0 2
0 1.025 -0.075 0 2
0 1.025 -0.065 0 2
0 1.025 -0.055 0 2
0 1.025 -0.045 0 2
0 1.025 -0.035 0 2
0 1.025 -0.025 0 2
0 1.025 -0.015 0 2
0 1.025 -0.005 0 2
0 1.025 0.005 0 2
0 1.025 0.015 0 2
0 1.025 0.025 0 2
0 1.025 0.035 0 2
0 1.025 0.045 0 2
0 1.025 0.055 0 2
0 1.025 0.065 0 2
0 1.025 0.075 0 2
0 1.025 0.085 0 2
0 1.025 0.095 0 2
0 1.025 0.105 0 2
0 1.025 0.115 0 2
0 1.025 0.125 0 2
0 1.025 0.135 0 2
0 1.025 0.145 0 2
0 1.025 0.155 0 2
0 1.025 0.165 0 2
0 1.025 0.175 0 1
0 1.025 0.185 0 1
0 1.025 0.195 0 1
0 1.025 0.205 0 1
0 1.025 0.215 0 1
0 1.025 0.225 0 1
0 1.025 0.235 0 1
0 1.025 0.245 0 1
0 1.025 0.255 0 1
0 1.025 0.265 0 2
0 1.025 0.275 0 2
0 1.025 0.285 0 2
0 1.025 0.295 0 2
0 1.025 0.305 0 2
0 1.025 0.315 0 2
0 1.025 0.325 0 2
0 1.025 0.335 0 2
0 1.025 0.345 0 2
0 1.025 0.355 0 2
0 1.025 0.365 0 1
0 1.025 0.375 0 1
0 1.025 0.385 0 1
0 1.025 0.395 0 1
0 1.025 0.405 0 1
0 1.025 0.415 0 1
0 1.025 0.425 0 1
0 1.025 0.435 0 2
0 1.025 0.445 0 2
0 1.025 0.455 0 2
0 1.025 0.465 0 2
0 1.025 0.475 0 2
0 1.025 0.485 0 2
0 1.025 0.495 0 2
0 1.025 0.505 0 2
0 1.025 0.515 0 2
0 1.025 0.525 0 2
0 1.025 0.535 0 2
0 1.025 0.545 0 2
0 1.025 0.555 0 2
0 1.025 0.565 0 2
0 1.035 -0.555 0 2
0 1.035 -0.545 0 2
0 1.035 -0.535 0 2
0 1.035 -0.525 0 1
0 1.035 -0.515 0 1
0 1.035 -0.505 0 1
0 1.035 -0.495 0 1
0 1.035 -0.485 0 1
0 1.035 -0.475 0 1
0 1.035 -0.465 0 1
0 1.035 -0.455 0 1
0 1.035 -0.445 0 1
0 1.035 -0.435 0 2
0 1.035 -0.425 0 2
0 1.035 -0.415 0 2
0 1.035 -0.405 0 2
0 1.035 -0.395 0 2
0 1.035 -0.385 0 2
0 1.035 -0.375 0 2
0 1.035 -0.365 0 2
0 1.035 -0.355 0 2
0 1.035 -0.345 0 2
0 1.035 -0.335 0 2
0 1.035 -0.325 0 2
0 1.035 -0.315 0 2
0 1.035 -0.305 0 2
0 1.035 -0.295 0 2
0 1.035 -0.285 0 2
0 1.035 -0.275 0 2
0 1.035 -0.265 0 1
0 1.035 -0.255 0 1
0 1.035 -0.245 0 1
0 1.035 -0.235 0 1
0 1.035 -0.225 0 1
0 1.035 -0.215 0 1
0 1.035 -0.205 0 2
0 1.035 -0.195 0 2
0 1.035 -0.185 0 2
0 1.035 -0.175 0 2
0 1.035 -0.165 0 2
0 1.035 -0.155 0 2
0 1.035 -0.145 0 2
0 1.035 -0.135 0 2
0 1.035 -0.125 0 2
0 1.035 -0.115 0 2
0 1.035 -0.105 0 2
0 1.035 -0.095 0 2
0 1.035 -0.085 0 2
0 1.035 -0.075 0 2
0 1.035 -0.065 0 2
0 1.035 -0.055 0 2
0 1.035 -0.045 0 2
0 1.035 -0.035 0 2
0 1.035 -0.025 0 2
0 1.035 -0.015 0 2
0 1.035 -0.005 0 2
0 1.035 0.005 0 2
0 1.035 0.015 0 2
0 1.035 0.025 0 2
0 1.035 0.035 0 2
0 1.035 0.045 0 2
0 1.035 0.055 0 2
0 1.035 0.065 0 2
0 1.035 0.075 0 2
0 1.035 0.085 0 2
0 1.035 0.095 0 2
0 1.035 0.105 0 2
0 1.035 0.115 0 2
0 1.035 0.125 0 2
0 1.035 0.135 0 2
0 1.035 0.145 0 2
0 1.035 0.155 0 2
0 1.035 0.165 0 2
0 1.035 0.175 0 2
0 1.035 0.185 0 1
0 1.035 0.195 0 1
0 1.035 0.205 0 1
0 1.035 0.215 0 1
0 1.035 0.225 0 1
0 1.035 0.235 0 1
0 1.035 0.245 0 1
0 1.035 0.255 0 1
0 1.035 0.265 0 1
0 1.035 0.275 0 2
0 1.035 0.285 0 2
0 1.035 0.295 0 2
0 1.035 0.305 0 2
0 1.035 0.315 0 2
0 1.035 0.325 0 2
0 1.035 0.335 0 2
0 1.035 0.345 0 2
0 1.035 0.355 0 2
0 1.035 0.365 0 1
0 1.035 0.375 0 1
0 1.035 0.385 0 1
0 1.035 0.395 0 1
0 1.035 0.405 0 1
0 1.035 0.415 0 1
0 1.035 0.425 0 1
0 1.035 0.435 0 1
0 1.035 0.445 0 2
0 1.035 0.455 0 2
0 1.035 0.465 0 2
0 1.035 0.475 0 2
0 1.035 0.485 0 2
0 1.035 0.495 0 2
0 1.035 0.505 0 2
0 1.035 0.515 0 2
0 1.035 0.525 0 2
0 1.035 0.535 0 2
0 1.035 0.545 0 2
0 1.035 0.555 0 2
0 1.035 0.565 0 2
0 1.045 -0.555 0 2
0 1.045 -0.545 0 2
0 1.045 -0.535 0 2
0 1.045 -0.525 0 2
0 1.045 -0.515 0 1
0 1.045 -0.505 0 1
0 1.045 -0.495 0 1
0 1.045 -0.485 0 1
0 1.045 -0.475 0 1
0 1.045 -0.465 0 1
0 1.045 -0.455 0 1
0 1.045 -0.445 0 1
0 1.045 -0.435 0 2
0 1.045 -0.425 0 2
0 1.045 -0.415 0 2
0 1.045 -0.405 0 2
0 1.045 -0.395 0 2
0 1.045 -0.385 0 2
0 1.045 -0.375 0 2
0 1.045 -0.365 0 2
0 1.045 -0.355 0 2
0 1.045 -0.345 0 2
0 1.045 -0.335 0 2
0 1.045 -0.325 0 2
0 1.045 -0.315 0 2
0 1.045 -0.305 0 2
0 1.045 -0.295 0 2
0 1.045 -0.285 0 2
0 1.045 -0.275 0 2
0 1.045 -0.265 0 1
0 1.045 -0.255 0 1
0 1.045 -0.245 0 1
0 1.045 -0.235 0 1
0 1.045 -0.225 0 1
0 1.045 -0.215 0 1
0 1.045 -0.205 0 1
0 1.045 -0.195 0 2
0 1.045 -0.185 0 2
0 1.045 -0.175 0 2
0 1.045 -0.165 0 2
0 1.045 -0.155 0 2
0 1.045 -0.145 0 2
0 1.045 -0.135 0 2
0 1.045 -0.125 0 2
0 1.045 -0.115 0 2
0 1.045 -0.105 0 2
0 1.045 -0.095 0 2
0 1.045 -0.085 0 2
0 1.045 -0.075 0 2
0 1.045 -0.065 0 2
0 1.045 -0.055 0 2
0 1.045 -0.045 0 2
0 1.045 -0.035 0 2
0 1.045 -0.025 0 2
0 1.045 -0.015 0 2
0 1.045 -0.005 0 2
0 1.045 0.005 0 2
0 1.045 0.015 0 2
0 1.045 0.025 0 2
0 1.045 0.035 0 2
0 1.045 0.045 0 2
0 1.045 0.055 0 2
0 1.045 0.065 0 2
0 1.045 0.075 0 2
0 1.045 0.085 0 2
0 1.045 0.095 0 2
0 1.045 0.105 0 2
0 1.045 0.115 0 2
0 1.045 0.125 0 2
0 1.045 0.135 0 2
0 1.045 0.145 0 2
0 1.045 0.155 0 2
0 1.045 0.165 0 2
0 1.045 0.175 0 2
0 1.045 0.185 0 1
0 1.045 0.195 0 1
0 1.045 0.205 0 1
0 1.045 0.215 0 1
0 1.045 0.225 0 1
0 1.045 0.235 0 1
0 1.045 0.245 0 1
0 1.045 0.255 0 1
0 1.045 0.265 0 1
0 1.045 0.275 0 2
0 1.045 0.285 0 2
0 1.045 0.295 0 2
0 1.045 0.305 0 2
0 1.045 0.315 0 2
0 1.045 0.325 0 2
0 1.045 0.335 0 2
0 1.045 0.345 0 2
0 1.045 0.355 0 2
0 1.045 0.365 0 1
0 1.045 0.375 0 1
0 1.045 0.385 0 1
0 1.045 0.395 0 1
0 1.045 0.405 0 1
0 1.045 0.415 0 1
0 1.045 0.425 0 1
0 1.045 0.435 0 1
0 1.045 0.445 0 2
0 1.045 0.455 0 2
0 1.045 0.465 0 2
0 1.045 0.475 0 2
0 1.045 0.485 0 2
0 1.045 0.495 0 2
0 1.045 0.505 0 2
0 1.045 0.515 0 2
0 1.045 0.525 0 2
0 1.045 0.535 0 2
0 1.045 0.545 0 2
0 1.045 0.555 0 2
0 1.045 0.565 0 2
0 1.055 -0.555 0 2
0 1.055 -0.545 0 2
0 1.055 -0.535 0 2
0 1.055 -0.525 0 2
0 1.055 -0.515 0 2
0 1.055 -0.505 0 2
0 1.055 -0.495 0 1
0 1.055 -0.485 0 1
0 1.055 -0.475 0 1
0 1.055 -0.465 0 1
0 1.055 -0.455 0 1
0 1.055 -0.445 0 2
0 1.055 -0.435 0 2
0 1.055 -0.425 0 2
0 1.055 -0.415 0 2
0 1.055 -0.405 0 2
0 1.055 -0.395 0 2
0 1.055 -0.385 0 2
0 1.055 -0.375 0 2
0 1.055 -0.365 0 2
0 1.055 -0.355 0 2
0 1.055 -0.345 0 2
0 1.055 -0.335 0 2
0 1.055 -0.325 0 2
0 1.055 -0.315 0 2
0 1.055 -0.305 0 2
0 1.055 -0.295 0 2
0 1.055 -0.285 0 2
0 1.055 -0.275 0 2
0 1.055 -0.265 0 1
0 1.055 -0.255 0 1
0 1.055 -0.245 0 1
0 1.055 -0.235 0 1
0 1.055 -0.225 0 1
0 1.055 -0.215 0 1
0 1.055 -0.205 0 1
0 1.055 -0.195 0 1
0 1.055 -0.185 0 2
0 1.055 -0.175 0 2
0 1.055 -0.165 0 2
0 1.055 -0.155 0 2
0 1.055 -0.145 0 2
0 1.055 -0.135 0 2
0 1.055 -0.125 0 2
0 1.055 -0.115 0 2
0 1.055 -0.105 0 2
0 1.055 -0.095 0 2
0 1.055 -0.085 0 2
0 1.055 -0.075 0 2
0 1.055 -0.065 0 2
0 1.055 -0.055 0 2
0 1.055 -0.045 0 2
0 1.055 -0.035 0 2
0 1.055 -0.025 0 2
0 1.055 -0.015 0 2
0 1.055 -0.005 0 2
0 1.055 0.005 0 2
0 1.055 0.015 0 2
0 1.055 0.025 0 2
0 1.055 0.035 0 2
0 1.055 0.045 0 2
0 1.055 0.055 0 2
0 1.055 0.065 0 2
0 1.055 0.075 0 2
0 1.055 0.085 0 2
0 1.055 0.095 0 2
0 1.055 0.105 0 2
0 1.055 0.115 0 2
0 1.055 0.125 0 2
0 1.055 0.135 0 2
0 1.055 0.145 0 2
0 1.055 0.155 0 2
0 1.055 0.165 0 2
0 1.055 0.175 0 2
0 1.055 0.185 0 1
0 1.055 0.195 0 1
0 1.055 0.205 0 1
0 1.055 0.215 0 1
0 1.055 0.225 0 1
0 1.055 0.235 0 1
0 1.055 0.245 0 1
0 1.055 0.255 0 1
0 1.055 0.265 0 1
0 1.055 0.275 0 2
0 1.055 0.285 0 2
0 1.055 0.295 0 2
0 1.055 0.305 0 2
0 1.055 0.315 0 2
0 1.055 0.325 0 2
0 1.055 0.335 0 2
0 1.055 0.345 0 2
0 1.055 0.355 0 2
0 1.055 0.365 0 2
0 1.055 0.375 0 1
0 1.055 0.385 0 1
0 1.055 0.395 0 1
0 1.055 0.405 0 1
0 1.055 0.415 0 1
0 1.055 0.425 0 1
0 1.055 0.435 0 2
0 1.055 0.445 0 2
0 1.055 0.455 0 2
0 1.055 0.465 0 2
0 1.055 0.475 0 2
0 1.055 0.485 0 2
0 1.055 0.495 0 2
0 1.055 0.505 0 2
0 1.055 0.515 0 2
0 1.055 0.525 0 2
0 1.055 0.535 0 2
0 1.055 0.545 0 2
0 1.055 0.555 0 2
0 1.055 0.565 0 2
0 1.065 -0.555 0 2
0 1.065 -0.545 0 2
0 1.065 -0.535 0 2
0 1.065 -0.525 0 2
0 1.065 -0.515 0 2
0 1.065 -0.505 0 2
0 1.065 -0.495 0 2
0 1.065 -0.485 0 2
0 1.065 -0.475 0 2
0 1.065 -0.465 0 2
0 1.065 -0.455 0 2
0 1.065 -0.445 0 2
0 1.065 -0.435 0 2
0 1.065 -0.425 0 2
0 1.065 -0.415 0 2
0 1.065 -0.405 0 2
0 1.065 -0.395 0 2
0 1.065 -0.385 0 2
0 1.065 -0.375 0 2
0 1.065 -0.365 0 2
0 1.065 -0.355 0 2
0 1.065 -0.345 0 2
0 1.065 -0.335 0 2
0 1.065 -0.325 0 2
0 1.065 -0.315 0 2
0 1.065 -0.305 0 2
0 1.065 -0.295 0 2
0 1.065 -0.285 0 2
0 1.065 -0.275 0 2
0 1.065 -0.265 0 1
0 1.065 -0.255 0 1
0 1.065 -0.245 0 1
0 1.065 -0.235 0 1
0 1.065 -0.225 0 1
0 1.065 -0.215 0 1
0 1.065 -0.205 0 1
0 1.065 -0.195 0 1
0 1.065 -0.185 0 2
0 1.065 -0.175 0 2
0 1.065 -0.165 0 2
0 1.065 -0.155 0 2
0 1.065 -0.145 0 2
0 1.065 -0.135 0 2
0 1.065 -0.125 0 2
0 1.065 -0.115 0 2
0 1.065 -0.105 0 2
0 1.065 -0.095 0 2
0 1.065 -0.085 0 2
0 1.065 -0.075 0 2
0 1.065 -0.065 0 2
0 1.065 -0.055 0 2
0 1.065 -0.045 0 2
0 1.065 -0.035 0 2
0 1.065 -0.025 0 2
0 1.065 -0.015 0 2
0 1.065 -0.005 0 2
0 1.065 0.005 0 2
0 1.065 0.015 0 2
0 1.065 0.025 0 2
0 1.065 0.035 0 2
0 1.065 0.045 0 2
0 1.065 0.055 0 2
0 1.065 0.065 0 2
0 1.065 0.075 0 2
0 1.065 0.085 0 2
0 1.065 0.095 0 2
0 1.065 0.105 0 2
0 1.065 0.115 0 2
0 1.065 0.125 0 2
0 1.065 0.135 0 2
0 1.065 0.145 0 2
0 1.065 0.155 0 2
0 1.065 0.165 0 2
0 1.065 0.175 0 2
0 1.065 0.185 0 2
0 1.065 0.195 0 1
0 1.065 0.205 0 1
0 1.065 0.215 0 1
0 1.065 0.225 0 1
0 1.065 0.235 0 1
0 1.065 0.245 0 1
0 1.065 0.255 0 1
0 1.065 0.265 0 1
0 1.065 0.275 0 1
0 1.065 0.285 0 2
0 1.065 0.295 0 2
0 1.065 0.305 0 2
0 1.065 0.315 0 2
0 1.065 0.325 0 2
0 1.065 0.335 0 2
0 1.065 0.345 0 2
0 1.065 0.355 0 2
0 1.065 0.365 0 2
0 1.065 0.375 0 2
0 1.065 0.385 0 1
0 1.065 0.395 0 1
0 1.065 0.405 0 1
0 1.065 0.415 0 1
0 1.065 0.425 0 1
0 1.065 0.435 0 2
0 1.065 0.445 0 2
0 1.065 0.455 0 2
0 1.065 0.465 0 2
0 1.065 0.475 0 2
0 1.065 0.485 0 2
0 1.065 0.495 0 2
0 1.065 0.505 0 2
0 1.065 0.515 0 2
0 1.065 0.525 0 2
0 1.065 0.535 0 2
0 1.065 0.545 0 2
0 1.065 0.555 0 2
0 1.065 0.565 0 2
