t x y content type
0 -0.055 -0.455 0 2
0 -0.055 -0.445 0 2
0 -0.055 -0.435 0 2
0 -0.055 -0.425 0 2
0 -0.055 -0.415 0 2
0 -0.055 -0.405 0 2
0 -0.055 -0.395 0 2
0 -0.055 -0.385 0 2
0 -0.055 -0.375 0 2
0 -0.055 -0.365 0 2
0 -0.055 -0.355 0 2
0 -0.055 -0.345 0 2
0 -0.055 -0.335 0 1
0 -0.055 -0.325 0 1
0 -0.055 -0.315 0 1
0 -0.055 -0.305 0 1
0 -0.055 -0.295 0 1
0 -0.055 -0.285 0 1
0 -0.055 -0.275 0 1
0 -0.055 -0.265 0 2
0 -0.055 -0.255 0 2
0 -0.055 -0.245 0 2
0 -0.055 -0.235 0 2
0 -0.055 -0.225 0 2
0 -0.055 -0.215 0 2
0 -0.055 -0.205 0 2
0 -0.055 -0.195 0 2
0 -0.055 -0.185 0 2
0 -0.055 -0.175 0 2
0 -0.055 -0.165 0 2
0 -0.055 -0.155 0 2
0 -0.055 -0.145 0 2
0 -0.055 -0.135 0 2
0 -0.055 -0.125 0 2
0 -0.055 -0.115 0 2
0 -0.055 -0.105 0 2
0 -0.055 -0.095 0 2
0 -0.055 -0.085 0 2
0 -0.055 -0.075 0 2
0 -0.055 -0.065 0 2
0 -0.055 -0.055 0 1
0 -0.055 -0.045 0 1
0 -0.055 -0.035 0 1
0 -0.055 -0.025 0 1
0 -0.055 -0.015 0 1
0 -0.055 -0.005 0 1
0 -0.055 0.005 0 1
0 -0.055 0.015 0 1
0 -0.055 0.025 0 1
0 -0.055 0.035 0 1
0 -0.055 0.045 0 1
0 -0.055 0.055 0 1
0 -0.055 0.065 0 1
0 -0.055 0.075 0 2
0 -0.055 0.085 0 2
0 -0.055 0.095 0 2
0 -0.055 0.105 0 2
0 -0.055 0.115 0 2
0 -0.055 0.125 0 2
0 -0.055 0.135 0 2
0 -0.055 0.145 0 1
0 -0.055 0.155 0 1
0 -0.055 0.165 0 1
0 -0.055 0.175 0 1
0 -0.055 0.185 0 1
0 -0.055 0.195 0 1
0 -0.055 0.205 0 1
0 -0.055 0.215 0 1
0 -0.055 0.225 0 1
0 -0.055 0.235 0 1
0 -0.055 0.245 0 2
0 -0.055 0.255 0 2
0 -0.055 0.265 0 2
0 -0.055 0.275 0 2
0 -0.055 0.285 0 1
0 -0.055 0.295 0 1
0 -0.055 0.305 0 1
0 -0.055 0.315 0 1
0 -0.055 0.325 0 1
0 -0.055 0.335 0 1
0 -0.055 0.345 0 1
0 -0.055 0.355 0 1
0 -0.055 0.365 0 1
0 -0.055 0.375 0 2
0 -0.055 0.385 0 2
0 -0.055 0.395 0 2
0 -0.055 0.405 0 2
0 -0.055 0.415 0 2
0 -0.055 0.425 0 2
0 -0.055 0.435 0 2
0 -0.055 0.445 0 2
0 -0.055 0.455 0 2
0 -0.055 0.465 0 1
0 -0.045 -0.455 0 2
0 -0.045 -0.445 0 2
0 -0.045 -0.435 0 2
0 -0.045 -0.425 0 2
0 -0.045 -0.415 0 2
0 -0.045 -0.405 0 2
0 -0.045 -0.395 0 2
0 -0.045 -0.385 0 2
0 -0.045 -0.375 0 2
0 -0.045 -0.365 0 2
0 -0.045 -0.355 0 2
0 -0.045 -0.345 0 2
0 -0.045 -0.335 0 2
0 -0.045 -0.325 0 2
0 -0.045 -0.315 0 2
0 -0.045 -0.305 0 1
0 -0.045 -0.295 0 1
0 -0.045 -0.285 0 2
0 -0.045 -0.275 0 2
0 -0.045 -0.265 0 2
0 -0.045 -0.255 0 2
0 -0.045 -0.245 0 2
0 -0.045 -0.235 0 2
0 -0.045 -0.225 0 2
0 -0.045 -0.215 0 2
0 -0.045 -0.205 0 2
0 -0.045 -0.195 0 2
0 -0.045 -0.185 0 2
0 -0.045 -0.175 0 2
0 -0.045 -0.165 0 2
0 -0.045 -0.155 0 2
0 -0.045 -0.145 0 2
0 -0.045 -0.135 0 2
0 -0.045 -0.125 0 2
0 -0.045 -0.115 0 2
0 -0.045 -0.105 0 2
0 -0.045 -0.095 0 2
0 -0.045 -0.085 0 2
0 -0.045 -0.075 0 2
0 -0.045 -0.065 0 2
0 -0.045 -0.055 0 1
0 -0.045 -0.045 0 1
0 -0.045 -0.035 0 1
0 -0.045 -0.025 0 1
0 -0.045 -0.015 0 1
0 -0.045 -0.005 0 1
0 -0.045 0.005 0 1
0 -0.045 0.015 0 1
0 -0.045 0.025 0 1
0 -0.045 0.035 0 1
0 -0.045 0.045 0 1
0 -0.045 0.055 0 1
0 -0.045 0.065 0 1
0 -0.045 0.075 0 2
0 -0.045 0.085 0 2
0 -0.045 0.095 0 2
0 -0.045 0.105 0 2
0 -0.045 0.115 0 2
0 -0.045 0.125 0 2
0 -0.045 0.135 0 2
0 -0.045 0.145 0 2
0 -0.045 0.155 0 1
0 -0.045 0.165 0 1
0 -0.045 0.175 0 1
0 -0.045 0.185 0 1
0 -0.045 0.195 0 1
0 -0.045 0.205 0 1
0 -0.045 0.215 0 1
0 -0.045 0.225 0 1
0 -0.045 0.235 0 1
0 -0.045 0.245 0 2
0 -0.045 0.255 0 2
0 -0.045 0.265 0 2
0 -0.045 0.275 0 2
0 -0.045 0.285 0 2
0 -0.045 0.295 0 1
0 -0.045 0.305 0 1
0 -0.045 0.315 0 1
0 -0.045 0.325 0 1
0 -0.045 0.335 0 1
0 -0.045 0.345 0 1
0 -0.045 0.355 0 1
0 -0.045 0.365 0 1
0 -0.045 0.375 0 2
0 -0.045 0.385 0 2
0 -0.045 0.395 0 2
0 -0.045 0.405 0 2
0 -0.045 0.415 0 2
0 -0.045 0.425 0 2
0 -0.045 0.435 0 2
0 -0.045 0.445 0 2
0 -0.045 0.455 0 2
0 -0.045 0.465 0 2
0 -0.035 -0.455 0 2
0 -0.035 -0.445 0 2
0 -0.035 -0.435 0 2
0 -0.035 -0.425 0 2
0 -0.035 -0.415 0 2
0 -0.035 -0.405 0 2
0 -0.035 -0.395 0 2
0 -0.035 -0.385 0 2
0 -0.035 -0.375 0 2
0 -0.035 -0.365 0 2
0 -0.035 -0.355 0 2
0 -0.035 -0.345 0 2
0 -0.035 -0.335 0 2
0 -0.035 -0.325 0 2
0 -0.035 -0.315 0 2
0 -0.035 -0.305 0 2
0 -0.035 -0.295 0 2
0 -0.035 -0.285 0 2
0 -0.035 -0.275 0 2
0 -0.035 -0.265 0 2
0 -0.035 -0.255 0 2
0 -0.035 -0.245 0 2
0 -0.035 -0.235 0 2
0 -0.035 -0.225 0 2
0 -0.035 -0.215 0 2
0 -0.035 -0.205 0 2
0 -0.035 -0.195 0 2
0 -0.035 -0.185 0 2
0 -0.035 -0.175 0 2
0 -0.035 -0.165 0 2
0 -0.035 -0.155 0 2
0 -0.035 -0.145 0 2
0 -0.035 -0.135 0 2
0 -0.035 -0.125 0 2
0 -0.035 -0.115 0 2
0 -0.035 -0.105 0 2
0 -0.035 -0.095 0 2
0 -0.035 -0.085 0 2
0 -0.035 -0.075 0 2
0 -0.035 -0.065 0 2
0 -0.035 -0.055 0 1
0 -0.035 -0.045 0 1
0 -0.035 -0.035 0 1
0 -0.035 -0.025 0 1
0 -0.035 -0.015 0 1
0 -0.035 -0.005 0 1
0 -0.035 0.005 0 1
0 -0.035 0.015 0 1
0 -0.035 0.025 0 1
0 -0.035 0.035 0 1
0 -0.035 0.045 0 1
0 -0.035 0.055 0 1
0 -0.035 0.065 0 1
0 -0.035 0.075 0 2
0 -0.035 0.085 0 2
0 -0.035 0.095 0 2
0 -0.035 0.105 0 2
0 -0.035 0.115 0 2
0 -0.035 0.125 0 2
0 -0.035 0.135 0 2
0 -0.035 0.145 0 2
0 -0.035 0.155 0 2
0 -0.035 0.165 0 1
0 -0.035 0.175 0 1
0 -0.035 0.185 0 1
0 -0.035 0.195 0 1
0 -0.035 0.205 0 1
0 -0.035 0.215 0 1
0 -0.035 0.225 0 1
0 -0.035 0.235 0 1
0 -0.035 0.245 0 2
0 -0.035 0.255 0 2
0 -0.035 0.265 0 2
0 -0.035 0.275 0 2
0 -0.035 0.285 0 2
0 -0.035 0.295 0 2
0 -0.035 0.305 0 2
0 -0.035 0.315 0 1
0 -0.035 0.325 0 1
0 -0.035 0.335 0 1
0 -0.035 0.345 0 1
0 -0.035 0.355 0 1
0 -0.035 0.365 0 2
0 -0.035 0.375 0 2
0 -0.035 0.385 0 2
0 -0.035 0.395 0 2
0 -0.035 0.405 0 2
0 -0.035 0.415 0 2
0 -0.035 0.425 0 2
0 -0.035 0.435 0 2
0 -0.035 0.445 0 2
0 -0.035 0.455 0 2
0 -0.035 0.465 0 2
0 -0.025 -0.455 0 2
0 -0.025 -0.445 0 2
0 -0.025 -0.435 0 2
0 -0.025 -0.425 0 2
0 -0.025 -0.415 0 2
0 -0.025 -0.405 0 2
0 -0.025 -0.395 0 2
0 -0.025 -0.385 0 2
0 -0.025 -0.375 0 2
0 -0.025 -0.365 0 2
0 -0.025 -0.355 0 2
0 -0.025 -0.345 0 2
0 -0.025 -0.335 0 2
0 -0.025 -0.325 0 2
0 -0.025 -0.315 0 2
0 -0.025 -0.305 0 2
0 -0.025 -0.295 0 2
0 -0.025 -0.285 0 2
0 -0.025 -0.275 0 2
0 -0.025 -0.265 0 2
0 -0.025 -0.255 0 2
0 -0.025 -0.245 0 2
0 -0.025 -0.235 0 2
0 -0.025 -0.225 0 2
0 -0.025 -0.215 0 2
0 -0.025 -0.205 0 2
0 -0.025 -0.195 0 2
0 -0.025 -0.185 0 2
0 -0.025 -0.175 0 2
0 -0.025 -0.165 0 2
0 -0.025 -0.155 0 2
0 -0.025 -0.145 0 2
0 -0.025 -0.135 0 2
0 -0.025 -0.125 0 2
0 -0.025 -0.115 0 2
0 -0.025 -0.105 0 2
0 -0.025 -0.095 0 2
0 -0.025 -0.085 0 2
0 -0.025 -0.075 0 2
0 -0.025 -0.065 0 2
0 -0.025 -0.055 0 1
0 -0.025 -0.045 0 1
0 -0.025 -0.035 0 1
0 -0.025 -0.025 0 1
0 -0.025 -0.015 0 1
0 -0.025 -0.005 0 1
0 -0.025 0.005 0 1
0 -0.025 0.015 0 1
0 -0.025 0.025 0 1
0 -0.025 0.035 0 1
0 -0.025 0.045 0 1
0 -0.025 0.055 0 1
0 -0.025 0.065 0 2
0 -0.025 0.075 0 2
0 -0.025 0.085 0 2
0 -0.025 0.095 0 2
0 -0.025 0.105 0 2
0 -0.025 0.115 0 2
0 -0.025 0.125 0 2
0 -0.025 0.135 0 2
0 -0.025 0.145 0 2
0 -0.025 0.155 0 2
0 -0.025 0.165 0 2
0 -0.025 0.175 0 2
0 -0.025 0.185 0 2
0 -0.025 0.195 0 1
0 -0.025 0.205 0 1
0 -0.025 0.215 0 1
0 -0.025 0.225 0 2
0 -0.025 0.235 0 2
0 -0.025 0.245 0 2
0 -0.025 0.255 0 2
0 -0.025 0.265 0 2
0 -0.025 0.275 0 2
0 -0.025 0.285 0 2
0 -0.025 0.295 0 2
0 -0.025 0.305 0 2
0 -0.025 0.315 0 2
0 -0.025 0.325 0 2
0 -0.025 0.335 0 2
0 -0.025 0.345 0 2
0 -0.025 0.355 0 2
0 -0.025 0.365 0 2
0 -0.025 0.375 0 1
0 -0.025 0.385 0 1
0 -0.025 0.395 0 1
0 -0.025 0.405 0 2
0 -0.025 0.415 0 2
0 -0.025 0.425 0 2
0 -0.025 0.435 0 2
0 -0.025 0.445 0 2
0 -0.025 0.455 0 2
0 -0.025 0.465 0 2
0 -0.015 -0.455 0 2
0 -0.015 -0.445 0 2
0 -0.015 -0.435 0 2
0 -0.015 -0.425 0 2
0 -0.015 -0.415 0 2
0 -0.015 -0.405 0 2
0 -0.015 -0.395 0 2
0 -0.015 -0.385 0 2
0 -0.015 -0.375 0 2
0 -0.015 -0.365 0 2
0 -0.015 -0.355 0 2
0 -0.015 -0.345 0 2
0 -0.015 -0.335 0 2
0 -0.015 -0.325 0 2
0 -0.015 -0.315 0 2
0 -0.015 -0.305 0 2
0 -0.015 -0.295 0 2
0 -0.015 -0.285 0 2
0 -0.015 -0.275 0 2
0 -0.015 -0.265 0 2
0 -0.015 -0.255 0 2
0 -0.015 -0.245 0 2
0 -0.015 -0.235 0 2
0 -0.015 -0.225 0 2
0 -0.015 -0.215 0 2
0 -0.015 -0.205 0 2
0 -0.015 -0.195 0 2
0 -0.015 -0.185 0 2
0 -0.015 -0.175 0 2
0 -0.015 -0.165 0 2
0 -0.015 -0.155 0 2
0 -0.015 -0.145 0 2
0 -0.015 -0.135 0 2
0 -0.015 -0.125 0 2
0 -0.015 -0.115 0 2
0 -0.015 -0.105 0 2
0 -0.015 -0.095 0 2
0 -0.015 -0.085 0 2
0 -0.015 -0.075 0 2
0 -0.015 -0.065 0 2
0 -0.015 -0.055 0 2
0 -0.015 -0.045 0 1
0 -0.015 -0.035 0 1
0 -0.015 -0.025 0 1
0 -0.015 -0.015 0 2
0 -0.015 -0.005 0 2
0 -0.015 0.005 0 1
0 -0.015 0.015 0 1
0 -0.015 0.025 0 1
0 -0.015 0.035 0 1
0 -0.015 0.045 0 1
0 -0.015 0.055 0 1
0 -0.015 0.065 0 2
0 -0.015 0.075 0 2
0 -0.015 0.085 0 2
0 -0.015 0.095 0 2
0 -0.015 0.105 0 2
0 -0.015 0.115 0 2
0 -0.015 0.125 0 2
0 -0.015 0.135 0 2
0 -0.015 0.145 0 2
0 -0.015 0.155 0 2
0 -0.015 0.165 0 2
0 -0.015 0.175 0 2
0 -0.015 0.185 0 2
0 -0.015 0.195 0 2
0 -0.015 0.205 0 2
0 -0.015 0.215 0 2
0 -0.015 0.225 0 2
0 -0.015 0.235 0 2
0 -0.015 0.245 0 2
0 -0.015 0.255 0 2
0 -0.015 0.265 0 2
0 -0.015 0.275 0 2
0 -0.015 0.285 0 2
0 -0.015 0.295 0 2
0 -0.015 0.305 0 2
0 -0.015 0.315 0 2
0 -0.015 0.325 0 2
0 -0.015 0.335 0 2
0 -0.015 0.345 0 2
0 -0.015 0.355 0 2
0 -0.015 0.365 0 1
0 -0.015 0.375 0 1
0 -0.015 0.385 0 1
0 -0.015 0.395 0 1
0 -0.015 0.405 0 1
0 -0.015 0.415 0 2
0 -0.015 0.425 0 2
0 -0.015 0.435 0 2
0 -0.015 0.445 0 2
0 -0.015 0.455 0 2
0 -0.015 0.465 0 2
0 -0.005 -0.455 0 2
0 -0.005 -0.445 0 2
0 -0.005 -0.435 0 2
0 -0.005 -0.425 0 2
0 -0.005 -0.415 0 2
0 -0.005 -0.405 0 2
0 -0.005 -0.395 0 2
0 -0.005 -0.385 0 2
0 -0.005 -0.375 0 2
0 -0.005 -0.365 0 2
0 -0.005 -0.355 0 2
0 -0.005 -0.345 0 2
0 -0.005 -0.335 0 2
0 -0.005 -0.325 0 2
0 -0.005 -0.315 0 2
0 -0.005 -0.305 0 2
0 -0.005 -0.295 0 2
0 -0.005 -0.285 0 2
0 -0.005 -0.275 0 2
0 -0.005 -0.265 0 2
0 -0.005 -0.255 0 2
0 -0.005 -0.245 0 2
0 -0.005 -0.235 0 2
0 -0.005 -0.225 0 2
0 -0.005 -0.215 0 2
0 -0.005 -0.205 0 2
0 -0.005 -0.195 0 2
0 -0.005 -0.185 0 2
0 -0.005 -0.175 0 2
0 -0.005 -0.165 0 2
0 -0.005 -0.155 0 2
0 -0.005 -0.145 0 2
0 -0.005 -0.135 0 2
0 -0.005 -0.125 0 2
0 -0.005 -0.115 0 2
0 -0.005 -0.105 0 2
0 -0.005 -0.095 0 2
0 -0.005 -0.085 0 2
0 -0.005 -0.075 0 2
0 -0.005 -0.065 0 2
0 -0.005 -0.055 0 2
0 -0.005 -0.045 0 2
0 -0.005 -0.035 0 2
0 -0.005 -0.025 0 2
0 -0.005 -0.015 0 2
0 -0.005 -0.005 0 2
0 -0.005 0.005 0 2
0 -0.005 0.015 0 1
0 -0.005 0.025 0 1
0 -0.005 0.035 0 1
0 -0.005 0.045 0 1
0 -0.005 0.055 0 2
0 -0.005 0.065 0 2
0 -0.005 0.075 0 2
0 -0.005 0.085 0 2
0 -0.005 0.095 0 2
0 -0.005 0.105 0 2
0 -0.005 0.115 0 2
0 -0.005 0.125 0 2
0 -0.005 0.135 0 2
0 -0.005 0.145 0 2
0 -0.005 0.155 0 2
0 -0.005 0.165 0 2
0 -0.005 0.175 0 2
0 -0.005 0.185 0 2
0 -0.005 0.195 0 2
0 -0.005 0.205 0 2
0 -0.005 0.215 0 2
0 -0.005 0.225 0 2
0 -0.005 0.235 0 2
0 -0.005 0.245 0 2
0 -0.005 0.255 0 2
0 -0.005 0.265 0 2
0 -0.005 0.275 0 2
0 -0.005 0.285 0 2
0 -0.005 0.295 0 2
0 -0.005 0.305 0 2
0 -0.005 0.315 0 2
0 -0.005 0.325 0 2
0 -0.005 0.335 0 2
0 -0.005 0.345 0 2
0 -0.005 0.355 0 2
0 -0.005 0.365 0 1
0 -0.005 0.375 0 1
0 -0.005 0.385 0 1
0 -0.005 0.395 0 1
0 -0.005 0.405 0 1
0 -0.005 0.415 0 1
0 -0.005 0.425 0 2
0 -0.005 0.435 0 2
0 -0.005 0.445 0 2
0 -0.005 0.455 0 2
0 -0.005 0.465 0 2
0 0.005 -0.455 0 1
0 0.005 -0.445 0 2
0 0.005 -0.435 0 2
0 0.005 -0.425 0 2
0 0.005 -0.415 0 2
0 0.005 -0.405 0 2
0 0.005 -0.395 0.6330363897 2
0 0.005 -0.385 0.7083905424 2
0 0.005 -0.375 0.7763914895 2
0 0.005 -0.365 0.8363333706 2
0 0.005 -0.355 0.8875939795 2
0 0.005 -0.345 0.9296412229 2
0 0.005 -0.335 0.9620386438 2
0 0.005 -0.325 0.9844499519 2
0 0.005 -0.315 0.9966425143 2
0 0.005 -0.305 0.9984897703 2
0 0.005 -0.295 0.989972545 2
0 0.005 -0.285 0.9711792486 2
0 0.005 -0.275 0.9423049585 2
0 0.005 -0.265 0.9036493943 2
0 0.005 -0.255 0.855613807 2
0 0.005 -0.245 0.7986968134 2
0 0.005 -0.235 0.733489221 2
0 0.005 -0.225 0.6606678948 2
0 0.005 -0.215 0.5809887317 2
0 0.005 -0.205 0.495278814 2
0 0.005 -0.195 0.4044278241 2
0 0.005 -0.185 0.3093788096 2
0 0.005 -0.175 0.2111183943 2
0 0.005 -0.165 0.1106665367 2
0 0.005 -0.155 0.009065943103 2
0 0.005 -0.145 -0.09262875645 2
0 0.005 -0.135 -0.1933619549 2
0 0.005 -0.125 -0.2920880258 2
0 0.005 -0.115 -0.3877821769 2
0 0.005 -0.105 -0.4794510879 2
0 0.005 -0.095 -0.566143221 2
0 0.005 -0.085 -0.6469586982 2
0 0.005 -0.075 -0.7210586421 2
0 0.005 -0.065 -0.7876738836 2
0 0.005 -0.055 -0.846112946 2
0 0.005 -0.045 -0.8957692226 2
0 0.005 -0.035 -0.9361272735 2
0 0.005 -0.025 -0.9667681756 2
0 0.005 -0.015 -0.9873738717 2
0 0.005 -0.005 -0.9977304713 2
0 0.005 0.005 -0.9977304713 2
0 0.005 0.015 -0.9873738717 2
0 0.005 0.025 -0.9667681756 2
0 0.005 0.035 -0.9361272735 2
0 0.005 0.045 -0.8957692226 2
0 0.005 0.055 -0.846112946 2
0 0.005 0.065 -0.7876738836 2
0 0.005 0.075 -0.7210586421 2
0 0.005 0.085 -0.6469586982 2
0 0.005 0.095 -0.566143221 2
0 0.005 0.105 -0.4794510879 2
0 0.005 0.115 -0.3877821769 2
0 0.005 0.125 -0.2920880258 2
0 0.005 0.135 -0.1933619549 2
0 0.005 0.145 -0.09262875645 2
0 0.005 0.155 0.009065943103 2
0 0.005 0.165 0.1106665367 2
0 0.005 0.175 0.2111183943 2
0 0.005 0.185 0.3093788096 1
0 0.005 0.195 0.4044278241 1
0 0.005 0.205 0.495278814 1
0 0.005 0.215 0.5809887317 1
0 0.005 0.225 0.6606678948 1
0 0.005 0.235 0.733489221 2
0 0.005 0.245 0.7986968134 2
0 0.005 0.255 0.855613807 2
0 0.005 0.265 0.9036493943 2
0 0.005 0.275 0.9423049585 2
0 0.005 0.285 0.9711792486 2
0 0.005 0.295 0.989972545 2
0 0.005 0.305 0.9984897703 2
0 0.005 0.315 0.9966425143 2
0 0.005 0.325 0.9844499519 2
0 0.005 0.335 0.9620386438 2
0 0.005 0.345 0.9296412229 2
0 0.005 0.355 0.8875939795 1
0 0.005 0.365 0.8363333706 1
0 0.005 0.375 0.7763914895 1
0 0.005 0.385 0.7083905424 1
0 0.005 0.395 0.6330363897 1
0 0.005 0.405 0 1
0 0.005 0.415 0 1
0 0.005 0.425 0 1
0 0.005 0.435 0 2
0 0.005 0.445 0 2
0 0.005 0.455 0 2
0 0.005 0.465 0 2
0 0.015 -0.455 0 1
0 0.015 -0.445 0 2
0 0.015 -0.435 0 2
0 0.015 -0.425 0 2
0 0.015 -0.415 0 2
0 0.015 -0.405 0 2
0 0.015 -0.395 0.6281141221 2
0 0.015 -0.385 0.7028823475 2
0 0.015 -0.375 0.7703545433 2
0 0.015 -0.365 0.8298303375 2
0 0.015 -0.355 0.8806923619 2
0 0.015 -0.345 0.9224126608 2
0 0.015 -0.335 0.9545581708 2
0 0.015 -0.325 0.9767952165 2
0 0.015 -0.315 0.9888929738 2
0 0.015 -0.305 0.9907258662 2
0 0.015 -0.295 0.9822748678 2
0 0.015 -0.285 0.9636277015 2
0 0.015 -0.275 0.9349779277 2
0 0.015 -0.265 0.8966229355 2
0 0.015 -0.255 0.848960856 2
0 0.015 -0.245 0.7924864288 2
0 0.015 -0.235 0.7277858677 2
0 0.015 -0.225 0.6555307744 2
0 0.015 -0.215 0.5764711684 2
0 0.015 -0.205 0.4914277007 2
0 0.015 -0.195 0.401283136 2
0 0.015 -0.185 0.3069731891 2
0 0.015 -0.175 0.2094768121 2
0 0.015 -0.165 0.1098060328 2
0 0.015 -0.155 0.008995449529 2
0 0.015 -0.145 -0.09190850793 2
0 0.015 -0.135 -0.1918584406 2
0 0.015 -0.125 -0.2898168524 2
0 0.015 -0.115 -0.3847669195 2
0 0.015 -0.105 -0.4757230454 2
0 0.015 -0.095 -0.5617410911 2
0 0.015 -0.085 -0.6419281756 2
0 0.015 -0.075 -0.7154519445 2
0 0.015 -0.065 -0.7815492094 2
0 0.015 -0.055 -0.8395338703 2
0 0.015 -0.045 -0.8888040372 2
0 0.015 -0.035 -0.9288482781 2
0 0.015 -0.025 -0.9592509275 2
0 0.015 -0.015 -0.9796964009 2
0 0.015 -0.005 -0.9899724712 2
0 0.015 0.005 -0.9899724712 2
0 0.015 0.015 -0.9796964009 2
0 0.015 0.025 -0.9592509275 2
0 0.015 0.035 -0.9288482781 2
0 0.015 0.045 -0.8888040372 2
0 0.015 0.055 -0.8395338703 2
0 0.015 0.065 -0.7815492094 2
0 0.015 0.075 -0.7154519445 2
0 0.015 0.085 -0.6419281756 2
0 0.015 0.095 -0.5617410911 2
0 0.015 0.105 -0.4757230454 2
0 0.015 0.115 -0.3847669195 2
0 0.015 0.125 -0.2898168524 2
0 0.015 0.135 -0.1918584406 2
0 0.015 0.145 -0.09190850793 2
0 0.015 0.155 0.008995449529 2
0 0.015 0.165 0.1098060328 2
0 0.015 0.175 0.2094768121 2
0 0.015 0.185 0.3069731891 1
0 0.015 0.195 0.401283136 1
0 0.015 0.205 0.4914277007 1
0 0.015 0.215 0.5764711684 1
0 0.015 0.225 0.6555307744 1
0 0.015 0.235 0.7277858677 1
0 0.015 0.245 0.7924864288 1
0 0.015 0.255 0.848960856 2
0 0.015 0.265 0.8966229355 2
0 0.015 0.275 0.9349779277 2
0 0.015 0.285 0.9636277015 2
0 0.015 0.295 0.9822748678 2
0 0.015 0.305 0.9907258662 2
0 0.015 0.315 0.9888929738 2
0 0.015 0.325 0.9767952165 2
0 0.015 0.335 0.9545581708 2
0 0.015 0.345 0.9224126608 2
0 0.015 0.355 0.8806923619 1
0 0.015 0.365 0.8298303375 1
0 0.015 0.375 0.7703545433 1
0 0.015 0.385 0.7028823475 1
0 0.015 0.395 0.6281141221 1
0 0.015 0.405 0 1
0 0.015 0.415 0 1
0 0.015 0.425 0 1
0 0.015 0.435 0 2
0 0.015 0.445 0 2
0 0.015 0.455 0 2
0 0.015 0.465 0 2
0 0.025 -0.455 0 1
0 0.025 -0.445 0 1
0 0.025 -0.435 0 2
0 0.025 -0.425 0 2
0 0.025 -0.415 0 2
0 0.025 -0.405 0 2
0 0.025 -0.395 0.6183078608 2
0 0.025 -0.385 0.6919087875 2
0 0.025 -0.375 0.758327592 2
0 0.025 -0.365 0.8168748365 2
0 0.025 -0.355 0.8669427914 2
0 0.025 -0.345 0.9080117434 2
0 0.025 -0.335 0.9396553903 2
0 0.025 -0.325 0.9615452662 2
0 0.025 -0.315 0.9734541506 2
0 0.025 -0.305 0.9752584274 2
0 0.025 -0.295 0.966939368 2
0 0.025 -0.285 0.9485833254 2
0 0.025 -0.275 0.9203808384 2
0 0.025 -0.265 0.8826246532 2
0 0.025 -0.255 0.8357066849 1
0 0.025 -0.245 0.7801139495 1
0 0.025 -0.235 0.7164235083 1
0 0.025 -0.225 0.6452964781 2
0 0.025 -0.215 0.5674711687 2
0 0.025 -0.205 0.4837554191 2
0 0.025 -0.195 0.3950182119 2
0 0.025 -0.185 0.3021806535 2
0 0.025 -0.175 0.2062064122 2
0 0.025 -0.165 0.1080917159 2
0 0.025 -0.155 0.008855010514 2
0 0.025 -0.145 -0.09047361128 2
0 0.025 -0.135 -0.1888631027 2
0 0.025 -0.125 -0.2852921654 2
0 0.025 -0.115 -0.3787598504 2
0 0.025 -0.105 -0.4682959484 2
0 0.025 -0.095 -0.5529710607 2
0 0.025 -0.085 -0.6319062462 2
0 0.025 -0.075 -0.7042821452 2
0 0.025 -0.065 -0.7693474844 2
0 0.025 -0.055 -0.8264268755 2
0 0.025 -0.045 -0.8749278254 2
0 0.025 -0.035 -0.9143468864 2
0 0.025 -0.025 -0.9442748826 2
0 0.025 -0.015 -0.9644011567 2
0 0.025 -0.005 -0.9745167946 2
0 0.025 0.005 -0.9745167946 2
0 0.025 0.015 -0.9644011567 2
0 0.025 0.025 -0.9442748826 2
0 0.025 0.035 -0.9143468864 2
0 0.025 0.045 -0.8749278254 2
0 0.025 0.055 -0.8264268755 2
0 0.025 0.065 -0.7693474844 2
0 0.025 0.075 -0.7042821452 2
0 0.025 0.085 -0.6319062462 2
0 0.025 0.095 -0.5529710607 2
0 0.025 0.105 -0.4682959484 2
0 0.025 0.115 -0.3787598504 2
0 0.025 0.125 -0.2852921654 2
0 0.025 0.135 -0.1888631027 2
0 0.025 0.145 -0.09047361128 2
0 0.025 0.155 0.008855010514 2
0 0.025 0.165 0.1080917159 2
0 0.025 0.175 0.2062064122 1
0 0.025 0.185 0.3021806535 1
0 0.025 0.195 0.3950182119 1
0 0.025 0.205 0.4837554191 1
0 0.025 0.215 0.5674711687 1
0 0.025 0.225 0.6452964781 1
0 0.025 0.235 0.7164235083 1
0 0.025 0.245 0.7801139495 1
0 0.025 0.255 0.8357066849 1
0 0.025 0.265 0.8826246532 2
0 0.025 0.275 0.9203808384 2
0 0.025 0.285 0.9485833254 2
0 0.025 0.295 0.966939368 2
0 0.025 0.305 0.9752584274 2
0 0.025 0.315 0.9734541506 2
0 0.025 0.325 0.9615452662 2
0 0.025 0.335 0.9396553903 2
0 0.025 0.345 0.9080117434 2
0 0.025 0.355 0.8669427914 2
0 0.025 0.365 0.8168748365 1
0 0.025 0.375 0.758327592 1
0 0.025 0.385 0.6919087875 1
0 0.025 0.395 0.6183078608 1
0 0.025 0.405 0 1
0 0.025 0.415 0 1
0 0.025 0.425 0 1
0 0.025 0.435 0 2
0 0.025 0.445 0 2
0 0.025 0.455 0 2
0 0.025 0.465 0 2
0 0.035 -0.455 0 1
0 0.035 -0.445 0 1
0 0.035 -0.435 0 2
0 0.035 -0.425 0 2
0 0.035 -0.415 0 2
0 0.035 -0.405 0 2
0 0.035 -0.395 0.6036938558 2
0 0.035 -0.385 0.675555189 2
0 0.035 -0.375 0.740404153 2
0 0.035 -0.365 0.797567605 2
0 0.035 -0.355 0.8464521796 2
0 0.035 -0.345 0.8865504471 2
0 0.035 -0.335 0.9174461812 2
0 0.035 -0.325 0.9388186792 2
0 0.035 -0.315 0.9504460914 2
0 0.035 -0.305 0.9522077232 2
0 0.035 -0.295 0.9440852888 2
0 0.035 -0.285 0.9261631002 2
0 0.035 -0.275 0.8986271926 2
0 0.035 -0.265 0.8617633931 1
0 0.035 -0.255 0.8159543536 1
0 0.035 -0.245 0.7616755794 1
0 0.035 -0.235 0.6994904925 1
0 0.035 -0.225 0.630044584 1
0 0.035 -0.215 0.5540587134 1
0 0.035 -0.205 0.472321626 2
0 0.035 -0.195 0.3856817657 2
0 0.035 -0.185 0.2950384678 2
0 0.035 -0.175 0.2013326241 2
0 0.035 -0.165 0.105536916 2
0 0.035 -0.155 0.008645718062 2
0 0.035 -0.145 -0.08833522377 2
0 0.035 -0.135 -0.184399232 2
0 0.035 -0.125 -0.2785491472 2
0 0.035 -0.115 -0.3698076783 2
0 0.035 -0.105 -0.4572275474 2
0 0.035 -0.095 -0.5399013225 2
0 0.035 -0.085 -0.6169708367 2
0 0.035 -0.075 -0.6876360964 2
0 0.035 -0.065 -0.7511635849 2
0 0.035 -0.055 -0.806893877 2
0 0.035 -0.045 -0.8542484835 2
0 0.035 -0.035 -0.892735856 2
0 0.035 -0.025 -0.9219564895 2
0 0.035 -0.015 -0.9416070694 2
0 0.035 -0.005 -0.9514836193 2
0 0.035 0.005 -0.9514836193 2
0 0.035 0.015 -0.9416070694 2
0 0.035 0.025 -0.9219564895 2
0 0.035 0.035 -0.892735856 2
0 0.035 0.045 -0.8542484835 2
0 0.035 0.055 -0.806893877 2
0 0.035 0.065 -0.7511635849 2
0 0.035 0.075 -0.6876360964 2
0 0.035 0.085 -0.6169708367 2
0 0.035 0.095 -0.5399013225 2
0 0.035 0.105 -0.4572275474 2
0 0.035 0.115 -0.3698076783 2
0 0.035 0.125 -0.2785491472 2
0 0.035 0.135 -0.184399232 2
0 0.035 0.145 -0.08833522377 2
0 0.035 0.155 0.008645718062 2
0 0.035 0.165 0.105536916 2
0 0.035 0.175 0.2013326241 2
0 0.035 0.185 0.2950384678 1
0 0.035 0.195 0.3856817657 1
0 0.035 0.205 0.472321626 1
0 0.035 0.215 0.5540587134 1
0 0.035 0.225 0.630044584 1
0 0.035 0.235 0.6994904925 1
0 0.035 0.245 0.7616755794 1
0 0.035 0.255 0.8159543536 1
0 0.035 0.265 0.8617633931 1
0 0.035 0.275 0.8986271926 2
0 0.035 0.285 0.9261631002 2
0 0.035 0.295 0.9440852888 2
0 0.035 0.305 0.9522077232 2
0 0.035 0.315 0.9504460914 2
0 0.035 0.325 0.9388186792 2
0 0.035 0.335 0.9174461812 2
0 0.035 0.345 0.8865504471 2
0 0.035 0.355 0.8464521796 2
0 0.035 0.365 0.797567605 1
0 0.035 0.375 0.740404153 1
0 0.035 0.385 0.675555189 1
0 0.035 0.395 0.6036938558 1
0 0.035 0.405 0 1
0 0.035 0.415 0 1
0 0.035 0.425 0 1
0 0.035 0.435 0 1
0 0.035 0.445 0 2
0 0.035 0.455 0 2
0 0.035 0.465 0 2
0 0.045 -0.455 0 1
0 0.045 -0.445 0 1
0 0.045 -0.435 0 2
0 0.045 -0.425 0 2
0 0.045 -0.415 0 2
0 0.045 -0.405 0 2
0 0.045 -0.395 0.5843857403 2
0 0.045 -0.385 0.6539487118 2
0 0.045 -0.375 0.7167235925 2
0 0.045 -0.365 0.7720587694 2
0 0.045 -0.355 0.8193798544 2
0 0.045 -0.345 0.8581956474 2
0 0.045 -0.335 0.8881032343 2
0 0.045 -0.325 0.9087921695 2
0 0.045 -0.315 0.9200476988 2
0 0.045 -0.305 0.9217529879 2
0 0.045 -0.295 0.9138903356 2
0 0.045 -0.285 0.8965413576 2
0 0.045 -0.275 0.8698861389 2
0 0.045 -0.265 0.8342013649 1
0 0.045 -0.255 0.7898574493 1
0 0.045 -0.245 0.7373146887 1
0 0.045 -0.235 0.6771184855 1
0 0.045 -0.225 0.6098936856 1
0 0.045 -0.215 0.5363380931 1
0 0.045 -0.205 0.4572152267 1
0 0.045 -0.195 0.3733463941 2
0 0.045 -0.185 0.285602167 2
0 0.045 -0.175 0.1948933444 2
0 0.045 -0.165 0.1021614982 2
0 0.045 -0.155 0.008369199558 2
0 0.045 -0.145 -0.08550997272 2
0 0.045 -0.135 -0.178501538 2
0 0.045 -0.125 -0.2696402292 2
0 0.045 -0.115 -0.3579800123 2
0 0.045 -0.105 -0.4426039064 2
0 0.045 -0.095 -0.5226335022 2
0 0.045 -0.085 -0.5972380798 2
0 0.045 -0.075 -0.665643232 2
0 0.045 -0.065 -0.7271389025 2
0 0.045 -0.055 -0.7810867565 2
0 0.045 -0.045 -0.8269268068 2
0 0.045 -0.035 -0.8641832266 2
0 0.045 -0.025 -0.8924692881 2
0 0.045 -0.015 -0.9114913778 2
0 0.045 -0.005 -0.9210520432 2
0 0.045 0.005 -0.9210520432 2
0 0.045 0.015 -0.9114913778 2
0 0.045 0.025 -0.8924692881 2
0 0.045 0.035 -0.8641832266 2
0 0.045 0.045 -0.8269268068 2
0 0.045 0.055 -0.7810867565 2
0 0.045 0.065 -0.7271389025 2
0 0.045 0.075 -0.665643232 2
0 0.045 0.085 -0.5972380798 2
0 0.045 0.095 -0.5226335022 2
0 0.045 0.105 -0.4426039064 2
0 0.045 0.115 -0.3579800123 2
0 0.045 0.125 -0.2696402292 2
0 0.045 0.135 -0.178501538 2
0 0.045 0.145 -0.08550997272 2
0 0.045 0.155 0.008369199558 2
0 0.045 0.165 0.1021614982 2
0 0.045 0.175 0.1948933444 2
0 0.045 0.185 0.285602167 1
0 0.045 0.195 0.3733463941 1
0 0.045 0.205 0.4572152267 1
0 0.045 0.215 0.5363380931 1
0 0.045 0.225 0.6098936856 1
0 0.045 0.235 0.6771184855 1
0 0.045 0.245 0.7373146887 1
0 0.045 0.255 0.7898574493 1
0 0.045 0.265 0.8342013649 1
0 0.045 0.275 0.8698861389 2
0 0.045 0.285 0.8965413576 2
0 0.045 0.295 0.9138903356 2
0 0.045 0.305 0.9217529879 2
0 0.045 0.315 0.9200476988 2
0 0.045 0.325 0.9087921695 2
0 0.045 0.335 0.8881032343 2
0 0.045 0.345 0.8581956474 2
0 0.045 0.355 0.8193798544 2
0 0.045 0.365 0.7720587694 1
0 0.045 0.375 0.7167235925 1
0 0.045 0.385 0.6539487118 1
0 0.045 0.395 0.5843857403 1
0 0.045 0.405 0 1
0 0.045 0.415 0 1
0 0.045 0.425 0 1
0 0.045 0.435 0 1
0 0.045 0.445 0 2
0 0.045 0.455 0 2
0 0.045 0.465 0 2
0 0.055 -0.455 0 1
0 0.055 -0.445 0 2
0 0.055 -0.435 0 2
0 0.055 -0.425 0 2
0 0.055 -0.415 0 2
0 0.055 -0.405 0 2
0 0.055 -0.395 0.5605336476 2
0 0.055 -0.385 0.6272573602 2
0 0.055 -0.375 0.6874700424 2
0 0.055 -0.365 0.7405466771 2
0 0.055 -0.355 0.7859363207 2
0 0.055 -0.345 0.8231678212 2
0 0.055 -0.335 0.85185471 2
0 0.055 -0.325 0.8716992127 2
0 0.055 -0.315 0.88249534 2
0 0.055 -0.305 0.8841310266 2
0 0.055 -0.295 0.8765892937 2
0 0.055 -0.285 0.8599484257 2
0 0.055 -0.275 0.8343811575 2
0 0.055 -0.265 0.8001528813 1
0 0.055 -0.255 0.7576188921 1
0 0.055 -0.245 0.7072206993 1
0 0.055 -0.235 0.6494814441 1
0 0.055 -0.225 0.5850004692 1
0 0.055 -0.215 0.5144470971 1
0 0.055 -0.205 0.4385536831 1
0 0.055 -0.195 0.3581080126 1
0 0.055 -0.185 0.2739451246 2
0 0.055 -0.175 0.186938643 2
0 0.055 -0.165 0.09799170873 2
0 0.055 -0.155 0.008027605111 2
0 0.055 -0.145 -0.08201982631 2
0 0.055 -0.135 -0.171215879 2
0 0.055 -0.125 -0.2586346839 2
0 0.055 -0.115 -0.34336882 2
0 0.055 -0.105 -0.4245387335 2
0 0.055 -0.095 -0.5013018681 2
0 0.055 -0.085 -0.5728614103 2
0 0.055 -0.075 -0.6384745607 2
0 0.055 -0.065 -0.6974602445 2
0 0.055 -0.055 -0.749206181 2
0 0.055 -0.045 -0.7931752392 2
0 0.055 -0.035 -0.8289110134 2
0 0.055 -0.025 -0.8560425605 2
0 0.055 -0.015 -0.8742882509 2
0 0.055 -0.005 -0.8834586914 2
0 0.055 0.005 -0.8834586914 2
0 0.055 0.015 -0.8742882509 2
0 0.055 0.025 -0.8560425605 2
0 0.055 0.035 -0.8289110134 2
0 0.055 0.045 -0.7931752392 2
0 0.055 0.055 -0.749206181 2
0 0.055 0.065 -0.6974602445 2
0 0.055 0.075 -0.6384745607 2
0 0.055 0.085 -0.5728614103 2
0 0.055 0.095 -0.5013018681 2
0 0.055 0.105 -0.4245387335 2
0 0.055 0.115 -0.34336882 2
0 0.055 0.125 -0.2586346839 2
0 0.055 0.135 -0.171215879 2
0 0.055 0.145 -0.08201982631 2
0 0.055 0.155 0.008027605111 2
0 0.055 0.165 0.09799170873 2
0 0.055 0.175 0.186938643 2
0 0.055 0.185 0.2739451246 1
0 0.055 0.195 0.3581080126 1
0 0.055 0.205 0.4385536831 1
0 0.055 0.215 0.5144470971 1
0 0.055 0.225 0.5850004692 1
0 0.055 0.235 0.6494814441 1
0 0.055 0.245 0.7072206993 1
0 0.055 0.255 0.7576188921 1
0 0.055 0.265 0.8001528813 1
0 0.055 0.275 0.8343811575 2
0 0.055 0.285 0.8599484257 2
0 0.055 0.295 0.8765892937 2
0 0.055 0.305 0.8841310266 2
0 0.055 0.315 0.88249534 2
0 0.055 0.325 0.8716992127 2
0 0.055 0.335 0.85185471 2
0 0.055 0.345 0.8231678212 2
0 0.055 0.355 0.7859363207 2
0 0.055 0.365 0.7405466771 2
0 0.055 0.375 0.6874700424 1
0 0.055 0.385 0.6272573602 1
0 0.055 0.395 0.5605336476 1
0 0.055 0.405 0 1
0 0.055 0.415 0 1
0 0.055 0.425 0 1
0 0.055 0.435 0 2
0 0.055 0.445 0 2
0 0.055 0.455 0 2
0 0.055 0.465 0 2
0 0.065 -0.455 0 2
0 0.065 -0.445 0 2
0 0.065 -0.435 0 2
0 0.065 -0.425 0 2
0 0.065 -0.415 0 2
0 0.065 -0.405 0 2
0 0.065 -0.395 0.5323230431 2
0 0.065 -0.385 0.5956886766 2
0 0.065 -0.375 0.6528709678 2
0 0.065 -0.365 0.7032763553 2
0 0.065 -0.355 0.7463816234 2
0 0.065 -0.345 0.7817393326 2
0 0.065 -0.335 0.8089824642 2
0 0.065 -0.325 0.8278282303 2
0 0.065 -0.315 0.8380810089 2
0 0.065 -0.305 0.8396343744 2
0 0.065 -0.295 0.8324722028 2
0 0.065 -0.285 0.8166688384 2
0 0.065 -0.275 0.7923883227 2
0 0.065 -0.265 0.7598826913 1
0 0.065 -0.255 0.7194893578 1
0 0.065 -0.245 0.6716276113 1
0 0.065 -0.235 0.6167942643 1
0 0.065 -0.225 0.5555584955 1
0 0.065 -0.215 0.488555942 1
0 0.065 -0.205 0.4164821008 1
0 0.065 -0.195 0.3400851097 1
0 0.065 -0.185 0.2601579816 2
0 0.065 -0.175 0.1775303726 2
0 0.065 -0.165 0.09305997028 2
0 0.065 -0.155 0.00762359084 2
0 0.065 -0.145 -0.07789192267 2
0 0.065 -0.135 -0.1625989057 2
0 0.065 -0.125 -0.2456180865 2
0 0.065 -0.115 -0.3260877129 2
0 0.065 -0.105 -0.4031724973 2
0 0.065 -0.095 -0.4760722877 2
0 0.065 -0.085 -0.5440303727 2
0 0.065 -0.075 -0.6063413366 2
0 0.065 -0.065 -0.6623583818 2
0 0.065 -0.055 -0.7115000426 2
0 0.065 -0.045 -0.7532562208 2
0 0.065 -0.035 -0.7871934806 2
0 0.065 -0.025 -0.812959548 2
0 0.065 -0.015 -0.8302869672 2
0 0.065 -0.005 -0.8389958766 2
0 0.065 0.005 -0.8389958766 2
0 0.065 0.015 -0.8302869672 2
0 0.065 0.025 -0.812959548 2
0 0.065 0.035 -0.7871934806 2
0 0.065 0.045 -0.7532562208 2
0 0.065 0.055 -0.7115000426 2
0 0.065 0.065 -0.6623583818 2
0 0.065 0.075 -0.6063413366 2
0 0.065 0.085 -0.5440303727 2
0 0.065 0.095 -0.4760722877 2
0 0.065 0.105 -0.4031724973 2
0 0.065 0.115 -0.3260877129 2
0 0.065 0.125 -0.2456180865 2
0 0.065 0.135 -0.1625989057 2
0 0.065 0.145 -0.07789192267 2
0 0.065 0.155 0.00762359084 2
0 0.065 0.165 0.09305997028 2
0 0.065 0.175 0.1775303726 2
0 0.065 0.185 0.2601579816 2
0 0.065 0.195 0.3400851097 1
0 0.065 0.205 0.4164821008 1
0 0.065 0.215 0.488555942 1
0 0.065 0.225 0.5555584955 1
0 0.065 0.235 0.6167942643 1
0 0.065 0.245 0.6716276113 1
0 0.065 0.255 0.7194893578 1
0 0.065 0.265 0.7598826913 1
0 0.065 0.275 0.7923883227 1
0 0.065 0.285 0.8166688384 2
0 0.065 0.295 0.8324722028 2
0 0.065 0.305 0.8396343744 2
0 0.065 0.315 0.8380810089 2
0 0.065 0.325 0.8278282303 2
0 0.065 0.335 0.8089824642 2
0 0.065 0.345 0.7817393326 2
0 0.065 0.355 0.7463816234 2
0 0.065 0.365 0.7032763553 2
0 0.065 0.375 0.6528709678 2
0 0.065 0.385 0.5956886766 1
0 0.065 0.395 0.5323230431 1
0 0.065 0.405 0 1
0 0.065 0.415 0 1
0 0.065 0.425 0 1
0 0.065 0.435 0 2
0 0.065 0.445 0 2
0 0.065 0.455 0 2
0 0.065 0.465 0 2
0 0.075 -0.455 0 2
0 0.075 -0.445 0 2
0 0.075 -0.435 0 2
0 0.075 -0.425 0 2
0 0.075 -0.415 0 2
0 0.075 -0.405 0 2
0 0.075 -0.395 0.4999732825 2
0 0.075 -0.385 0.5594881282 2
0 0.075 -0.375 0.6131953989 2
0 0.075 -0.365 0.6605376047 1
0 0.075 -0.355 0.7010233261 1
0 0.075 -0.345 0.7342323148 1
0 0.075 -0.335 0.7598198562 1
0 0.075 -0.325 0.7775203478 2
0 0.075 -0.315 0.7871500556 2
0 0.075 -0.305 0.7886090217 2
0 0.075 -0.295 0.7818821018 2
0 0.075 -0.285 0.7670391224 2
0 0.075 -0.275 0.744234156 2
0 0.075 -0.265 0.7137039217 1
0 0.075 -0.255 0.6757653282 1
0 0.075 -0.245 0.630812184 1
0 0.075 -0.235 0.5793111099 1
0 0.075 -0.225 0.5217966951 1
0 0.075 -0.215 0.4588659483 1
0 0.075 -0.205 0.3911721007 1
0 0.075 -0.195 0.319417825 1
0 0.075 -0.185 0.2443479419 1
0 0.075 -0.175 0.1667416886 2
0 0.075 -0.165 0.08740463034 2
0 0.075 -0.155 0.007160298217 2
0 0.075 -0.145 -0.07315835893 2
0 0.075 -0.135 -0.1527176208 2
0 0.075 -0.125 -0.2306916496 2
0 0.075 -0.115 -0.3062710628 2
0 0.075 -0.105 -0.3786713341 2
0 0.075 -0.095 -0.4471409372 2
0 0.075 -0.085 -0.5109691468 2
0 0.075 -0.075 -0.5694934162 2
0 0.075 -0.065 -0.6221062541 2
0 0.075 -0.055 -0.668261531 2
0 0.075 -0.045 -0.7074801479 2
0 0.075 -0.035 -0.7393550092 2
0 0.075 -0.025 -0.763555249 2
0 0.075 -0.015 -0.7798296649 2
0 0.075 -0.005 -0.788009326 2
0 0.075 0.005 -0.788009326 2
0 0.075 0.015 -0.7798296649 2
0 0.075 0.025 -0.763555249 2
0 0.075 0.035 -0.7393550092 2
0 0.075 0.045 -0.7074801479 2
0 0.075 0.055 -0.668261531 2
0 0.075 0.065 -0.6221062541 2
0 0.075 0.075 -0.5694934162 2
0 0.075 0.085 -0.5109691468 2
0 0.075 0.095 -0.4471409372 2
0 0.075 0.105 -0.3786713341 2
0 0.075 0.115 -0.3062710628 2
0 0.075 0.125 -0.2306916496 2
0 0.075 0.135 -0.1527176208 2
0 0.075 0.145 -0.07315835893 2
0 0.075 0.155 0.007160298217 2
0 0.075 0.165 0.08740463034 2
0 0.075 0.175 0.1667416886 2
0 0.075 0.185 0.2443479419 2
0 0.075 0.195 0.319417825 2
0 0.075 0.205 0.3911721007 1
0 0.075 0.215 0.4588659483 1
0 0.075 0.225 0.5217966951 1
0 0.075 0.235 0.5793111099 1
0 0.075 0.245 0.630812184 1
0 0.075 0.255 0.6757653282 1
0 0.075 0.265 0.7137039217 1
0 0.075 0.275 0.744234156 2
0 0.075 0.285 0.7670391224 2
0 0.075 0.295 0.7818821018 2
0 0.075 0.305 0.7886090217 2
0 0.075 0.315 0.7871500556 2
0 0.075 0.325 0.7775203478 2
0 0.075 0.335 0.7598198562 2
0 0.075 0.345 0.7342323148 2
0 0.075 0.355 0.7010233261 2
0 0.075 0.365 0.6605376047 2
0 0.075 0.375 0.6131953989 2
0 0.075 0.385 0.5594881282 2
0 0.075 0.395 0.4999732825 1
0 0.075 0.405 0 1
0 0.075 0.415 0 1
0 0.075 0.425 0 2
0 0.075 0.435 0 2
0 0.075 0.445 0 2
0 0.075 0.455 0 2
0 0.075 0.465 0 2
0 0.085 -0.455 0 1
0 0.085 -0.445 0 1
0 0.085 -0.435 0 1
0 0.085 -0.425 0 1
0 0.085 -0.415 0 1
0 0.085 -0.405 0 1
0 0.085 -0.395 0.463735906 1
0 0.085 -0.385 0.5189371975 2
0 0.085 -0.375 0.5687518391 1
0 0.085 -0.365 0.6126627469 1
0 0.085 -0.355 0.6502141188 1
0 0.085 -0.345 0.6810161656 1
0 0.085 -0.335 0.7047491572 1
0 0.085 -0.325 0.7211667415 1
0 0.085 -0.315 0.7300985013 2
0 0.085 -0.305 0.7314517235 2
0 0.085 -0.295 0.7252123615 2
0 0.085 -0.285 0.7114451809 2
0 0.085 -0.275 0.6902930871 2
0 0.085 -0.265 0.6619756422 2
0 0.085 -0.255 0.6267867858 1
0 0.085 -0.245 0.5850917837 1
0 0.085 -0.235 0.5373234367 1
0 0.085 -0.225 0.4839775877 1
0 0.085 -0.215 0.425607975 1
0 0.085 -0.205 0.3628204844 1
0 0.085 -0.195 0.29626686 1
0 0.085 -0.185 0.2266379388 1
0 0.085 -0.175 0.1546564802 2
0 0.085 -0.165 0.08106966285 2
0 0.085 -0.155 0.006641329642 2
0 0.085 -0.145 -0.06785594161 2
0 0.085 -0.135 -0.1416488575 2
0 0.085 -0.125 -0.2139714359 2
0 0.085 -0.115 -0.2840729571 2
0 0.085 -0.105 -0.3512257561 2
0 0.085 -0.095 -0.4147327765 2
0 0.085 -0.085 -0.4739348052 2
0 0.085 -0.075 -0.528217316 2
0 0.085 -0.065 -0.5770168477 2
0 0.085 -0.055 -0.6198268536 2
0 0.085 -0.045 -0.656202959 2
0 0.085 -0.035 -0.6857675742 2
0 0.085 -0.025 -0.7082138139 2
0 0.085 -0.015 -0.7233086825 2
0 0.085 -0.005 -0.7308954929 2
0 0.085 0.005 -0.7308954929 2
0 0.085 0.015 -0.7233086825 2
0 0.085 0.025 -0.7082138139 2
0 0.085 0.035 -0.6857675742 2
0 0.085 0.045 -0.656202959 2
0 0.085 0.055 -0.6198268536 2
0 0.085 0.065 -0.5770168477 2
0 0.085 0.075 -0.528217316 2
0 0.085 0.085 -0.4739348052 2
0 0.085 0.095 -0.4147327765 2
0 0.085 0.105 -0.3512257561 2
0 0.085 0.115 -0.2840729571 2
0 0.085 0.125 -0.2139714359 2
0 0.085 0.135 -0.1416488575 2
0 0.085 0.145 -0.06785594161 2
0 0.085 0.155 0.006641329642 2
0 0.085 0.165 0.08106966285 2
0 0.085 0.175 0.1546564802 2
0 0.085 0.185 0.2266379388 2
0 0.085 0.195 0.29626686 2
0 0.085 0.205 0.3628204844 2
0 0.085 0.215 0.425607975 2
0 0.085 0.225 0.4839775877 1
0 0.085 0.235 0.5373234367 1
0 0.085 0.245 0.5850917837 1
0 0.085 0.255 0.6267867858 1
0 0.085 0.265 0.6619756422 1
0 0.085 0.275 0.6902930871 2
0 0.085 0.285 0.7114451809 2
0 0.085 0.295 0.7252123615 2
0 0.085 0.305 0.7314517235 2
0 0.085 0.315 0.7300985013 2
0 0.085 0.325 0.7211667415 2
0 0.085 0.335 0.7047491572 2
0 0.085 0.345 0.6810161656 2
0 0.085 0.355 0.6502141188 2
0 0.085 0.365 0.6126627469 2
0 0.085 0.375 0.5687518391 2
0 0.085 0.385 0.5189371975 2
0 0.085 0.395 0.463735906 2
0 0.085 0.405 0 2
0 0.085 0.415 0 2
0 0.085 0.425 0 2
0 0.085 0.435 0 2
0 0.085 0.445 0 2
0 0.085 0.455 0 2
0 0.085 0.465 0 2
0 0.095 -0.455 0 1
0 0.095 -0.445 0 1
0 0.095 -0.435 0 1
0 0.095 -0.425 0 1
0 0.095 -0.415 0 1
0 0.095 -0.405 0 1
0 0.095 -0.395 0.4238926828 1
0 0.095 -0.385 0.4743511943 1
0 0.095 -0.375 0.5198858656 1
0 0.095 -0.365 0.5600240397 1
0 0.095 -0.355 0.5943490759 1
0 0.095 -0.345 0.622504675 1
0 0.095 -0.335 0.6441985774 1
0 0.095 -0.325 0.6592055971 1
0 0.095 -0.315 0.6673699586 2
0 0.095 -0.305 0.6686069148 2
0 0.095 -0.295 0.6629036258 2
0 0.095 -0.285 0.6503192927 2
0 0.095 -0.275 0.6309845428 2
0 0.095 -0.265 0.6051000738 2
0 0.095 -0.255 0.5729345706 1
0 0.095 -0.245 0.5348219163 1
0 0.095 -0.235 0.4911577261 1
0 0.095 -0.225 0.4423952413 1
0 0.095 -0.215 0.3890406242 1
0 0.095 -0.205 0.331647704 1
0 0.095 -0.195 0.2708122284 1
0 0.095 -0.185 0.2071656792 1
0 0.095 -0.175 0.1413687175 2
0 0.095 -0.165 0.07410432626 2
0 0.095 -0.155 0.006070720431 2
0 0.095 -0.145 -0.06202590043 2
0 0.095 -0.135 -0.1294786827 2
0 0.095 -0.125 -0.1955874558 2
0 0.095 -0.115 -0.2596660002 2
0 0.095 -0.105 -0.3210491707 2
0 0.095 -0.095 -0.3790998001 2
0 0.095 -0.085 -0.4332153139 2
0 0.095 -0.075 -0.4828339843 2
0 0.095 -0.065 -0.5274407619 2
0 0.095 -0.055 -0.5665726212 2
0 0.095 -0.045 -0.5998233674 2
0 0.095 -0.035 -0.6268478525 2
0 0.095 -0.025 -0.647365558 2
0 0.095 -0.015 -0.6611635069 2
0 0.095 -0.005 -0.6680984744 2
0 0.095 0.005 -0.6680984744 2
0 0.095 0.015 -0.6611635069 2
0 0.095 0.025 -0.647365558 2
0 0.095 0.035 -0.6268478525 2
0 0.095 0.045 -0.5998233674 2
0 0.095 0.055 -0.5665726212 2
0 0.095 0.065 -0.5274407619 2
0 0.095 0.075 -0.4828339843 2
0 0.095 0.085 -0.4332153139 2
0 0.095 0.095 -0.3790998001 2
0 0.095 0.105 -0.3210491707 2
0 0.095 0.115 -0.2596660002 2
0 0.095 0.125 -0.1955874558 2
0 0.095 0.135 -0.1294786827 2
0 0.095 0.145 -0.06202590043 2
0 0.095 0.155 0.006070720431 2
0 0.095 0.165 0.07410432626 2
0 0.095 0.175 0.1413687175 2
0 0.095 0.185 0.2071656792 2
0 0.095 0.195 0.2708122284 2
0 0.095 0.205 0.331647704 2
0 0.095 0.215 0.3890406242 2
0 0.095 0.225 0.4423952413 2
0 0.095 0.235 0.4911577261 2
0 0.095 0.245 0.5348219163 2
0 0.095 0.255 0.5729345706 2
0 0.095 0.265 0.6051000738 2
0 0.095 0.275 0.6309845428 2
0 0.095 0.285 0.6503192927 2
0 0.095 0.295 0.6629036258 2
0 0.095 0.305 0.6686069148 2
0 0.095 0.315 0.6673699586 2
0 0.095 0.325 0.6592055971 2
0 0.095 0.335 0.6441985774 2
0 0.095 0.345 0.622504675 2
0 0.095 0.355 0.5943490759 2
0 0.095 0.365 0.5600240397 2
0 0.095 0.375 0.5198858656 2
0 0.095 0.385 0.4743511943 2
0 0.095 0.395 0.4238926828 2
0 0.095 0.405 0 2
0 0.095 0.415 0 2
0 0.095 0.425 0 2
0 0.095 0.435 0 2
0 0.095 0.445 0 2
0 0.095 0.455 0 2
0 0.095 0.465 0 2
0 0.105 -0.455 0 1
0 0.105 -0.445 0 1
0 0.105 -0.435 0 1
0 0.105 -0.425 0 1
0 0.105 -0.415 0 1
0 0.105 -0.405 0 1
0 0.105 -0.395 0.3807534197 1
0 0.105 -0.385 0.4260768036 1
0 0.105 -0.375 0.4669774432 1
0 0.105 -0.365 0.5030307832 1
0 0.105 -0.355 0.5338625844 1
0 0.105 -0.345 0.5591528078 1
0 0.105 -0.335 0.5786389369 1
0 0.105 -0.325 0.5921187025 1
0 0.105 -0.315 0.5994521827 1
0 0.105 -0.305 0.6005632548 2
0 0.105 -0.295 0.5954403855 2
0 0.105 -0.285 0.5841367512 2
0 0.105 -0.275 0.5667696853 2
0 0.105 -0.265 0.5435194607 2
0 0.105 -0.255 0.5146274184 2
0 0.105 -0.245 0.4803934623 1
0 0.105 -0.235 0.4411729464 1
0 0.105 -0.225 0.3973729857 1
0 0.105 -0.215 0.3494482308 1
0 0.105 -0.205 0.2978961482 1
0 0.105 -0.195 0.2432518565 1
0 0.105 -0.185 0.1860825723 1
0 0.105 -0.175 0.1269817216 2
0 0.105 -0.165 0.06656278059 2
0 0.105 -0.155 0.005452907441 2
0 0.105 -0.145 -0.05571356775 2
0 0.105 -0.135 -0.1163017273 2
0 0.105 -0.125 -0.1756826566 2
0 0.105 -0.115 -0.2332399722 2
0 0.105 -0.105 -0.2883762202 2
0 0.105 -0.095 -0.3405190775 2
0 0.105 -0.085 -0.3891272931 2
0 0.105 -0.075 -0.433696306 2
0 0.105 -0.065 -0.4737634829 2
0 0.105 -0.055 -0.5089129202 2
0 0.105 -0.045 -0.5387797611 2
0 0.105 -0.035 -0.5630539831 2
0 0.105 -0.025 -0.581483616 2
0 0.105 -0.015 -0.5938773573 2
0 0.105 -0.005 -0.600106558 2
0 0.105 0.005 -0.600106558 2
0 0.105 0.015 -0.5938773573 2
0 0.105 0.025 -0.581483616 2
0 0.105 0.035 -0.5630539831 2
0 0.105 0.045 -0.5387797611 2
0 0.105 0.055 -0.5089129202 2
0 0.105 0.065 -0.4737634829 2
0 0.105 0.075 -0.433696306 2
0 0.105 0.085 -0.3891272931 2
0 0.105 0.095 -0.3405190775 2
0 0.105 0.105 -0.2883762202 2
0 0.105 0.115 -0.2332399722 2
0 0.105 0.125 -0.1756826566 2
0 0.105 0.135 -0.1163017273 2
0 0.105 0.145 -0.05571356775 2
0 0.105 0.155 0.005452907441 2
0 0.105 0.165 0.06656278059 2
0 0.105 0.175 0.1269817216 2
0 0.105 0.185 0.1860825723 2
0 0.105 0.195 0.2432518565 2
0 0.105 0.205 0.2978961482 2
0 0.105 0.215 0.3494482308 2
0 0.105 0.225 0.3973729857 2
0 0.105 0.235 0.4411729464 2
0 0.105 0.245 0.4803934623 2
0 0.105 0.255 0.5146274184 2
0 0.105 0.265 0.5435194607 2
0 0.105 0.275 0.5667696853 2
0 0.105 0.285 0.5841367512 2
0 0.105 0.295 0.5954403855 2
0 0.105 0.305 0.6005632548 2
0 0.105 0.315 0.5994521827 2
0 0.105 0.325 0.5921187025 2
0 0.105 0.335 0.5786389369 2
0 0.105 0.345 0.5591528078 2
0 0.105 0.355 0.5338625844 2
0 0.105 0.365 0.5030307832 2
0 0.105 0.375 0.4669774432 2
0 0.105 0.385 0.4260768036 2
0 0.105 0.395 0.3807534197 2
0 0.105 0.405 0 2
0 0.105 0.415 0 2
0 0.105 0.425 0 2
0 0.105 0.435 0 2
0 0.105 0.445 0 2
0 0.105 0.455 0 2
0 0.105 0.465 0 2
0 0.115 -0.455 0 1
0 0.115 -0.445 0 1
0 0.115 -0.435 0 1
0 0.115 -0.425 0 1
0 0.115 -0.415 0 1
0 0.115 -0.405 0 1
0 0.115 -0.395 0.3346535524 1
0 0.115 -0.385 0.3744893901 1
0 0.115 -0.375 0.4104379689 1
0 0.115 -0.365 0.4421261369 1
0 0.115 -0.355 0.4692249658 1
0 0.115 -0.345 0.4914531656 1
0 0.115 -0.335 0.5085800041 1
0 0.115 -0.325 0.520427702 1
0 0.115 -0.315 0.5268732782 1
0 0.115 -0.305 0.5278498268 2
0 0.115 -0.295 0.5233472109 2
0 0.115 -0.285 0.5134121685 2
0 0.115 -0.275 0.4981478268 2
0 0.115 -0.265 0.4777126321 2
0 0.115 -0.255 0.452318705 2
0 0.115 -0.245 0.4222296384 2
0 0.115 -0.235 0.3877577615 1
0 0.115 -0.225 0.349260898 1
0 0.115 -0.215 0.3071386513 1
0 0.115 -0.205 0.261828257 1
0 0.115 -0.195 0.2138000441 1
0 0.115 -0.185 0.163552553 1
0 0.115 -0.175 0.1116073606 2
0 0.115 -0.165 0.05850366622 2
0 0.115 -0.155 0.004792694567 2
0 0.115 -0.145 -0.04896802602 2
0 0.115 -0.135 -0.1022204508 2
0 0.115 -0.125 -0.1544118111 2
0 0.115 -0.115 -0.2050003525 2
0 0.115 -0.105 -0.253460958 2
0 0.115 -0.095 -0.2992905987 2
0 0.115 -0.085 -0.3420135558 2
0 0.115 -0.075 -0.3811863583 2
0 0.115 -0.065 -0.4164023863 2
0 0.115 -0.055 -0.4472960918 2
0 0.115 -0.045 -0.4735467934 2
0 0.115 -0.035 -0.4948820047 2
0 0.115 -0.025 -0.5110802627 2
0 0.115 -0.015 -0.5219734269 2
0 0.115 -0.005 -0.5274484247 2
0 0.115 0.005 -0.5274484247 2
0 0.115 0.015 -0.5219734269 2
0 0.115 0.025 -0.5110802627 2
0 0.115 0.035 -0.4948820047 2
0 0.115 0.045 -0.4735467934 2
0 0.115 0.055 -0.4472960918 2
0 0.115 0.065 -0.4164023863 2
0 0.115 0.075 -0.3811863583 2
0 0.115 0.085 -0.3420135558 2
0 0.115 0.095 -0.2992905987 2
0 0.115 0.105 -0.253460958 2
0 0.115 0.115 -0.2050003525 2
0 0.115 0.125 -0.1544118111 2
0 0.115 0.135 -0.1022204508 2
0 0.115 0.145 -0.04896802602 2
0 0.115 0.155 0.004792694567 2
0 0.115 0.165 0.05850366622 2
0 0.115 0.175 0.1116073606 2
0 0.115 0.185 0.163552553 2
0 0.115 0.195 0.2138000441 2
0 0.115 0.205 0.261828257 2
0 0.115 0.215 0.3071386513 2
0 0.115 0.225 0.349260898 2
0 0.115 0.235 0.3877577615 2
0 0.115 0.245 0.4222296384 2
0 0.115 0.255 0.452318705 2
0 0.115 0.265 0.4777126321 2
0 0.115 0.275 0.4981478268 2
0 0.115 0.285 0.5134121685 2
0 0.115 0.295 0.5233472109 2
0 0.115 0.305 0.5278498268 2
0 0.115 0.315 0.5268732782 2
0 0.115 0.325 0.520427702 2
0 0.115 0.335 0.5085800041 2
0 0.115 0.345 0.4914531656 2
0 0.115 0.355 0.4692249658 2
0 0.115 0.365 0.4421261369 2
0 0.115 0.375 0.4104379689 2
0 0.115 0.385 0.3744893901 2
0 0.115 0.395 0.3346535524 2
0 0.115 0.405 0 2
0 0.115 0.415 0 2
0 0.115 0.425 0 2
0 0.115 0.435 0 2
0 0.115 0.445 0 2
0 0.115 0.455 0 2
0 0.115 0.465 0 2
0 0.125 -0.455 0 1
0 0.125 -0.445 0 1
0 0.125 -0.435 0 1
0 0.125 -0.425 0 1
0 0.125 -0.415 0 1
0 0.125 -0.405 0 1
0 0.125 -0.395 0.2859515371 1
0 0.125 -0.385 0.3199900792 1
0 0.125 -0.375 0.3507070738 1
0 0.125 -0.365 0.3777836737 1
0 0.125 -0.355 0.4009388195 1
0 0.125 -0.345 0.4199321571 1
0 0.125 -0.335 0.4345665327 1
0 0.125 -0.325 0.4446900392 1
0 0.125 -0.315 0.450197593 1
0 0.125 -0.305 0.4510320248 2
0 0.125 -0.295 0.4471846731 2
0 0.125 -0.285 0.4386954739 2
0 0.125 -0.275 0.4256525465 2
0 0.125 -0.265 0.4081912786 2
0 0.125 -0.255 0.3864929209 2
0 0.125 -0.245 0.3607827057 2
0 0.125 -0.235 0.3313275092 2
0 0.125 -0.225 0.2984330808 2
0 0.125 -0.215 0.2624408701 1
0 0.125 -0.205 0.2237244817 1
0 0.125 -0.195 0.1826857979 1
0 0.125 -0.185 0.1397508067 2
0 0.125 -0.175 0.09536518017 2
0 0.125 -0.165 0.049989648 2
0 0.125 -0.155 0.004095215391 2
0 0.125 -0.145 -0.0418417262 2
0 0.125 -0.135 -0.08734434407 2
0 0.125 -0.125 -0.1319403139 2
0 0.125 -0.115 -0.1751667224 2
0 0.125 -0.105 -0.2165748728 2
0 0.125 -0.095 -0.2557349418 2
0 0.125 -0.085 -0.2922404418 2
0 0.125 -0.075 -0.3257124399 2
0 0.125 -0.065 -0.3558034916 2
0 0.125 -0.055 -0.3822012469 2
0 0.125 -0.045 -0.404631693 2
0 0.125 -0.035 -0.4228619984 2
0 0.125 -0.025 -0.4367029295 2
0 0.125 -0.015 -0.4460108154 2
0 0.125 -0.005 -0.4506890387 2
0 0.125 0.005 -0.4506890387 2
0 0.125 0.015 -0.4460108154 2
0 0.125 0.025 -0.4367029295 2
0 0.125 0.035 -0.4228619984 2
0 0.125 0.045 -0.404631693 2
0 0.125 0.055 -0.3822012469 2
0 0.125 0.065 -0.3558034916 2
0 0.125 0.075 -0.3257124399 2
0 0.125 0.085 -0.2922404418 2
0 0.125 0.095 -0.2557349418 2
0 0.125 0.105 -0.2165748728 2
0 0.125 0.115 -0.1751667224 2
0 0.125 0.125 -0.1319403139 2
0 0.125 0.135 -0.08734434407 2
0 0.125 0.145 -0.0418417262 2
0 0.125 0.155 0.004095215391 2
0 0.125 0.165 0.049989648 2
0 0.125 0.175 0.09536518017 2
0 0.125 0.185 0.1397508067 2
0 0.125 0.195 0.1826857979 2
0 0.125 0.205 0.2237244817 2
0 0.125 0.215 0.2624408701 2
0 0.125 0.225 0.2984330808 2
0 0.125 0.235 0.3313275092 2
0 0.125 0.245 0.3607827057 2
0 0.125 0.255 0.3864929209 2
0 0.125 0.265 0.4081912786 2
0 0.125 0.275 0.4256525465 2
0 0.125 0.285 0.4386954739 2
0 0.125 0.295 0.4471846731 2
0 0.125 0.305 0.4510320248 2
0 0.125 0.315 0.450197593 2
0 0.125 0.325 0.4446900392 2
0 0.125 0.335 0.4345665327 2
0 0.125 0.345 0.4199321571 2
0 0.125 0.355 0.4009388195 1
0 0.125 0.365 0.3777836737 1
0 0.125 0.375 0.3507070738 1
0 0.125 0.385 0.3199900792 1
0 0.125 0.395 0.2859515371 1
0 0.125 0.405 0 2
0 0.125 0.415 0 2
0 0.125 0.425 0 2
0 0.125 0.435 0 2
0 0.125 0.445 0 2
0 0.125 0.455 0 2
0 0.125 0.465 0 2
0 0.135 -0.455 0 1
0 0.135 -0.445 0 1
0 0.135 -0.435 0 1
0 0.135 -0.425 0 1
0 0.135 -0.415 0 1
0 0.135 -0.405 0 1
0 0.135 -0.395 0.2350260636 1
0 0.135 -0.385 0.2630026384 1
0 0.135 -0.375 0.2882492043 1
0 0.135 -0.365 0.310503698 1
0 0.135 -0.355 0.3295351144 1
0 0.135 -0.345 0.3451459044 1
0 0.135 -0.335 0.3571740254 1
0 0.135 -0.325 0.3654946237 1
0 0.135 -0.315 0.3700213302 1
0 0.135 -0.305 0.370707157 2
0 0.135 -0.295 0.367544985 2
0 0.135 -0.285 0.3605676381 2
0 0.135 -0.275 0.3498475423 2
0 0.135 -0.265 0.3354959739 2
0 0.135 -0.255 0.3176619043 2
0 0.135 -0.245 0.2965304541 2
0 0.135 -0.235 0.272320971 2
0 0.135 -0.225 0.2452847533 2
0 0.135 -0.215 0.2157024412 2
0 0.135 -0.205 0.1838811038 2
0 0.135 -0.195 0.1501510515 2
0 0.135 -0.185 0.1148624076 2
0 0.135 -0.175 0.07838147376 2
0 0.135 -0.165 0.04108692791 2
0 0.135 -0.155 0.003365893265 2
0 0.135 -0.145 -0.03439007988 2
0 0.135 -0.135 -0.07178907857 1
0 0.135 -0.125 -0.1084428953 2
0 0.135 -0.115 -0.1439710577 2
0 0.135 -0.105 -0.1780047778 1
0 0.135 -0.095 -0.2101907803 1
0 0.135 -0.085 -0.2401949693 1
0 0.135 -0.075 -0.2677058966 2
0 0.135 -0.065 -0.2924379946 2
0 0.135 -0.055 -0.31413454 2
0 0.135 -0.045 -0.3325703194 2
0 0.135 -0.035 -0.3475539665 2
0 0.135 -0.025 -0.3589299485 2
0 0.135 -0.015 -0.3665801811 2
0 0.135 -0.005 -0.3704252537 2
0 0.135 0.005 -0.3704252537 2
0 0.135 0.015 -0.3665801811 2
0 0.135 0.025 -0.3589299485 2
0 0.135 0.035 -0.3475539665 2
0 0.135 0.045 -0.3325703194 2
0 0.135 0.055 -0.31413454 2
0 0.135 0.065 -0.2924379946 2
0 0.135 0.075 -0.2677058966 2
0 0.135 0.085 -0.2401949693 2
0 0.135 0.095 -0.2101907803 2
0 0.135 0.105 -0.1780047778 2
0 0.135 0.115 -0.1439710577 2
0 0.135 0.125 -0.1084428953 2
0 0.135 0.135 -0.07178907857 2
0 0.135 0.145 -0.03439007988 2
0 0.135 0.155 0.003365893265 2
0 0.135 0.165 0.04108692791 2
0 0.135 0.175 0.07838147376 2
0 0.135 0.185 0.1148624076 2
0 0.135 0.195 0.1501510515 2
0 0.135 0.205 0.1838811038 2
0 0.135 0.215 0.2157024412 2
0 0.135 0.225 0.2452847533 2
0 0.135 0.235 0.272320971 2
0 0.135 0.245 0.2965304541 2
0 0.135 0.255 0.3176619043 2
0 0.135 0.265 0.3354959739 2
0 0.135 0.275 0.3498475423 2
0 0.135 0.285 0.3605676381 2
0 0.135 0.295 0.367544985 2
0 0.135 0.305 0.370707157 2
0 0.135 0.315 0.3700213302 2
0 0.135 0.325 0.3654946237 2
0 0.135 0.335 0.3571740254 2
0 0.135 0.345 0.3451459044 2
0 0.135 0.355 0.3295351144 1
0 0.135 0.365 0.310503698 1
0 0.135 0.375 0.2882492043 1
0 0.135 0.385 0.2630026384 1
0 0.135 0.395 0.2350260636 1
0 0.135 0.405 0 2
0 0.135 0.415 0 2
0 0.135 0.425 0 2
0 0.135 0.435 0 2
0 0.135 0.445 0 2
0 0.135 0.455 0 2
0 0.135 0.465 0 2
0 0.145 -0.455 0 2
0 0.145 -0.445 0 2
0 0.145 -0.435 0 1
0 0.145 -0.425 0 1
0 0.145 -0.415 0 1
0 0.145 -0.405 0 1
0 0.145 -0.395 0.1822731104 1
0 0.145 -0.385 0.2039701819 1
0 0.145 -0.375 0.2235500107 1
0 0.145 -0.365 0.2408093552 1
0 0.145 -0.355 0.2555690606 1
0 0.145 -0.345 0.2676759188 1
0 0.145 -0.335 0.2770042588 1
0 0.145 -0.325 0.283457251 1
0 0.145 -0.315 0.2869679121 1
0 0.145 -0.305 0.2874998011 2
0 0.145 -0.295 0.2850473969 2
0 0.145 -0.285 0.2796361557 2
0 0.145 -0.275 0.2713222471 2
0 0.145 -0.265 0.2601919708 2
0 0.145 -0.255 0.2463608608 2
0 0.145 -0.245 0.2299724863 2
0 0.145 -0.235 0.2111969611 2
0 0.145 -0.225 0.1902291781 2
0 0.145 -0.215 0.1672867863 2
0 0.145 -0.205 0.1426079313 2
0 0.145 -0.195 0.1164487834 2
0 0.145 -0.185 0.08908087882 2
0 0.145 -0.175 0.06078830067 2
0 0.145 -0.165 0.03186473037 2
0 0.145 -0.155 0.002610399142 1
0 0.145 -0.145 -0.02667102844 1
0 0.145 -0.135 -0.05567560654 1
0 0.145 -0.125 -0.08410226306 1
0 0.145 -0.115 -0.1116559248 1
0 0.145 -0.105 -0.1380505805 1
0 0.145 -0.095 -0.1630122494 1
0 0.145 -0.085 -0.1862818254 1
0 0.145 -0.075 -0.2076177667 1
0 0.145 -0.065 -0.2267986029 1
0 0.145 -0.055 -0.2436252338 2
0 0.145 -0.045 -0.2579229963 2
0 0.145 -0.035 -0.2695434775 2
0 0.145 -0.025 -0.2783660549 2
0 0.145 -0.015 -0.2842991488 2
0 0.145 -0.005 -0.2872811727 2
0 0.145 0.005 -0.2872811727 2
0 0.145 0.015 -0.2842991488 2
0 0.145 0.025 -0.2783660549 2
0 0.145 0.035 -0.2695434775 2
0 0.145 0.045 -0.2579229963 2
0 0.145 0.055 -0.2436252338 2
0 0.145 0.065 -0.2267986029 2
0 0.145 0.075 -0.2076177667 2
0 0.145 0.085 -0.1862818254 2
0 0.145 0.095 -0.1630122494 2
0 0.145 0.105 -0.1380505805 2
0 0.145 0.115 -0.1116559248 2
0 0.145 0.125 -0.08410226306 2
0 0.145 0.135 -0.05567560654 2
0 0.145 0.145 -0.02667102844 2
0 0.145 0.155 0.002610399142 2
0 0.145 0.165 0.03186473037 2
0 0.145 0.175 0.06078830067 2
0 0.145 0.185 0.08908087882 2
0 0.145 0.195 0.1164487834 2
0 0.145 0.205 0.1426079313 2
0 0.145 0.215 0.1672867863 2
0 0.145 0.225 0.1902291781 2
0 0.145 0.235 0.2111969611 2
0 0.145 0.245 0.2299724863 2
0 0.145 0.255 0.2463608608 2
0 0.145 0.265 0.2601919708 2
0 0.145 0.275 0.2713222471 2
0 0.145 0.285 0.2796361557 2
0 0.145 0.295 0.2850473969 2
0 0.145 0.305 0.2874998011 2
0 0.145 0.315 0.2869679121 2
0 0.145 0.325 0.283457251 2
0 0.145 0.335 0.2770042588 2
0 0.145 0.345 0.2676759188 1
0 0.145 0.355 0.2555690606 1
0 0.145 0.365 0.2408093552 1
0 0.145 0.375 0.2235500107 1
0 0.145 0.385 0.2039701819 1
0 0.145 0.395 0.1822731104 1
0 0.145 0.405 0 1
0 0.145 0.415 0 2
0 0.145 0.425 0 2
0 0.145 0.435 0 2
0 0.145 0.445 0 2
0 0.145 0.455 0 2
0 0.145 0.465 0 2
0 0.155 -0.455 0 2
0 0.155 -0.445 0 2
0 0.155 -0.435 0 2
0 0.155 -0.425 0 2
0 0.155 -0.415 0 2
0 0.155 -0.405 0 2
0 0.155 -0.395 0.1281028658 2
0 0.155 -0.385 0.1433517252 2
0 0.155 -0.375 0.1571125711 2
0 0.155 -0.365 0.1692425638 1
0 0.155 -0.355 0.1796157919 1
0 0.155 -0.345 0.1881245798 1
0 0.155 -0.335 0.1946806049 1
0 0.155 -0.325 0.1992158147 1
0 0.155 -0.315 0.2016831328 1
0 0.155 -0.305 0.2020569483 2
0 0.155 -0.295 0.2003333808 2
0 0.155 -0.285 0.1965303211 2
0 0.155 -0.275 0.1906872458 2
0 0.155 -0.265 0.1828648068 2
0 0.155 -0.255 0.1731442023 2
0 0.155 -0.245 0.1616263336 2
0 0.155 -0.235 0.1484307581 2
0 0.155 -0.225 0.133694448 2
0 0.155 -0.215 0.1175703684 2
0 0.155 -0.205 0.1002258898 2
0 0.155 -0.195 0.08184105072 2
0 0.155 -0.185 0.06260668861 2
0 0.155 -0.175 0.0427224592 2
0 0.155 -0.165 0.02239476393 2
0 0.155 -0.155 0.001834607476 1
0 0.155 -0.145 -0.01874459249 1
0 0.155 -0.135 -0.03912922064 1
0 0.155 -0.125 -0.0591076813 1
0 0.155 -0.115 -0.07847259491 1
0 0.155 -0.105 -0.09702295061 1
0 0.155 -0.095 -0.1145661928 1
0 0.155 -0.085 -0.1309202198 1
0 0.155 -0.075 -0.1459152743 1
0 0.155 -0.065 -0.1593957053 1
0 0.155 -0.055 -0.1712215837 1
0 0.155 -0.045 -0.1812701551 2
0 0.155 -0.035 -0.1894371136 2
0 0.155 -0.025 -0.1956376851 2
0 0.155 -0.015 -0.1998075066 2
0 0.155 -0.005 -0.2019032946 2
0 0.155 0.005 -0.2019032946 2
0 0.155 0.015 -0.1998075066 2
0 0.155 0.025 -0.1956376851 2
0 0.155 0.035 -0.1894371136 2
0 0.155 0.045 -0.1812701551 2
0 0.155 0.055 -0.1712215837 2
0 0.155 0.065 -0.1593957053 2
0 0.155 0.075 -0.1459152743 2
0 0.155 0.085 -0.1309202198 2
0 0.155 0.095 -0.1145661928 2
0 0.155 0.105 -0.09702295061 2
0 0.155 0.115 -0.07847259491 2
0 0.155 0.125 -0.0591076813 2
0 0.155 0.135 -0.03912922064 2
0 0.155 0.145 -0.01874459249 2
0 0.155 0.155 0.001834607476 2
0 0.155 0.165 0.02239476393 2
0 0.155 0.175 0.0427224592 2
0 0.155 0.185 0.06260668861 2
0 0.155 0.195 0.08184105072 2
0 0.155 0.205 0.1002258898 2
0 0.155 0.215 0.1175703684 2
0 0.155 0.225 0.133694448 2
0 0.155 0.235 0.1484307581 2
0 0.155 0.245 0.1616263336 2
0 0.155 0.255 0.1731442023 2
0 0.155 0.265 0.1828648068 2
0 0.155 0.275 0.1906872458 2
0 0.155 0.285 0.1965303211 2
0 0.155 0.295 0.2003333808 2
0 0.155 0.305 0.2020569483 2
0 0.155 0.315 0.2016831328 2
0 0.155 0.325 0.1992158147 2
0 0.155 0.335 0.1946806049 2
0 0.155 0.345 0.1881245798 1
0 0.155 0.355 0.1796157919 1
0 0.155 0.365 0.1692425638 1
0 0.155 0.375 0.1571125711 1
0 0.155 0.385 0.1433517252 1
0 0.155 0.395 0.1281028658 1
0 0.155 0.405 0 1
0 0.155 0.415 0 2
0 0.155 0.425 0 2
0 0.155 0.435 0 2
0 0.155 0.445 0 2
0 0.155 0.455 0 2
0 0.155 0.465 0 2
0 0.165 -0.455 0 2
0 0.165 -0.445 0 2
0 0.165 -0.435 0 2
0 0.165 -0.425 0 2
0 0.165 -0.415 0 2
0 0.165 -0.405 0 2
0 0.165 -0.395 0.07293653853 2
0 0.165 -0.385 0.08161861613 2
0 0.165 -0.375 0.08945347963 2
0 0.165 -0.365 0.09635980191 1
0 0.165 -0.355 0.1022658942 1
0 0.165 -0.345 0.1071104505 1
0 0.165 -0.335 0.1108431834 1
0 0.165 -0.325 0.1134253465 1
0 0.165 -0.315 0.1148301367 1
0 0.165 -0.305 0.1150429719 2
0 0.165 -0.295 0.114061643 2
0 0.165 -0.285 0.1118963362 2
0 0.165 -0.275 0.1085695278 2
0 0.165 -0.265 0.1041157506 2
0 0.165 -0.255 0.09858123548 2
0 0.165 -0.245 0.0920234316 2
0 0.165 -0.235 0.08451040999 2
0 0.165 -0.225 0.07612015699 2
0 0.165 -0.215 0.06693976477 2
0 0.165 -0.205 0.05706452723 2
0 0.165 -0.195 0.04659695091 2
0 0.165 -0.185 0.03564569089 2
0 0.165 -0.175 0.02432442297 2
0 0.165 -0.165 0.01275066371 2
0 0.165 -0.155 0.001044550549 1
0 0.165 -0.145 -0.01067240521 1
0 0.165 -0.135 -0.02227857972 1
0 0.165 -0.125 -0.03365349906 1
0 0.165 -0.115 -0.04467908978 1
0 0.165 -0.105 -0.05524090449 1
0 0.165 -0.095 -0.06522930991 1
0 0.165 -0.085 -0.07454062481 1
0 0.165 -0.075 -0.08307819627 1
0 0.165 -0.065 -0.09075340296 1
0 0.165 -0.055 -0.09748657501 1
0 0.165 -0.045 -0.103207821 1
0 0.165 -0.035 -0.1078577536 2
0 0.165 -0.025 -0.1113881057 2
0 0.165 -0.015 -0.1137622317 2
0 0.165 -0.005 -0.1149554878 2
0 0.165 0.005 -0.1149554878 2
0 0.165 0.015 -0.1137622317 2
0 0.165 0.025 -0.1113881057 2
0 0.165 0.035 -0.1078577536 2
0 0.165 0.045 -0.103207821 2
0 0.165 0.055 -0.09748657501 2
0 0.165 0.065 -0.09075340296 2
0 0.165 0.075 -0.08307819627 2
0 0.165 0.085 -0.07454062481 2
0 0.165 0.095 -0.06522930991 2
0 0.165 0.105 -0.05524090449 2
0 0.165 0.115 -0.04467908978 2
0 0.165 0.125 -0.03365349906 2
0 0.165 0.135 -0.02227857972 2
0 0.165 0.145 -0.01067240521 2
0 0.165 0.155 0.001044550549 2
0 0.165 0.165 0.01275066371 2
0 0.165 0.175 0.02432442297 2
0 0.165 0.185 0.03564569089 2
0 0.165 0.195 0.04659695091 2
0 0.165 0.205 0.05706452723 2
0 0.165 0.215 0.06693976477 2
0 0.165 0.225 0.07612015699 2
0 0.165 0.235 0.08451040999 2
0 0.165 0.245 0.0920234316 2
0 0.165 0.255 0.09858123548 2
0 0.165 0.265 0.1041157506 2
0 0.165 0.275 0.1085695278 2
0 0.165 0.285 0.1118963362 2
0 0.165 0.295 0.114061643 2
0 0.165 0.305 0.1150429719 2
0 0.165 0.315 0.1148301367 2
0 0.165 0.325 0.1134253465 2
0 0.165 0.335 0.1108431834 2
0 0.165 0.345 0.1071104505 1
0 0.165 0.355 0.1022658942 1
0 0.165 0.365 0.09635980191 1
0 0.165 0.375 0.08945347963 1
0 0.165 0.385 0.08161861613 1
0 0.165 0.395 0.07293653853 1
0 0.165 0.405 0 1
0 0.165 0.415 0 2
0 0.165 0.425 0 2
0 0.165 0.435 0 2
0 0.165 0.445 0 2
0 0.165 0.455 0 2
0 0.165 0.465 0 2
0 0.175 -0.455 0 2
0 0.175 -0.445 0 2
0 0.175 -0.435 0 2
0 0.175 -0.425 0 2
0 0.175 -0.415 0 2
0 0.175 -0.405 0 2
0 0.175 -0.395 0.01720308247 2
0 0.175 -0.385 0.01925086949 2
0 0.175 -0.375 0.02109882945 2
0 0.175 -0.365 0.02272778023 2
0 0.175 -0.355 0.02412081307 1
0 0.175 -0.345 0.02526346807 1
0 0.175 -0.335 0.02614388429 1
0 0.175 -0.325 0.02675292287 1
0 0.175 -0.315 0.02708426189 2
0 0.175 -0.305 0.027134462 2
0 0.175 -0.295 0.02690300211 2
0 0.175 -0.285 0.02639228483 2
0 0.175 -0.275 0.02560761146 2
0 0.175 -0.265 0.02455712705 2
0 0.175 -0.255 0.02325173579 2
0 0.175 -0.245 0.02170498785 2
0 0.175 -0.235 0.01993293871 2
0 0.175 -0.225 0.01795398252 2
0 0.175 -0.215 0.01578866117 2
0 0.175 -0.205 0.01345945102 2
0 0.175 -0.195 0.01099052965 2
0 0.175 -0.185 0.008407524845 2
0 0.175 -0.175 0.00573724861 2
0 0.175 -0.165 0.003007418829 2
0 0.175 -0.155 0.0002463715663 1
0 0.175 -0.145 -0.002517233072 1
0 0.175 -0.135 -0.005254708434 1
0 0.175 -0.125 -0.007937639094 1
0 0.175 -0.115 -0.01053817581 1
0 0.175 -0.105 -0.0130293246 1
0 0.175 -0.095 -0.01538522694 1
0 0.175 -0.085 -0.0175814282 1
0 0.175 -0.075 -0.01959513147 1
0 0.175 -0.065 -0.02140543418 1
0 0.175 -0.055 -0.02299354511 1
0 0.175 -0.045 -0.02434297942 1
0 0.175 -0.035 -0.02543972976 2
0 0.175 -0.025 -0.0262724117 2
0 0.175 -0.015 -0.02683238186 2
0 0.175 -0.005 -0.02711382767 2
0 0.175 0.005 -0.02711382767 2
0 0.175 0.015 -0.02683238186 2
0 0.175 0.025 -0.0262724117 2
0 0.175 0.035 -0.02543972976 2
0 0.175 0.045 -0.02434297942 2
0 0.175 0.055 -0.02299354511 2
0 0.175 0.065 -0.02140543418 2
0 0.175 0.075 -0.01959513147 2
0 0.175 0.085 -0.0175814282 2
0 0.175 0.095 -0.01538522694 2
0 0.175 0.105 -0.0130293246 2
0 0.175 0.115 -0.01053817581 2
0 0.175 0.125 -0.007937639094 2
0 0.175 0.135 -0.005254708434 2
0 0.175 0.145 -0.002517233072 2
0 0.175 0.155 0.0002463715663 2
0 0.175 0.165 0.003007418829 2
0 0.175 0.175 0.00573724861 2
0 0.175 0.185 0.008407524845 2
0 0.175 0.195 0.01099052965 2
0 0.175 0.205 0.01345945102 2
0 0.175 0.215 0.01578866117 2
0 0.175 0.225 0.01795398252 2
0 0.175 0.235 0.01993293871 2
0 0.175 0.245 0.02170498785 2
0 0.175 0.255 0.02325173579 2
0 0.175 0.265 0.02455712705 2
0 0.175 0.275 0.02560761146 2
0 0.175 0.285 0.02639228483 2
0 0.175 0.295 0.02690300211 2
0 0.175 0.305 0.027134462 2
0 0.175 0.315 0.02708426189 2
0 0.175 0.325 0.02675292287 2
0 0.175 0.335 0.02614388429 2
0 0.175 0.345 0.02526346807 1
0 0.175 0.355 0.02412081307 1
0 0.175 0.365 0.02272778023 1
0 0.175 0.375 0.02109882945 1
0 0.175 0.385 0.01925086949 1
0 0.175 0.395 0.01720308247 1
0 0.175 0.405 0 1
0 0.175 0.415 0 2
0 0.175 0.425 0 2
0 0.175 0.435 0 2
0 0.175 0.445 0 2
0 0.175 0.455 0 2
0 0.175 0.465 0 2
0 0.185 -0.455 0 2
0 0.185 -0.445 0 2
0 0.185 -0.435 0 2
0 0.185 -0.425 0 2
0 0.185 -0.415 0 2
0 0.185 -0.405 0 2
0 0.185 -0.395 -0.0386641387 2
0 0.185 -0.385 -0.04326656513 2
0 0.185 -0.375 -0.04741987779 2
0 0.185 -0.365 -0.05108096464 2
0 0.185 -0.355 -0.05421182303 2
0 0.185 -0.345 -0.05677995415 2
0 0.185 -0.335 -0.05875870039 2
0 0.185 -0.325 -0.06012752205 2
0 0.185 -0.315 -0.06087221056 2
0 0.185 -0.305 -0.06098503592 2
0 0.185 -0.295 -0.060464827 2
0 0.185 -0.285 -0.05931698364 2
0 0.185 -0.275 -0.05755342063 2
0 0.185 -0.265 -0.05519244404 2
0 0.185 -0.255 -0.05225856119 2
0 0.185 -0.245 -0.04878222623 2
0 0.185 -0.235 -0.04479952406 2
0 0.185 -0.225 -0.04035179578 2
0 0.185 -0.215 -0.03548520949 2
0 0.185 -0.205 -0.03025028114 2
0 0.185 -0.195 -0.02470135009 2
0 0.185 -0.185 -0.01889601514 2
0 0.185 -0.175 -0.01289453657 2
0 0.185 -0.165 -0.006759210679 2
0 0.185 -0.155 -0.0005537231149 1
0 0.185 -0.145 0.005657512183 1
0 0.185 -0.135 0.01181002161 1
0 0.185 -0.125 0.01783994115 1
0 0.185 -0.115 0.0236846793 1
0 0.185 -0.105 0.02928356673 1
0 0.185 -0.095 0.03457848613 1
0 0.185 -0.085 0.03951447538 1
0 0.185 -0.075 0.04404029816 1
0 0.185 -0.065 0.04810897569 1
0 0.185 -0.055 0.05167827447 1
0 0.185 -0.045 0.05471114462 1
0 0.185 -0.035 0.05717610445 1
0 0.185 -0.025 0.05904756731 2
0 0.185 -0.015 0.06030610711 2
0 0.185 -0.005 0.06093866001 2
0 0.185 0.005 0.06093866001 2
0 0.185 0.015 0.06030610711 2
0 0.185 0.025 0.05904756731 2
0 0.185 0.035 0.05717610445 2
0 0.185 0.045 0.05471114462 2
0 0.185 0.055 0.05167827447 2
0 0.185 0.065 0.04810897569 2
0 0.185 0.075 0.04404029816 2
0 0.185 0.085 0.03951447538 2
0 0.185 0.095 0.03457848613 2
0 0.185 0.105 0.02928356673 2
0 0.185 0.115 0.0236846793 2
0 0.185 0.125 0.01783994115 2
0 0.185 0.135 0.01181002161 2
0 0.185 0.145 0.005657512183 2
0 0.185 0.155 -0.0005537231149 2
0 0.185 0.165 -0.006759210679 2
0 0.185 0.175 -0.01289453657 2
0 0.185 0.185 -0.01889601514 2
0 0.185 0.195 -0.02470135009 2
0 0.185 0.205 -0.03025028114 2
0 0.185 0.215 -0.03548520949 2
0 0.185 0.225 -0.04035179578 2
0 0.185 0.235 -0.04479952406 2
0 0.185 0.245 -0.04878222623 2
0 0.185 0.255 -0.05225856119 2
0 0.185 0.265 -0.05519244404 2
0 0.185 0.275 -0.05755342063 2
0 0.185 0.285 -0.05931698364 2
0 0.185 0.295 -0.060464827 2
0 0.185 0.305 -0.06098503592 2
0 0.185 0.315 -0.06087221056 2
0 0.185 0.325 -0.06012752205 2
0 0.185 0.335 -0.05875870039 2
0 0.185 0.345 -0.05677995415 1
0 0.185 0.355 -0.05421182303 1
0 0.185 0.365 -0.05108096464 1
0 0.185 0.375 -0.04741987779 1
0 0.185 0.385 -0.04326656513 1
0 0.185 0.395 -0.0386641387 1
0 0.185 0.405 0 1
0 0.185 0.415 0 2
0 0.185 0.425 0 2
0 0.185 0.435 0 2
0 0.185 0.445 0 2
0 0.185 0.455 0 2
0 0.185 0.465 0 2
0 0.195 -0.455 0 2
0 0.195 -0.445 0 2
0 0.195 -0.435 0 2
0 0.195 -0.425 0 2
0 0.195 -0.415 0 2
0 0.195 -0.405 0 2
0 0.195 -0.395 -0.09423072116 2
0 0.195 -0.385 -0.1054475742 2
0 0.195 -0.375 -0.1155698648 2
0 0.195 -0.365 -0.124492522 2
0 0.195 -0.355 -0.1321229271 2
0 0.195 -0.345 -0.1383818755 2
0 0.195 -0.335 -0.1432043981 2
0 0.195 -0.325 -0.1465404366 2
0 0.195 -0.315 -0.1483553622 2
0 0.195 -0.305 -0.1486303357 2
0 0.195 -0.295 -0.147362503 2
0 0.195 -0.285 -0.1445650242 2
0 0.195 -0.275 -0.1402669376 2
0 0.195 -0.265 -0.1345128582 2
0 0.195 -0.255 -0.127362514 2
0 0.195 -0.245 -0.1188901269 2
0 0.195 -0.235 -0.1091836415 2
0 0.195 -0.225 -0.09834381276 2
0 0.195 -0.215 -0.08648315969 2
0 0.195 -0.205 -0.07372479778 2
0 0.195 -0.195 -0.06020116085 2
0 0.195 -0.185 -0.04605262638 2
0 0.195 -0.175 -0.03142605839 2
0 0.195 -0.165 -0.01647328295 2
0 0.195 -0.155 -0.001349512241 2
0 0.195 -0.145 0.01378826662 1
0 0.195 -0.135 0.0287829211 1
0 0.195 -0.125 0.04347880432 1
0 0.195 -0.115 0.05772337069 1
0 0.195 -0.105 0.07136875938 1
0 0.195 -0.095 0.08427332909 1
0 0.195 -0.085 0.09630312836 1
0 0.195 -0.075 0.107333286 1
0 0.195 -0.065 0.1172493071 1
0 0.195 -0.055 0.125948262 1
0 0.195 -0.045 0.1333398541 1
0 0.195 -0.035 0.1393473575 1
0 0.195 -0.025 0.1439084133 2
0 0.195 -0.015 0.1469756771 2
0 0.195 -0.005 0.1485173102 2
0 0.195 0.005 0.1485173102 2
0 0.195 0.015 0.1469756771 2
0 0.195 0.025 0.1439084133 2
0 0.195 0.035 0.1393473575 2
0 0.195 0.045 0.1333398541 2
0 0.195 0.055 0.125948262 2
0 0.195 0.065 0.1172493071 2
0 0.195 0.075 0.107333286 2
0 0.195 0.085 0.09630312836 2
0 0.195 0.095 0.08427332909 2
0 0.195 0.105 0.07136875938 2
0 0.195 0.115 0.05772337069 2
0 0.195 0.125 0.04347880432 2
0 0.195 0.135 0.0287829211 2
0 0.195 0.145 0.01378826662 2
0 0.195 0.155 -0.001349512241 2
0 0.195 0.165 -0.01647328295 2
0 0.195 0.175 -0.03142605839 2
0 0.195 0.185 -0.04605262638 2
0 0.195 0.195 -0.06020116085 2
0 0.195 0.205 -0.07372479778 2
0 0.195 0.215 -0.08648315969 2
0 0.195 0.225 -0.09834381276 2
0 0.195 0.235 -0.1091836415 2
0 0.195 0.245 -0.1188901269 2
0 0.195 0.255 -0.127362514 2
0 0.195 0.265 -0.1345128582 2
0 0.195 0.275 -0.1402669376 2
0 0.195 0.285 -0.1445650242 2
0 0.195 0.295 -0.147362503 2
0 0.195 0.305 -0.1486303357 2
0 0.195 0.315 -0.1483553622 2
0 0.195 0.325 -0.1465404366 2
0 0.195 0.335 -0.1432043981 2
0 0.195 0.345 -0.1383818755 1
0 0.195 0.355 -0.1321229271 1
0 0.195 0.365 -0.124492522 1
0 0.195 0.375 -0.1155698648 1
0 0.195 0.385 -0.1054475742 1
0 0.195 0.395 -0.09423072116 1
0 0.195 0.405 0 1
0 0.195 0.415 0 2
0 0.195 0.425 0 2
0 0.195 0.435 0 2
0 0.195 0.445 0 2
0 0.195 0.455 0 2
0 0.195 0.465 0 2
0 0.205 -0.455 0 2
0 0.205 -0.445 0 2
0 0.205 -0.435 0 2
0 0.205 -0.425 0 2
0 0.205 -0.415 0 2
0 0.205 -0.405 0 2
0 0.205 -0.395 -0.1490645988 2
0 0.205 -0.385 -0.1668086601 2
0 0.205 -0.375 -0.1828212213 2
0 0.205 -0.365 -0.1969360694 2
0 0.205 -0.355 -0.20900669 2
0 0.205 -0.345 -0.2189077882 2
0 0.205 -0.335 -0.226536589 2
0 0.205 -0.325 -0.2318139044 2
0 0.205 -0.315 -0.2346849549 2
0 0.205 -0.305 -0.2351199385 2
0 0.205 -0.295 -0.2331143401 2
0 0.205 -0.285 -0.2286889781 2
0 0.205 -0.275 -0.2218897884 2
0 0.205 -0.265 -0.2127873478 2
0 0.205 -0.255 -0.2014761409 2
0 0.205 -0.245 -0.18807358 2
0 0.205 -0.235 -0.1727187856 2
0 0.205 -0.225 -0.155571143 2
0 0.205 -0.215 -0.1368086474 2
0 0.205 -0.205 -0.1166260564 2
0 0.205 -0.195 -0.09523286863 2
0 0.205 -0.185 -0.07285114865 2
0 0.205 -0.175 -0.04971322226 2
0 0.205 -0.165 -0.02605926479 2
0 0.205 -0.155 -0.002134808035 2
0 0.205 -0.145 0.02181180836 1
0 0.205 -0.135 0.04553201475 1
0 0.205 -0.125 0.06877959164 1
0 0.205 -0.115 0.09131322553 1
0 0.205 -0.105 0.1128990137 1
0 0.205 -0.095 0.1333128924 1
0 0.205 -0.085 0.1523429622 1
0 0.205 -0.075 0.169791688 1
0 0.205 -0.065 0.1854779494 1
0 0.205 -0.055 0.1992389204 1
0 0.205 -0.045 0.2109317599 1
0 0.205 -0.035 0.2204350946 1
0 0.205 -0.025 0.2276502782 2
0 0.205 -0.015 0.232502416 2
0 0.205 -0.005 0.2349411421 2
0 0.205 0.005 0.2349411421 2
0 0.205 0.015 0.232502416 2
0 0.205 0.025 0.2276502782 2
0 0.205 0.035 0.2204350946 2
0 0.205 0.045 0.2109317599 2
0 0.205 0.055 0.1992389204 2
0 0.205 0.065 0.1854779494 2
0 0.205 0.075 0.169791688 2
0 0.205 0.085 0.1523429622 2
0 0.205 0.095 0.1333128924 2
0 0.205 0.105 0.1128990137 2
0 0.205 0.115 0.09131322553 2
0 0.205 0.125 0.06877959164 2
0 0.205 0.135 0.04553201475 2
0 0.205 0.145 0.02181180836 2
0 0.205 0.155 -0.002134808035 2
0 0.205 0.165 -0.02605926479 2
0 0.205 0.175 -0.04971322226 2
0 0.205 0.185 -0.07285114865 2
0 0.205 0.195 -0.09523286863 2
0 0.205 0.205 -0.1166260564 2
0 0.205 0.215 -0.1368086474 2
0 0.205 0.225 -0.155571143 2
0 0.205 0.235 -0.1727187856 2
0 0.205 0.245 -0.18807358 2
0 0.205 0.255 -0.2014761409 2
0 0.205 0.265 -0.2127873478 2
0 0.205 0.275 -0.2218897884 2
0 0.205 0.285 -0.2286889781 2
0 0.205 0.295 -0.2331143401 2
0 0.205 0.305 -0.2351199385 2
0 0.205 0.315 -0.2346849549 2
0 0.205 0.325 -0.2318139044 2
0 0.205 0.335 -0.226536589 2
0 0.205 0.345 -0.2189077882 1
0 0.205 0.355 -0.20900669 1
0 0.205 0.365 -0.1969360694 1
0 0.205 0.375 -0.1828212213 1
0 0.205 0.385 -0.1668086601 1
0 0.205 0.395 -0.1490645988 1
0 0.205 0.405 0 1
0 0.205 0.415 0 2
0 0.205 0.425 0 2
0 0.205 0.435 0 2
0 0.205 0.445 0 2
0 0.205 0.455 0 2
0 0.205 0.465 0 2
0 0.215 -0.455 0 2
0 0.215 -0.445 0 2
0 0.215 -0.435 0 2
0 0.215 -0.425 0 2
0 0.215 -0.415 0 2
0 0.215 -0.405 0 2
0 0.215 -0.395 -0.2027394027 2
0 0.215 -0.385 -0.2268727008 2
0 0.215 -0.375 -0.2486510245 2
0 0.215 -0.365 -0.2678483114 2
0 0.215 -0.355 -0.2842652906 2
0 0.215 -0.345 -0.2977315512 2
0 0.215 -0.335 -0.3081073114 2
0 0.215 -0.325 -0.3152848691 2
0 0.215 -0.315 -0.3191897201 2
0 0.215 -0.305 -0.3197813316 2
0 0.215 -0.295 -0.3170535624 2
0 0.215 -0.285 -0.3110347272 2
0 0.215 -0.275 -0.3017873025 2
0 0.215 -0.265 -0.2894072781 2
0 0.215 -0.255 -0.2740231604 2
0 0.215 -0.245 -0.2557946392 2
0 0.215 -0.235 -0.2349109293 2
0 0.215 -0.225 -0.2115888068 2
0 0.215 -0.215 -0.1860703593 2
0 0.215 -0.205 -0.158620472 2
0 0.215 -0.195 -0.1295240792 2
0 0.215 -0.185 -0.0990832061 2
0 0.215 -0.175 -0.06761383366 2
0 0.215 -0.165 -0.03544261898 2
0 0.215 -0.155 -0.002903504316 2
0 0.215 -0.145 0.02966574918 2
0 0.215 -0.135 0.06192706752 1
0 0.215 -0.125 0.09354557313 1
0 0.215 -0.115 0.1241930609 1
0 0.215 -0.105 0.1535514052 1
0 0.215 -0.095 0.1813158617 1
0 0.215 -0.085 0.2071982309 1
0 0.215 -0.075 0.2309298498 1
0 0.215 -0.065 0.2522643805 1
0 0.215 -0.055 0.2709803671 1
0 0.215 -0.045 0.2868835348 1
0 0.215 -0.035 0.2998088062 1
0 0.215 -0.025 0.3096220149 2
0 0.215 -0.015 0.3162212983 2
0 0.215 -0.005 0.3195381547 2
0 0.215 0.005 0.3195381547 2
0 0.215 0.015 0.3162212983 2
0 0.215 0.025 0.3096220149 2
0 0.215 0.035 0.2998088062 2
0 0.215 0.045 0.2868835348 2
0 0.215 0.055 0.2709803671 2
0 0.215 0.065 0.2522643805 2
0 0.215 0.075 0.2309298498 2
0 0.215 0.085 0.2071982309 2
0 0.215 0.095 0.1813158617 2
0 0.215 0.105 0.1535514052 2
0 0.215 0.115 0.1241930609 2
0 0.215 0.125 0.09354557313 2
0 0.215 0.135 0.06192706752 2
0 0.215 0.145 0.02966574918 2
0 0.215 0.155 -0.002903504316 2
0 0.215 0.165 -0.03544261898 2
0 0.215 0.175 -0.06761383366 2
0 0.215 0.185 -0.0990832061 2
0 0.215 0.195 -0.1295240792 2
0 0.215 0.205 -0.158620472 2
0 0.215 0.215 -0.1860703593 2
0 0.215 0.225 -0.2115888068 2
0 0.215 0.235 -0.2349109293 2
0 0.215 0.245 -0.2557946392 2
0 0.215 0.255 -0.2740231604 2
0 0.215 0.265 -0.2894072781 2
0 0.215 0.275 -0.3017873025 2
0 0.215 0.285 -0.3110347272 2
0 0.215 0.295 -0.3170535624 2
0 0.215 0.305 -0.3197813316 2
0 0.215 0.315 -0.3191897201 2
0 0.215 0.325 -0.3152848691 2
0 0.215 0.335 -0.3081073114 2
0 0.215 0.345 -0.2977315512 2
0 0.215 0.355 -0.2842652906 1
0 0.215 0.365 -0.2678483114 1
0 0.215 0.375 -0.2486510245 1
0 0.215 0.385 -0.2268727008 1
0 0.215 0.395 -0.2027394027 1
0 0.215 0.405 0 2
0 0.215 0.415 0 2
0 0.215 0.425 0 2
0 0.215 0.435 0 2
0 0.215 0.445 0 2
0 0.215 0.455 0 2
0 0.215 0.465 0 2
0 0.225 -0.455 0 2
0 0.225 -0.445 0 2
0 0.225 -0.435 0 2
0 0.225 -0.425 0 1
0 0.225 -0.415 0 1
0 0.225 -0.405 0 1
0 0.225 -0.395 -0.2548377766 1
0 0.225 -0.385 -0.2851726594 2
0 0.225 -0.375 -0.3125474051 2
0 0.225 -0.365 -0.3366778595 2
0 0.225 -0.355 -0.3573135446 2
0 0.225 -0.345 -0.3742402587 2
0 0.225 -0.335 -0.3872823 2
0 0.225 -0.325 -0.3963042899 2
0 0.225 -0.315 -0.4012125788 2
0 0.225 -0.305 -0.4019562179 2
0 0.225 -0.295 -0.3985274881 2
0 0.225 -0.285 -0.3909619801 2
0 0.225 -0.275 -0.3793382251 2
0 0.225 -0.265 -0.3637768795 2
0 0.225 -0.255 -0.3444394726 2
0 0.225 -0.245 -0.3215267296 2
0 0.225 -0.235 -0.2952764885 2
0 0.225 -0.225 -0.2659612308 2
0 0.225 -0.215 -0.2338852537 2
0 0.225 -0.205 -0.1993815108 2
0 0.225 -0.195 -0.1628081563 2
0 0.225 -0.185 -0.1245448275 2
0 0.225 -0.175 -0.08498870376 2
0 0.225 -0.165 -0.04455038387 2
0 0.225 -0.155 -0.003649623972 2
0 0.225 -0.145 0.0372890196 2
0 0.225 -0.135 0.07784059726 2
0 0.225 -0.125 0.1175841773 1
0 0.225 -0.115 0.156107215 1
0 0.225 -0.105 0.1930098351 1
0 0.225 -0.095 0.2279089828 1
0 0.225 -0.085 0.2604423993 1
0 0.225 -0.075 0.2902723826 1
0 0.225 -0.065 0.3170892929 1
0 0.225 -0.055 0.3406147662 1
0 0.225 -0.045 0.3606046046 1
0 0.225 -0.035 0.3768513104 1
0 0.225 -0.025 0.3891862401 2
0 0.225 -0.015 0.3974813553 2
0 0.225 -0.005 0.4016505513 2
0 0.225 0.005 0.4016505513 2
0 0.225 0.015 0.3974813553 2
0 0.225 0.025 0.3891862401 2
0 0.225 0.035 0.3768513104 2
0 0.225 0.045 0.3606046046 2
0 0.225 0.055 0.3406147662 2
0 0.225 0.065 0.3170892929 2
0 0.225 0.075 0.2902723826 2
0 0.225 0.085 0.2604423993 2
0 0.225 0.095 0.2279089828 2
0 0.225 0.105 0.1930098351 2
0 0.225 0.115 0.156107215 2
0 0.225 0.125 0.1175841773 2
0 0.225 0.135 0.07784059726 2
0 0.225 0.145 0.0372890196 2
0 0.225 0.155 -0.003649623972 2
0 0.225 0.165 -0.04455038387 2
0 0.225 0.175 -0.08498870376 2
0 0.225 0.185 -0.1245448275 2
0 0.225 0.195 -0.1628081563 2
0 0.225 0.205 -0.1993815108 2
0 0.225 0.215 -0.2338852537 2
0 0.225 0.225 -0.2659612308 2
0 0.225 0.235 -0.2952764885 2
0 0.225 0.245 -0.3215267296 2
0 0.225 0.255 -0.3444394726 2
0 0.225 0.265 -0.3637768795 2
0 0.225 0.275 -0.3793382251 2
0 0.225 0.285 -0.3909619801 2
0 0.225 0.295 -0.3985274881 2
0 0.225 0.305 -0.4019562179 2
0 0.225 0.315 -0.4012125788 2
0 0.225 0.325 -0.3963042899 2
0 0.225 0.335 -0.3872823 2
0 0.225 0.345 -0.3742402587 2
0 0.225 0.355 -0.3573135446 1
0 0.225 0.365 -0.3366778595 1
0 0.225 0.375 -0.3125474051 1
0 0.225 0.385 -0.2851726594 1
0 0.225 0.395 -0.2548377766 1
0 0.225 0.405 0 2
0 0.225 0.415 0 2
0 0.225 0.425 0 2
0 0.225 0.435 0 2
0 0.225 0.445 0 2
0 0.225 0.455 0 2
0 0.225 0.465 0 2
0 0.235 -0.455 0 2
0 0.235 -0.445 0 2
0 0.235 -0.435 0 1
0 0.235 -0.425 0 1
0 0.235 -0.415 0 1
0 0.235 -0.405 0 1
0 0.235 -0.395 -0.3049546218 1
0 0.235 -0.385 -0.3412552161 1
0 0.235 -0.375 -0.3740135274 2
0 0.235 -0.365 -0.4028895193 2
0 0.235 -0.355 -0.4275834545 2
0 0.235 -0.345 -0.4478390061 2
0 0.235 -0.335 -0.4634459181 2
0 0.235 -0.325 -0.4742421884 2
0 0.235 -0.315 -0.4801157501 2
0 0.235 -0.305 -0.4810056345 2
0 0.235 -0.295 -0.4769026046 2
0 0.235 -0.285 -0.4678492506 2
0 0.235 -0.275 -0.4539395475 2
0 0.235 -0.265 -0.4353178803 2
0 0.235 -0.255 -0.4121775449 2
0 0.235 -0.245 -0.3847587416 2
0 0.235 -0.235 -0.3533460819 2
0 0.235 -0.225 -0.3182656342 2
0 0.235 -0.215 -0.279881539 2
0 0.235 -0.205 -0.2385922293 2
0 0.235 -0.195 -0.1948262946 2
0 0.235 -0.185 -0.1490380323 2
0 0.235 -0.175 -0.1017027317 2
0 0.235 -0.165 -0.0533117407 2
0 0.235 -0.155 -0.00436736544 2
0 0.235 -0.145 0.04462234376 2
0 0.235 -0.135 0.093148866 2
0 0.235 -0.125 0.1407084883 2
0 0.235 -0.115 0.1868075343 2
0 0.235 -0.105 0.2309674887 2
0 0.235 -0.095 0.2727299641 1
0 0.235 -0.085 0.3116614595 2
0 0.235 -0.075 0.3473578598 2
0 0.235 -0.065 0.3794486308 1
0 0.235 -0.055 0.4076006651 1
0 0.235 -0.045 0.4315217403 1
0 0.235 -0.035 0.4509635517 2
0 0.235 -0.025 0.4657242904 2
0 0.235 -0.015 0.4756507376 2
0 0.235 -0.005 0.480639855 2
0 0.235 0.005 0.480639855 2
0 0.235 0.015 0.4756507376 2
0 0.235 0.025 0.4657242904 2
0 0.235 0.035 0.4509635517 2
0 0.235 0.045 0.4315217403 2
0 0.235 0.055 0.4076006651 2
0 0.235 0.065 0.3794486308 2
0 0.235 0.075 0.3473578598 2
0 0.235 0.085 0.3116614595 2
0 0.235 0.095 0.2727299641 2
0 0.235 0.105 0.2309674887 2
0 0.235 0.115 0.1868075343 2
0 0.235 0.125 0.1407084883 2
0 0.235 0.135 0.093148866 2
0 0.235 0.145 0.04462234376 2
0 0.235 0.155 -0.00436736544 2
0 0.235 0.165 -0.0533117407 2
0 0.235 0.175 -0.1017027317 2
0 0.235 0.185 -0.1490380323 2
0 0.235 0.195 -0.1948262946 2
0 0.235 0.205 -0.2385922293 2
0 0.235 0.215 -0.279881539 2
0 0.235 0.225 -0.3182656342 2
0 0.235 0.235 -0.3533460819 2
0 0.235 0.245 -0.3847587416 2
0 0.235 0.255 -0.4121775449 2
0 0.235 0.265 -0.4353178803 2
0 0.235 0.275 -0.4539395475 2
0 0.235 0.285 -0.4678492506 2
0 0.235 0.295 -0.4769026046 2
0 0.235 0.305 -0.4810056345 2
0 0.235 0.315 -0.4801157501 2
0 0.235 0.325 -0.4742421884 2
0 0.235 0.335 -0.4634459181 2
0 0.235 0.345 -0.4478390061 2
0 0.235 0.355 -0.4275834545 2
0 0.235 0.365 -0.4028895193 2
0 0.235 0.375 -0.3740135274 2
0 0.235 0.385 -0.3412552161 2
0 0.235 0.395 -0.3049546218 2
0 0.235 0.405 0 2
0 0.235 0.415 0 2
0 0.235 0.425 0 2
0 0.235 0.435 0 2
0 0.235 0.445 0 2
0 0.235 0.455 0 2
0 0.235 0.465 0 2
0 0.245 -0.455 0 2
0 0.245 -0.445 0 2
0 0.245 -0.435 0 1
0 0.245 -0.425 0 1
0 0.245 -0.415 0 1
0 0.245 -0.405 0 1
0 0.245 -0.395 -0.3527002476 1
0 0.245 -0.385 -0.3946842926 1
0 0.245 -0.375 -0.4325714525 2
0 0.245 -0.365 -0.4659684525 2
0 0.245 -0.355 -0.4945286265 2
0 0.245 -0.345 -0.5179555153 2
0 0.245 -0.335 -0.5360059443 2
0 0.245 -0.325 -0.548492547 2
0 0.245 -0.315 -0.5552857107 2
0 0.245 -0.305 -0.5563149211 2
0 0.245 -0.295 -0.5515694949 2
0 0.245 -0.285 -0.5410986904 2
0 0.245 -0.275 -0.5250111961 2
0 0.245 -0.265 -0.5034740029 2
0 0.245 -0.255 -0.4767106701 2
0 0.245 -0.245 -0.4449990054 2
0 0.245 -0.235 -0.4086681809 2
0 0.245 -0.225 -0.3680953163 2
0 0.245 -0.215 -0.3237015642 2
0 0.245 -0.205 -0.2759477388 2
0 0.245 -0.195 -0.2253295324 2
0 0.245 -0.185 -0.1723723699 2
0 0.245 -0.175 -0.1176259551 2
0 0.245 -0.165 -0.06165856425 2
0 0.245 -0.155 -0.005051147816 2
0 0.245 -0.145 0.05160870033 2
0 0.245 -0.135 0.107732842 2
0 0.245 -0.125 0.1627386998 2
0 0.245 -0.115 0.2160553043 2
0 0.245 -0.105 0.2671292206 2
0 0.245 -0.095 0.3154302935 2
0 0.245 -0.085 0.3604571502 2
0 0.245 -0.075 0.4017424049 2
0 0.245 -0.065 0.43885751 2
0 0.245 -0.055 0.471417205 2
0 0.245 -0.045 0.4990835151 2
0 0.245 -0.035 0.5215692597 2
0 0.245 -0.025 0.538641033 2
0 0.245 -0.015 0.5501216275 2
0 0.245 -0.005 0.5558918728 2
0 0.245 0.005 0.5558918728 2
0 0.245 0.015 0.5501216275 2
0 0.245 0.025 0.538641033 2
0 0.245 0.035 0.5215692597 2
0 0.245 0.045 0.4990835151 2
0 0.245 0.055 0.471417205 2
0 0.245 0.065 0.43885751 2
0 0.245 0.075 0.4017424049 2
0 0.245 0.085 0.3604571502 2
0 0.245 0.095 0.3154302935 2
0 0.245 0.105 0.2671292206 2
0 0.245 0.115 0.2160553043 2
0 0.245 0.125 0.1627386998 2
0 0.245 0.135 0.107732842 2
0 0.245 0.145 0.05160870033 2
0 0.245 0.155 -0.005051147816 2
0 0.245 0.165 -0.06165856425 2
0 0.245 0.175 -0.1176259551 2
0 0.245 0.185 -0.1723723699 2
0 0.245 0.195 -0.2253295324 2
0 0.245 0.205 -0.2759477388 2
0 0.245 0.215 -0.3237015642 2
0 0.245 0.225 -0.3680953163 2
0 0.245 0.235 -0.4086681809 2
0 0.245 0.245 -0.4449990054 2
0 0.245 0.255 -0.4767106701 2
0 0.245 0.265 -0.5034740029 2
0 0.245 0.275 -0.5250111961 2
0 0.245 0.285 -0.5410986904 2
0 0.245 0.295 -0.5515694949 2
0 0.245 0.305 -0.5563149211 2
0 0.245 0.315 -0.5552857107 2
0 0.245 0.325 -0.548492547 2
0 0.245 0.335 -0.5360059443 2
0 0.245 0.345 -0.5179555153 2
0 0.245 0.355 -0.4945286265 2
0 0.245 0.365 -0.4659684525 2
0 0.245 0.375 -0.4325714525 2
0 0.245 0.385 -0.3946842926 2
0 0.245 0.395 -0.3527002476 2
0 0.245 0.405 0 2
0 0.245 0.415 0 2
0 0.245 0.425 0 2
0 0.245 0.435 0 2
0 0.245 0.445 0 2
0 0.245 0.455 0 2
0 0.245 0.465 0 2
0 0.255 -0.455 0 2
0 0.255 -0.445 0 2
0 0.255 -0.435 0 1
0 0.255 -0.425 0 1
0 0.255 -0.415 0 1
0 0.255 -0.405 0 1
0 0.255 -0.395 -0.3977034006 1
0 0.255 -0.385 -0.4450444434 1
0 0.255 -0.375 -0.4877658546 1
0 0.255 -0.365 -0.5254241794 2
0 0.255 -0.355 -0.5576285183 2
0 0.255 -0.345 -0.5840445853 2
0 0.255 -0.335 -0.6043981774 2
0 0.255 -0.325 -0.6184780212 2
0 0.255 -0.315 -0.6261379656 2
0 0.255 -0.305 -0.6272984991 2
0 0.255 -0.295 -0.6219475754 2
0 0.255 -0.285 -0.6101407377 2
0 0.255 -0.275 -0.592000543 2
0 0.255 -0.265 -0.5677152893 2
0 0.255 -0.255 -0.5375370614 2
0 0.255 -0.245 -0.501779114 2
0 0.255 -0.235 -0.4608126204 2
0 0.255 -0.225 -0.415062819 2
0 0.255 -0.215 -0.3650046002 2
0 0.255 -0.205 -0.3111575761 2
0 0.255 -0.195 -0.2540806873 2
0 0.255 -0.185 -0.1943664008 2
0 0.255 -0.175 -0.1326345605 2
0 0.255 -0.165 -0.06952595256 2
0 0.255 -0.155 -0.005695654248 2
0 0.255 -0.145 0.05819376585 2
0 0.255 -0.135 0.1214791255 2
0 0.255 -0.125 0.1835035126 2
0 0.255 -0.115 0.2436231044 2
0 0.255 -0.105 0.3012138499 2
0 0.255 -0.095 0.3556779482 2
0 0.255 -0.085 0.4064500533 2
0 0.255 -0.075 0.4530031428 2
0 0.255 -0.065 0.4948539882 2
0 0.255 -0.055 0.5315681712 2
0 0.255 -0.045 0.5627645927 2
0 0.255 -0.035 0.5881194291 2
0 0.255 -0.025 0.607369493 2
0 0.255 -0.015 0.6203149659 2
0 0.255 -0.005 0.6268214716 2
0 0.255 0.005 0.6268214716 2
0 0.255 0.015 0.6203149659 2
0 0.255 0.025 0.607369493 2
0 0.255 0.035 0.5881194291 2
0 0.255 0.045 0.5627645927 2
0 0.255 0.055 0.5315681712 2
0 0.255 0.065 0.4948539882 2
0 0.255 0.075 0.4530031428 2
0 0.255 0.085 0.4064500533 2
0 0.255 0.095 0.3556779482 2
0 0.255 0.105 0.3012138499 2
0 0.255 0.115 0.2436231044 2
0 0.255 0.125 0.1835035126 2
0 0.255 0.135 0.1214791255 2
0 0.255 0.145 0.05819376585 2
0 0.255 0.155 -0.005695654248 2
0 0.255 0.165 -0.06952595256 2
0 0.255 0.175 -0.1326345605 2
0 0.255 0.185 -0.1943664008 2
0 0.255 0.195 -0.2540806873 2
0 0.255 0.205 -0.3111575761 2
0 0.255 0.215 -0.3650046002 2
0 0.255 0.225 -0.415062819 2
0 0.255 0.235 -0.4608126204 2
0 0.255 0.245 -0.501779114 2
0 0.255 0.255 -0.5375370614 2
0 0.255 0.265 -0.5677152893 2
0 0.255 0.275 -0.592000543 2
0 0.255 0.285 -0.6101407377 2
0 0.255 0.295 -0.6219475754 2
0 0.255 0.305 -0.6272984991 2
0 0.255 0.315 -0.6261379656 2
0 0.255 0.325 -0.6184780212 2
0 0.255 0.335 -0.6043981774 2
0 0.255 0.345 -0.5840445853 2
0 0.255 0.355 -0.5576285183 2
0 0.255 0.365 -0.5254241794 2
0 0.255 0.375 -0.4877658546 2
0 0.255 0.385 -0.4450444434 2
0 0.255 0.395 -0.3977034006 2
0 0.255 0.405 0 2
0 0.255 0.415 0 2
0 0.255 0.425 0 2
0 0.255 0.435 0 2
0 0.255 0.445 0 2
0 0.255 0.455 0 2
0 0.255 0.465 0 2
0 0.265 -0.455 0 2
0 0.265 -0.445 0 2
0 0.265 -0.435 0 1
0 0.265 -0.425 0 1
0 0.265 -0.415 0 1
0 0.265 -0.405 0 1
0 0.265 -0.395 -0.4396141524 1
0 0.265 -0.385 -0.4919440856 1
0 0.265 -0.375 -0.5391675616 1
0 0.265 -0.365 -0.5807943933 2
0 0.265 -0.355 -0.6163924876 2
0 0.265 -0.345 -0.6455923307 2
0 0.265 -0.335 -0.6680908237 2
0 0.265 -0.325 -0.6836544285 2
0 0.265 -0.315 -0.6921215926 2
0 0.265 -0.305 -0.6934044254 2
0 0.265 -0.295 -0.687489611 2
0 0.265 -0.285 -0.674438546 2
0 0.265 -0.275 -0.6543867026 2
0 0.265 -0.265 -0.627542222 2
0 0.265 -0.255 -0.5941837542 2
0 0.265 -0.245 -0.5546575653 2
0 0.265 -0.235 -0.5093739435 2
0 0.265 -0.225 -0.4588029398 2
0 0.265 -0.215 -0.4034694893 2
0 0.265 -0.205 -0.3439479619 2
0 0.265 -0.195 -0.2808562004 2
0 0.265 -0.185 -0.2148491072 2
0 0.265 -0.175 -0.1466118464 2
0 0.265 -0.165 -0.0768527316 2
0 0.265 -0.155 -0.006295873284 2
0 0.265 -0.145 0.06432633719 2
0 0.265 -0.135 0.1342808301 2
0 0.265 -0.125 0.2028414669 2
0 0.265 -0.115 0.2692965773 2
0 0.265 -0.105 0.3329563467 2
0 0.265 -0.095 0.3931599767 2
0 0.265 -0.085 0.4492825442 2
0 0.265 -0.075 0.5007414881 2
0 0.265 -0.065 0.5470026563 2
0 0.265 -0.055 0.5875858508 2
0 0.265 -0.045 0.6220698114 2
0 0.265 -0.035 0.6500965894 2
0 0.265 -0.025 0.6713752622 2
0 0.265 -0.015 0.685684954 2
0 0.265 -0.005 0.6928771278 2
0 0.265 0.005 0.6928771278 2
0 0.265 0.015 0.685684954 2
0 0.265 0.025 0.6713752622 2
0 0.265 0.035 0.6500965894 2
0 0.265 0.045 0.6220698114 2
0 0.265 0.055 0.5875858508 2
0 0.265 0.065 0.5470026563 2
0 0.265 0.075 0.5007414881 2
0 0.265 0.085 0.4492825442 2
0 0.265 0.095 0.3931599767 2
0 0.265 0.105 0.3329563467 2
0 0.265 0.115 0.2692965773 2
0 0.265 0.125 0.2028414669 2
0 0.265 0.135 0.1342808301 2
0 0.265 0.145 0.06432633719 2
0 0.265 0.155 -0.006295873284 2
0 0.265 0.165 -0.0768527316 2
0 0.265 0.175 -0.1466118464 2
0 0.265 0.185 -0.2148491072 2
0 0.265 0.195 -0.2808562004 2
0 0.265 0.205 -0.3439479619 2
0 0.265 0.215 -0.4034694893 2
0 0.265 0.225 -0.4588029398 2
0 0.265 0.235 -0.5093739435 2
0 0.265 0.245 -0.5546575653 2
0 0.265 0.255 -0.5941837542 2
0 0.265 0.265 -0.627542222 2
0 0.265 0.275 -0.6543867026 2
0 0.265 0.285 -0.674438546 2
0 0.265 0.295 -0.687489611 2
0 0.265 0.305 -0.6934044254 2
0 0.265 0.315 -0.6921215926 2
0 0.265 0.325 -0.6836544285 2
0 0.265 0.335 -0.6680908237 2
0 0.265 0.345 -0.6455923307 2
0 0.265 0.355 -0.6163924876 2
0 0.265 0.365 -0.5807943933 2
0 0.265 0.375 -0.5391675616 2
0 0.265 0.385 -0.4919440856 2
0 0.265 0.395 -0.4396141524 2
0 0.265 0.405 0 2
0 0.265 0.415 0 2
0 0.265 0.425 0 2
0 0.265 0.435 0 2
0 0.265 0.445 0 2
0 0.265 0.455 0 2
0 0.265 0.465 0 2
0 0.275 -0.455 0 2
0 0.275 -0.445 0 2
0 0.275 -0.435 0 1
0 0.275 -0.425 0 1
0 0.275 -0.415 0 1
0 0.275 -0.405 0 1
0 0.275 -0.395 -0.4781066197 1
0 0.275 -0.385 -0.5350185442 1
0 0.275 -0.375 -0.5863768919 1
0 0.275 -0.365 -0.631648555 2
0 0.275 -0.355 -0.6703636064 2
0 0.275 -0.345 -0.702120178 2
0 0.275 -0.335 -0.7265886314 2
0 0.275 -0.325 -0.7435149802 2
0 0.275 -0.315 -0.7527235264 2
0 0.275 -0.305 -0.7541186836 2
0 0.275 -0.295 -0.74768597 2
0 0.275 -0.285 -0.7334921582 2
0 0.275 -0.275 -0.7116845821 2
0 0.275 -0.265 -0.6824896078 2
0 0.275 -0.255 -0.6462102838 2
0 0.275 -0.245 -0.6032231951 2
0 0.275 -0.235 -0.5539745546 2
0 0.275 -0.225 -0.4989755709 2
0 0.275 -0.215 -0.4387971421 2
0 0.275 -0.205 -0.3740639297 2
0 0.275 -0.195 -0.3054478748 2
0 0.275 -0.185 -0.2336612228 2
0 0.275 -0.175 -0.1594491304 2
0 0.275 -0.165 -0.08358193092 2
0 0.275 -0.155 -0.00684713783 2
0 0.275 -0.145 0.06995872963 2
0 0.275 -0.135 0.1460384145 2
0 0.275 -0.125 0.2206021975 2
0 0.275 -0.115 0.292876095 2
0 0.275 -0.105 0.3621098924 2
0 0.275 -0.095 0.427584932 1
0 0.275 -0.085 0.4886215726 1
0 0.275 -0.075 0.5445862443 1
0 0.275 -0.065 0.5948980249 1
0 0.275 -0.055 0.6390346702 1
0 0.275 -0.045 0.6765380348 2
0 0.275 -0.035 0.707018828 2
0 0.275 -0.025 0.7301606543 2
0 0.275 -0.015 0.7457232979 2
0 0.275 -0.005 0.753545216 2
0 0.275 0.005 0.753545216 2
0 0.275 0.015 0.7457232979 2
0 0.275 0.025 0.7301606543 2
0 0.275 0.035 0.707018828 2
0 0.275 0.045 0.6765380348 2
0 0.275 0.055 0.6390346702 2
0 0.275 0.065 0.5948980249 2
0 0.275 0.075 0.5445862443 2
0 0.275 0.085 0.4886215726 2
0 0.275 0.095 0.427584932 2
0 0.275 0.105 0.3621098924 2
0 0.275 0.115 0.292876095 2
0 0.275 0.125 0.2206021975 2
0 0.275 0.135 0.1460384145 2
0 0.275 0.145 0.06995872963 2
0 0.275 0.155 -0.00684713783 2
0 0.275 0.165 -0.08358193092 2
0 0.275 0.175 -0.1594491304 2
0 0.275 0.185 -0.2336612228 2
0 0.275 0.195 -0.3054478748 2
0 0.275 0.205 -0.3740639297 2
0 0.275 0.215 -0.4387971421 2
0 0.275 0.225 -0.4989755709 2
0 0.275 0.235 -0.5539745546 2
0 0.275 0.245 -0.6032231951 2
0 0.275 0.255 -0.6462102838 2
0 0.275 0.265 -0.6824896078 2
0 0.275 0.275 -0.7116845821 2
0 0.275 0.285 -0.7334921582 2
0 0.275 0.295 -0.74768597 2
0 0.275 0.305 -0.7541186836 2
0 0.275 0.315 -0.7527235264 2
0 0.275 0.325 -0.7435149802 2
0 0.275 0.335 -0.7265886314 2
0 0.275 0.345 -0.702120178 2
0 0.275 0.355 -0.6703636064 2
0 0.275 0.365 -0.631648555 2
0 0.275 0.375 -0.5863768919 2
0 0.275 0.385 -0.5350185442 2
0 0.275 0.395 -0.4781066197 2
0 0.275 0.405 0 2
0 0.275 0.415 0 2
0 0.275 0.425 0 2
0 0.275 0.435 0 2
0 0.275 0.445 0 2
0 0.275 0.455 0 2
0 0.275 0.465 0 2
0 0.285 -0.455 0 2
0 0.285 -0.445 0 2
0 0.285 -0.435 0 1
0 0.285 -0.425 0 1
0 0.285 -0.415 0 1
0 0.285 -0.405 0 1
0 0.285 -0.395 -0.5128814986 1
0 0.285 -0.385 -0.5739328874 1
0 0.285 -0.375 -0.6290267624 1
0 0.285 -0.365 -0.6775912404 2
0 0.285 -0.355 -0.7191222144 2
0 0.285 -0.345 -0.7531885865 2
0 0.285 -0.335 -0.7794367424 2
0 0.285 -0.325 -0.7975942219 2
0 0.285 -0.315 -0.8074725477 2
0 0.285 -0.305 -0.8089691811 2
0 0.285 -0.295 -0.8020685868 2
0 0.285 -0.285 -0.7868423942 2
0 0.285 -0.275 -0.7634486534 2
0 0.285 -0.265 -0.7321301953 2
0 0.285 -0.255 -0.6932121103 2
0 0.285 -0.245 -0.6470983743 2
0 0.285 -0.235 -0.5942676551 2
0 0.285 -0.225 -0.535268344 2
0 0.285 -0.215 -0.4707128631 2
0 0.285 -0.205 -0.4012713084 1
0 0.285 -0.195 -0.3276644943 1
0 0.285 -0.185 -0.2506564711 1
0 0.285 -0.175 -0.1710465942 1
0 0.285 -0.165 -0.08966122665 2
0 0.285 -0.155 -0.007345161449 2
0 0.285 -0.145 0.07504714768 2
0 0.285 -0.135 0.1566604556 2
0 0.285 -0.125 0.2366476033 2
0 0.285 -0.115 0.3141783115 1
0 0.285 -0.105 0.3884477993 1
0 0.285 -0.095 0.4586851378 1
0 0.285 -0.085 0.5241612521 1
0 0.285 -0.075 0.5841964901 1
0 0.285 -0.065 0.6381676763 1
0 0.285 -0.055 0.6855145815 1
0 0.285 -0.045 0.7257457372 1
0 0.285 -0.035 0.7584435378 2
0 0.285 -0.025 0.7832685748 2
0 0.285 -0.015 0.7999631605 2
0 0.285 -0.005 0.8083540025 2
0 0.285 0.005 0.8083540025 2
0 0.285 0.015 0.7999631605 2
0 0.285 0.025 0.7832685748 2
0 0.285 0.035 0.7584435378 2
0 0.285 0.045 0.7257457372 2
0 0.285 0.055 0.6855145815 2
0 0.285 0.065 0.6381676763 2
0 0.285 0.075 0.5841964901 2
0 0.285 0.085 0.5241612521 2
0 0.285 0.095 0.4586851378 2
0 0.285 0.105 0.3884477993 2
0 0.285 0.115 0.3141783115 2
0 0.285 0.125 0.2366476033 2
0 0.285 0.135 0.1566604556 2
0 0.285 0.145 0.07504714768 2
0 0.285 0.155 -0.007345161449 2
0 0.285 0.165 -0.08966122665 2
0 0.285 0.175 -0.1710465942 2
0 0.285 0.185 -0.2506564711 2
0 0.285 0.195 -0.3276644943 2
0 0.285 0.205 -0.4012713084 2
0 0.285 0.215 -0.4707128631 2
0 0.285 0.225 -0.535268344 2
0 0.285 0.235 -0.5942676551 2
0 0.285 0.245 -0.6470983743 2
0 0.285 0.255 -0.6932121103 2
0 0.285 0.265 -0.7321301953 2
0 0.285 0.275 -0.7634486534 2
0 0.285 0.285 -0.7868423942 2
0 0.285 0.295 -0.8020685868 2
0 0.285 0.305 -0.8089691811 2
0 0.285 0.315 -0.8074725477 2
0 0.285 0.325 -0.7975942219 2
0 0.285 0.335 -0.7794367424 2
0 0.285 0.345 -0.7531885865 2
0 0.285 0.355 -0.7191222144 2
0 0.285 0.365 -0.6775912404 2
0 0.285 0.375 -0.6290267624 2
0 0.285 0.385 -0.5739328874 2
0 0.285 0.395 -0.5128814986 2
0 0.285 0.405 0 2
0 0.285 0.415 0 2
0 0.285 0.425 0 2
0 0.285 0.435 0 2
0 0.285 0.445 0 2
0 0.285 0.455 0 2
0 0.285 0.465 0 2
0 0.295 -0.455 0 2
0 0.295 -0.445 0 2
0 0.295 -0.435 0 1
0 0.295 -0.425 0 1
0 0.295 -0.415 0 1
0 0.295 -0.405 0 1
0 0.295 -0.395 -0.543668392 1
0 0.295 -0.385 -0.6083845311 1
0 0.295 -0.375 -0.6667855428 1
0 0.295 -0.365 -0.7182652154 2
0 0.295 -0.355 -0.7622891819 2
0 0.295 -0.345 -0.7984004664 2
0 0.295 -0.335 -0.8262242283 2
0 0.295 -0.325 -0.8454716523 2
0 0.295 -0.315 -0.8559429474 2
0 0.295 -0.305 -0.8575294196 2
0 0.295 -0.295 -0.8502146013 2
0 0.295 -0.285 -0.8340744214 2
0 0.295 -0.275 -0.8092764175 2
0 0.295 -0.265 -0.7760779967 2
0 0.295 -0.255 -0.734823764 2
0 0.295 -0.245 -0.6859419448 2
0 0.295 -0.235 -0.62993994 2
0 0.295 -0.225 -0.5673990593 2
0 0.295 -0.215 -0.498968487 2
0 0.295 -0.205 -0.425358543 1
0 0.295 -0.195 -0.3473333104 1
0 0.295 -0.185 -0.2657027032 1
0 0.295 -0.175 -0.18131406 1
0 0.295 -0.165 -0.09504334831 1
0 0.295 -0.155 -0.007786071685 2
0 0.295 -0.145 0.07955202559 2
0 0.295 -0.135 0.1660643603 2
0 0.295 -0.125 0.2508529208 1
0 0.295 -0.115 0.3330375884 1
0 0.295 -0.105 0.4117652733 1
0 0.295 -0.095 0.4862187698 1
0 0.295 -0.085 0.5556252387 1
0 0.295 -0.075 0.6192642301 1
0 0.295 -0.065 0.6764751612 1
0 0.295 -0.055 0.7266641734 1
0 0.295 -0.045 0.7693102969 1
0 0.295 -0.035 0.8039708582 2
0 0.295 -0.025 0.8302860753 2
0 0.295 -0.015 0.847982792 2
0 0.295 -0.005 0.8568773136 2
0 0.295 0.005 0.8568773136 2
0 0.295 0.015 0.847982792 2
0 0.295 0.025 0.8302860753 2
0 0.295 0.035 0.8039708582 2
0 0.295 0.045 0.7693102969 2
0 0.295 0.055 0.7266641734 2
0 0.295 0.065 0.6764751612 2
0 0.295 0.075 0.6192642301 2
0 0.295 0.085 0.5556252387 2
0 0.295 0.095 0.4862187698 2
0 0.295 0.105 0.4117652733 2
0 0.295 0.115 0.3330375884 2
0 0.295 0.125 0.2508529208 2
0 0.295 0.135 0.1660643603 2
0 0.295 0.145 0.07955202559 2
0 0.295 0.155 -0.007786071685 2
0 0.295 0.165 -0.09504334831 2
0 0.295 0.175 -0.18131406 2
0 0.295 0.185 -0.2657027032 2
0 0.295 0.195 -0.3473333104 2
0 0.295 0.205 -0.425358543 2
0 0.295 0.215 -0.498968487 2
0 0.295 0.225 -0.5673990593 2
0 0.295 0.235 -0.62993994 2
0 0.295 0.245 -0.6859419448 2
0 0.295 0.255 -0.734823764 2
0 0.295 0.265 -0.7760779967 2
0 0.295 0.275 -0.8092764175 2
0 0.295 0.285 -0.8340744214 2
0 0.295 0.295 -0.8502146013 2
0 0.295 0.305 -0.8575294196 2
0 0.295 0.315 -0.8559429474 2
0 0.295 0.325 -0.8454716523 2
0 0.295 0.335 -0.8262242283 2
0 0.295 0.345 -0.7984004664 2
0 0.295 0.355 -0.7622891819 2
0 0.295 0.365 -0.7182652154 2
0 0.295 0.375 -0.6667855428 2
0 0.295 0.385 -0.6083845311 2
0 0.295 0.395 -0.543668392 2
0 0.295 0.405 0 2
0 0.295 0.415 0 2
0 0.295 0.425 0 2
0 0.295 0.435 0 2
0 0.295 0.445 0 2
0 0.295 0.455 0 2
0 0.295 0.465 0 2
0 0.305 -0.455 0 2
0 0.305 -0.445 0 2
0 0.305 -0.435 0 2
0 0.305 -0.425 0 1
0 0.305 -0.415 0 1
0 0.305 -0.405 0 1
0 0.305 -0.395 -0.5702279119 1
0 0.305 -0.385 -0.6381055913 1
0 0.305 -0.375 -0.6993596341 1
0 0.305 -0.365 -0.7533542136 2
0 0.305 -0.355 -0.7995288577 2
0 0.305 -0.345 -0.8374042661 2
0 0.305 -0.335 -0.8665872862 2
0 0.305 -0.325 -0.8867749936 2
0 0.305 -0.315 -0.8977578368 2
0 0.305 -0.305 -0.8994218121 2
0 0.305 -0.295 -0.8917496471 2
0 0.305 -0.285 -0.8748209803 2
0 0.305 -0.275 -0.8488115337 2
0 0.305 -0.265 -0.8139912896 2
0 0.305 -0.255 -0.7707216875 2
0 0.305 -0.245 -0.7194518728 2
0 0.305 -0.235 -0.6607140343 2
0 0.305 -0.225 -0.5951178799 2
0 0.305 -0.215 -0.523344308 1
0 0.305 -0.205 -0.4461383397 1
0 0.305 -0.195 -0.3643013852 1
0 0.305 -0.185 -0.2786829248 1
0 0.305 -0.175 -0.1901716917 1
0 0.305 -0.165 -0.09968644644 1
0 0.305 -0.155 -0.008166440175 1
0 0.305 -0.145 0.08343833503 2
0 0.305 -0.135 0.1741770072 1
0 0.305 -0.125 0.2631076945 1
0 0.305 -0.115 0.3493072825 1
0 0.305 -0.105 0.4318810058 1
0 0.305 -0.095 0.5099717362 1
0 0.305 -0.085 0.5827688795 1
0 0.305 -0.075 0.64951679 1
0 0.305 -0.065 0.7095226138 1
0 0.305 -0.055 0.7621634811 1
0 0.305 -0.045 0.8068929712 1
0 0.305 -0.035 0.843246785 1
0 0.305 -0.025 0.8708475643 1
0 0.305 -0.015 0.8894088085 1
0 0.305 -0.005 0.8987378491 1
0 0.305 0.005 0.8987378491 1
0 0.305 0.015 0.8894088085 1
0 0.305 0.025 0.8708475643 2
0 0.305 0.035 0.843246785 2
0 0.305 0.045 0.8068929712 2
0 0.305 0.055 0.7621634811 2
0 0.305 0.065 0.7095226138 2
0 0.305 0.075 0.64951679 2
0 0.305 0.085 0.5827688795 2
0 0.305 0.095 0.5099717362 2
0 0.305 0.105 0.4318810058 2
0 0.305 0.115 0.3493072825 2
0 0.305 0.125 0.2631076945 2
0 0.305 0.135 0.1741770072 2
0 0.305 0.145 0.08343833503 2
0 0.305 0.155 -0.008166440175 2
0 0.305 0.165 -0.09968644644 2
0 0.305 0.175 -0.1901716917 2
0 0.305 0.185 -0.2786829248 2
0 0.305 0.195 -0.3643013852 2
0 0.305 0.205 -0.4461383397 2
0 0.305 0.215 -0.523344308 2
0 0.305 0.225 -0.5951178799 2
0 0.305 0.235 -0.6607140343 2
0 0.305 0.245 -0.7194518728 2
0 0.305 0.255 -0.7707216875 2
0 0.305 0.265 -0.8139912896 2
0 0.305 0.275 -0.8488115337 2
0 0.305 0.285 -0.8748209803 2
0 0.305 0.295 -0.8917496471 2
0 0.305 0.305 -0.8994218121 2
0 0.305 0.315 -0.8977578368 2
0 0.305 0.325 -0.8867749936 2
0 0.305 0.335 -0.8665872862 2
0 0.305 0.345 -0.8374042661 2
0 0.305 0.355 -0.7995288577 2
0 0.305 0.365 -0.7533542136 2
0 0.305 0.375 -0.6993596341 2
0 0.305 0.385 -0.6381055913 2
0 0.305 0.395 -0.5702279119 2
0 0.305 0.405 0 2
0 0.305 0.415 0 2
0 0.305 0.425 0 2
0 0.305 0.435 0 2
0 0.305 0.445 0 2
0 0.305 0.455 0 2
0 0.305 0.465 0 2
0 0.315 -0.455 0 2
0 0.315 -0.445 0 2
0 0.315 -0.435 0 2
0 0.315 -0.425 0 1
0 0.315 -0.415 0 1
0 0.315 -0.405 0 1
0 0.315 -0.395 -0.5923535407 1
0 0.315 -0.385 -0.6628649676 1
0 0.315 -0.375 -0.7264957517 1
0 0.315 -0.365 -0.7825853954 2
0 0.315 -0.355 -0.8305516792 2
0 0.315 -0.345 -0.8698967057 2
0 0.315 -0.335 -0.9002120671 2
0 0.315 -0.325 -0.9211830855 2
0 0.315 -0.315 -0.9325920781 2
0 0.315 -0.305 -0.9343206179 2
0 0.315 -0.295 -0.9263507624 2
0 0.315 -0.285 -0.9087652399 2
0 0.315 -0.275 -0.881746591 2
0 0.315 -0.265 -0.8455752734 2
0 0.315 -0.255 -0.8006267512 2
0 0.315 -0.245 -0.747367597 2
0 0.315 -0.235 -0.6863506494 2
0 0.315 -0.225 -0.6182092737 2
0 0.315 -0.215 -0.5436507884 1
0 0.315 -0.205 -0.4634491222 1
0 0.315 -0.195 -0.378436781 1
0 0.315 -0.185 -0.2894962063 1
0 0.315 -0.175 -0.1975506154 1
0 0.315 -0.165 -0.1035544179 1
0 0.315 -0.155 -0.008483309308 1
0 0.315 -0.145 0.08667585742 1
0 0.315 -0.135 0.1809353151 1
0 0.315 -0.125 0.2733166356 1
0 0.315 -0.115 0.3628608864 1
0 0.315 -0.105 0.448638584 1
0 0.315 -0.095 0.5297593424 1
0 0.315 -0.085 0.6053811152 1
0 0.315 -0.075 0.6747189366 1
0 0.315 -0.065 0.7370530691 1
0 0.315 -0.055 0.7917364745 1
0 0.315 -0.045 0.8382015305 1
0 0.315 -0.035 0.8759659224 1
0 0.315 -0.025 0.9046376499 1
0 0.315 -0.015 0.923919096 1
0 0.315 -0.005 0.9336101162 1
0 0.315 0.005 0.9336101162 1
0 0.315 0.015 0.923919096 1
0 0.315 0.025 0.9046376499 1
0 0.315 0.035 0.8759659224 1
0 0.315 0.045 0.8382015305 2
0 0.315 0.055 0.7917364745 2
0 0.315 0.065 0.7370530691 2
0 0.315 0.075 0.6747189366 2
0 0.315 0.085 0.6053811152 2
0 0.315 0.095 0.5297593424 2
0 0.315 0.105 0.448638584 2
0 0.315 0.115 0.3628608864 2
0 0.315 0.125 0.2733166356 2
0 0.315 0.135 0.1809353151 2
0 0.315 0.145 0.08667585742 2
0 0.315 0.155 -0.008483309308 2
0 0.315 0.165 -0.1035544179 2
0 0.315 0.175 -0.1975506154 2
0 0.315 0.185 -0.2894962063 2
0 0.315 0.195 -0.378436781 2
0 0.315 0.205 -0.4634491222 2
0 0.315 0.215 -0.5436507884 2
0 0.315 0.225 -0.6182092737 2
0 0.315 0.235 -0.6863506494 2
0 0.315 0.245 -0.747367597 2
0 0.315 0.255 -0.8006267512 2
0 0.315 0.265 -0.8455752734 2
0 0.315 0.275 -0.881746591 2
0 0.315 0.285 -0.9087652399 2
0 0.315 0.295 -0.9263507624 2
0 0.315 0.305 -0.9343206179 2
0 0.315 0.315 -0.9325920781 2
0 0.315 0.325 -0.9211830855 2
0 0.315 0.335 -0.9002120671 2
0 0.315 0.345 -0.8698967057 2
0 0.315 0.355 -0.8305516792 2
0 0.315 0.365 -0.7825853954 2
0 0.315 0.375 -0.7264957517 2
0 0.315 0.385 -0.6628649676 2
0 0.315 0.395 -0.5923535407 2
0 0.315 0.405 0 2
0 0.315 0.415 0 2
0 0.315 0.425 0 2
0 0.315 0.435 0 2
0 0.315 0.445 0 2
0 0.315 0.455 0 2
0 0.315 0.465 0 2
0 0.325 -0.455 0 2
0 0.325 -0.445 0 2
0 0.325 -0.435 0 2
0 0.325 -0.425 0 2
0 0.325 -0.415 0 1
0 0.325 -0.405 0 1
0 0.325 -0.395 -0.6098732374 1
0 0.325 -0.385 -0.6824701399 1
0 0.325 -0.375 -0.7479828948 2
0 0.325 -0.365 -0.8057314692 2
0 0.325 -0.355 -0.855116424 2
0 0.325 -0.345 -0.8956251354 2
0 0.325 -0.335 -0.9268371168 2
0 0.325 -0.325 -0.9484283827 2
0 0.325 -0.315 -0.9601748125 2
0 0.325 -0.305 -0.9619544763 2
0 0.325 -0.295 -0.9537489011 2
0 0.325 -0.285 -0.9356432618 2
0 0.325 -0.275 -0.907825498 2
0 0.325 -0.265 -0.8705843623 2
0 0.325 -0.255 -0.8243064237 2
0 0.325 -0.245 -0.7694720545 2
0 0.325 -0.235 -0.706650444 2
0 0.325 -0.225 -0.6364936905 2
0 0.325 -0.215 -0.5597300321 1
0 0.325 -0.205 -0.4771562878 1
0 0.325 -0.195 -0.3896295859 1
0 0.325 -0.185 -0.2980584675 1
0 0.325 -0.175 -0.2033934553 1
0 0.325 -0.165 -0.1066171868 1
0 0.325 -0.155 -0.008734215222 1
0 0.325 -0.145 0.08923941893 1
0 0.325 -0.135 0.1862867338 1
0 0.325 -0.125 0.2814003631 1
0 0.325 -0.115 0.3735930122 1
0 0.325 -0.105 0.4619077069 1
0 0.325 -0.095 0.5454277268 1
0 0.325 -0.085 0.6232861209 1
0 0.325 -0.075 0.6946747068 1
0 0.325 -0.065 0.7588524598 1
0 0.325 -0.055 0.8151532045 1
0 0.325 -0.045 0.8629925304 1
0 0.325 -0.035 0.9018738579 1
0 0.325 -0.025 0.9313935924 1
0 0.325 -0.015 0.9512453147 1
0 0.325 -0.005 0.9612229606 1
0 0.325 0.005 0.9612229606 1
0 0.325 0.015 0.9512453147 1
0 0.325 0.025 0.9313935924 1
0 0.325 0.035 0.9018738579 1
0 0.325 0.045 0.8629925304 2
0 0.325 0.055 0.8151532045 2
0 0.325 0.065 0.7588524598 2
0 0.325 0.075 0.6946747068 2
0 0.325 0.085 0.6232861209 2
0 0.325 0.095 0.5454277268 2
0 0.325 0.105 0.4619077069 2
0 0.325 0.115 0.3735930122 2
0 0.325 0.125 0.2814003631 2
0 0.325 0.135 0.1862867338 2
0 0.325 0.145 0.08923941893 2
0 0.325 0.155 -0.008734215222 2
0 0.325 0.165 -0.1066171868 1
0 0.325 0.175 -0.2033934553 1
0 0.325 0.185 -0.2980584675 1
0 0.325 0.195 -0.3896295859 2
0 0.325 0.205 -0.4771562878 2
0 0.325 0.215 -0.5597300321 2
0 0.325 0.225 -0.6364936905 2
0 0.325 0.235 -0.706650444 2
0 0.325 0.245 -0.7694720545 2
0 0.325 0.255 -0.8243064237 2
0 0.325 0.265 -0.8705843623 2
0 0.325 0.275 -0.907825498 2
0 0.325 0.285 -0.9356432618 2
0 0.325 0.295 -0.9537489011 2
0 0.325 0.305 -0.9619544763 2
0 0.325 0.315 -0.9601748125 2
0 0.325 0.325 -0.9484283827 2
0 0.325 0.335 -0.9268371168 2
0 0.325 0.345 -0.8956251354 2
0 0.325 0.355 -0.855116424 2
0 0.325 0.365 -0.8057314692 2
0 0.325 0.375 -0.7479828948 2
0 0.325 0.385 -0.6824701399 2
0 0.325 0.395 -0.6098732374 2
0 0.325 0.405 0 2
0 0.325 0.415 0 2
0 0.325 0.425 0 2
0 0.325 0.435 0 2
0 0.325 0.445 0 2
0 0.325 0.455 0 2
0 0.325 0.465 0 2
0 0.335 -0.455 0 2
0 0.335 -0.445 0 2
0 0.335 -0.435 0 2
0 0.335 -0.425 0 2
0 0.335 -0.415 0 2
0 0.335 -0.405 0 2
0 0.335 -0.395 -0.6226507751 2
0 0.335 -0.385 -0.6967686652 2
0 0.335 -0.375 -0.7636539868 2
0 0.335 -0.365 -0.8226124595 2
0 0.335 -0.355 -0.8730320852 2
0 0.335 -0.345 -0.9143895003 2
0 0.335 -0.335 -0.9462554081 2
0 0.335 -0.325 -0.9682990356 2
0 0.335 -0.315 -0.9802915664 2
0 0.335 -0.305 -0.9821085163 2
0 0.335 -0.295 -0.9737310248 2
0 0.335 -0.285 -0.9552460518 2
0 0.335 -0.275 -0.9268454742 2
0 0.335 -0.265 -0.8888240945 2
0 0.335 -0.255 -0.8415765804 2
0 0.335 -0.245 -0.7855933688 2
0 0.335 -0.235 -0.7214555742 2
0 0.335 -0.225 -0.6498289569 2
0 0.335 -0.215 -0.5714570126 2
0 0.335 -0.205 -0.4871532545 1
0 0.335 -0.195 -0.3977927687 1
0 0.335 -0.185 -0.3043031313 1
0 0.335 -0.175 -0.2076547794 1
0 0.335 -0.165 -0.1088509381 1
0 0.335 -0.155 -0.008917206961 1
0 0.335 -0.145 0.09110908621 1
0 0.335 -0.135 0.1901896527 1
0 0.335 -0.125 0.2872960206 1
0 0.335 -0.115 0.3814202105 1
0 0.335 -0.105 0.4715851985 1
0 0.335 -0.095 0.5568550578 1
0 0.335 -0.085 0.6363446738 1
0 0.335 -0.075 0.7092289317 1
0 0.335 -0.065 0.7747512815 1
0 0.335 -0.055 0.8322315909 1
0 0.335 -0.045 0.8810732051 1
0 0.335 -0.035 0.9207691405 1
0 0.335 -0.025 0.9509073471 1
0 0.335 -0.015 0.9711749855 1
0 0.335 -0.005 0.9813616744 1
0 0.335 0.005 0.9813616744 1
0 0.335 0.015 0.9711749855 1
0 0.335 0.025 0.9509073471 1
0 0.335 0.035 0.9207691405 1
0 0.335 0.045 0.8810732051 2
0 0.335 0.055 0.8322315909 2
0 0.335 0.065 0.7747512815 2
0 0.335 0.075 0.7092289317 2
0 0.335 0.085 0.6363446738 2
0 0.335 0.095 0.5568550578 2
0 0.335 0.105 0.4715851985 2
0 0.335 0.115 0.3814202105 2
0 0.335 0.125 0.2872960206 2
0 0.335 0.135 0.1901896527 2
0 0.335 0.145 0.09110908621 1
0 0.335 0.155 -0.008917206961 1
0 0.335 0.165 -0.1088509381 1
0 0.335 0.175 -0.2076547794 1
0 0.335 0.185 -0.3043031313 1
0 0.335 0.195 -0.3977927687 1
0 0.335 0.205 -0.4871532545 2
0 0.335 0.215 -0.5714570126 2
0 0.335 0.225 -0.6498289569 2
0 0.335 0.235 -0.7214555742 2
0 0.335 0.245 -0.7855933688 2
0 0.335 0.255 -0.8415765804 2
0 0.335 0.265 -0.8888240945 2
0 0.335 0.275 -0.9268454742 2
0 0.335 0.285 -0.9552460518 2
0 0.335 0.295 -0.9737310248 2
0 0.335 0.305 -0.9821085163 2
0 0.335 0.315 -0.9802915664 2
0 0.335 0.325 -0.9682990356 2
0 0.335 0.335 -0.9462554081 2
0 0.335 0.345 -0.9143895003 2
0 0.335 0.355 -0.8730320852 2
0 0.335 0.365 -0.8226124595 2
0 0.335 0.375 -0.7636539868 2
0 0.335 0.385 -0.6967686652 2
0 0.335 0.395 -0.6226507751 2
0 0.335 0.405 0 2
0 0.335 0.415 0 2
0 0.335 0.425 0 2
0 0.335 0.435 0 2
0 0.335 0.445 0 2
0 0.335 0.455 0 2
0 0.335 0.465 0 2
0 0.345 -0.455 0 2
0 0.345 -0.445 0 2
0 0.345 -0.435 0 2
0 0.345 -0.425 0 2
0 0.345 -0.415 0 2
0 0.345 -0.405 0 2
0 0.345 -0.395 -0.6305868001 2
0 0.345 -0.385 -0.7056493633 2
0 0.345 -0.375 -0.7733871749 2
0 0.345 -0.365 -0.8330971056 2
0 0.345 -0.355 -0.8841593571 2
0 0.345 -0.345 -0.926043895 2
0 0.345 -0.335 -0.9583159513 2
0 0.345 -0.325 -0.9806405369 2
0 0.345 -0.315 -0.9927859191 2
0 0.345 -0.305 -0.9946260269 2
0 0.345 -0.295 -0.9861417598 2
0 0.345 -0.285 -0.9674211857 2
0 0.345 -0.275 -0.9386586272 2
0 0.345 -0.265 -0.9001526441 2
0 0.345 -0.255 -0.8523029347 2
0 0.345 -0.245 -0.7956061864 2
0 0.345 -0.235 -0.7306509204 2
0 0.345 -0.225 -0.6581113827 2
0 0.345 -0.215 -0.5787405451 2
0 0.345 -0.205 -0.4933622894 1
0 0.345 -0.195 -0.4028628553 1
0 0.345 -0.185 -0.3081816413 1
0 0.345 -0.175 -0.2103014532 1
0 0.345 -0.165 -0.1102383029 1
0 0.345 -0.155 -0.009030861645 1
0 0.345 -0.145 0.09227032139 1
0 0.345 -0.135 0.1926137239 1
0 0.345 -0.125 0.2909577657 1
0 0.345 -0.115 0.3862816199 1
0 0.345 -0.105 0.47759581 1
0 0.345 -0.095 0.5639524804 1
0 0.345 -0.085 0.644455235 1
0 0.345 -0.075 0.7182684427 1
0 0.345 -0.065 0.7846259107 1
0 0.345 -0.055 0.8428388381 1
0 0.345 -0.045 0.8923029654 1
0 0.345 -0.035 0.9325048473 1
0 0.345 -0.025 0.9630271818 1
0 0.345 -0.015 0.9835531423 1
0 0.345 -0.005 0.9938696661 1
0 0.345 0.005 0.9938696661 1
0 0.345 0.015 0.9835531423 1
0 0.345 0.025 0.9630271818 1
0 0.345 0.035 0.9325048473 1
0 0.345 0.045 0.8923029654 2
0 0.345 0.055 0.8428388381 2
0 0.345 0.065 0.7846259107 2
0 0.345 0.075 0.7182684427 2
0 0.345 0.085 0.644455235 2
0 0.345 0.095 0.5639524804 2
0 0.345 0.105 0.47759581 2
0 0.345 0.115 0.3862816199 2
0 0.345 0.125 0.2909577657 2
0 0.345 0.135 0.1926137239 1
0 0.345 0.145 0.09227032139 1
0 0.345 0.155 -0.009030861645 1
0 0.345 0.165 -0.1102383029 1
0 0.345 0.175 -0.2103014532 1
0 0.345 0.185 -0.3081816413 1
0 0.345 0.195 -0.4028628553 1
0 0.345 0.205 -0.4933622894 2
0 0.345 0.215 -0.5787405451 2
0 0.345 0.225 -0.6581113827 2
0 0.345 0.235 -0.7306509204 2
0 0.345 0.245 -0.7956061864 2
0 0.345 0.255 -0.8523029347 2
0 0.345 0.265 -0.9001526441 2
0 0.345 0.275 -0.9386586272 2
0 0.345 0.285 -0.9674211857 2
0 0.345 0.295 -0.9861417598 2
0 0.345 0.305 -0.9946260269 2
0 0.345 0.315 -0.9927859191 2
0 0.345 0.325 -0.9806405369 2
0 0.345 0.335 -0.9583159513 2
0 0.345 0.345 -0.926043895 2
0 0.345 0.355 -0.8841593571 2
0 0.345 0.365 -0.8330971056 2
0 0.345 0.375 -0.7733871749 2
0 0.345 0.385 -0.7056493633 2
0 0.345 0.395 -0.6305868001 2
0 0.345 0.405 0 2
0 0.345 0.415 0 2
0 0.345 0.425 0 2
0 0.345 0.435 0 2
0 0.345 0.445 0 2
0 0.345 0.455 0 2
0 0.345 0.465 0 2
0 0.355 -0.455 0 2
0 0.355 -0.445 0 2
0 0.355 -0.435 0 2
0 0.355 -0.425 0 2
0 0.355 -0.415 0 2
0 0.355 -0.405 0 2
0 0.355 -0.395 -0.6336196047 2
0 0.355 -0.385 -0.709043181 2
0 0.355 -0.375 -0.7771067773 2
0 0.355 -0.365 -0.8371038827 2
0 0.355 -0.355 -0.8884117178 2
0 0.355 -0.345 -0.9304976992 2
0 0.355 -0.335 -0.9629249678 2
0 0.355 -0.325 -0.9853569234 2
0 0.355 -0.315 -0.9975607188 2
0 0.355 -0.305 -0.9994096766 2
0 0.355 -0.295 -0.9908846044 2
0 0.355 -0.285 -0.9720739938 2
0 0.355 -0.275 -0.9431731019 2
0 0.355 -0.265 -0.9044819245 2
0 0.355 -0.255 -0.856402082 2
0 0.355 -0.245 -0.799432651 2
0 0.355 -0.235 -0.734164983 2
0 0.355 -0.225 -0.6612765667 2
0 0.355 -0.215 -0.5815239953 1
0 0.355 -0.205 -0.4957351132 1
0 0.355 -0.195 -0.4048004225 1
0 0.355 -0.185 -0.3096638396 1
0 0.355 -0.175 -0.2113128972 1
0 0.355 -0.165 -0.1107684936 1
0 0.355 -0.155 -0.009074295536 1
0 0.355 -0.145 0.09271409511 1
0 0.355 -0.135 0.1935400988 1
0 0.355 -0.125 0.2923571258 1
0 0.355 -0.115 0.3881394397 1
0 0.355 -0.105 0.4798928051 1
0 0.355 -0.095 0.5666648074 1
0 0.355 -0.085 0.6475547398 2
0 0.355 -0.075 0.7217229518 2
0 0.355 -0.065 0.7883995657 1
0 0.355 -0.055 0.8468924679 1
0 0.355 -0.045 0.8965944928 1
0 0.355 -0.035 0.9369897254 1
0 0.355 -0.025 0.967658857 1
0 0.355 -0.015 0.988283537 1
0 0.355 -0.005 0.9986496781 1
0 0.355 0.005 0.9986496781 1
0 0.355 0.015 0.988283537 1
0 0.355 0.025 0.967658857 1
0 0.355 0.035 0.9369897254 1
0 0.355 0.045 0.8965944928 2
0 0.355 0.055 0.8468924679 2
0 0.355 0.065 0.7883995657 2
0 0.355 0.075 0.7217229518 2
0 0.355 0.085 0.6475547398 2
0 0.355 0.095 0.5666648074 2
0 0.355 0.105 0.4798928051 2
0 0.355 0.115 0.3881394397 2
0 0.355 0.125 0.2923571258 1
0 0.355 0.135 0.1935400988 1
0 0.355 0.145 0.09271409511 1
0 0.355 0.155 -0.009074295536 1
0 0.355 0.165 -0.1107684936 1
0 0.355 0.175 -0.2113128972 1
0 0.355 0.185 -0.3096638396 1
0 0.355 0.195 -0.4048004225 1
0 0.355 0.205 -0.4957351132 2
0 0.355 0.215 -0.5815239953 2
0 0.355 0.225 -0.6612765667 2
0 0.355 0.235 -0.734164983 2
0 0.355 0.245 -0.799432651 2
0 0.355 0.255 -0.856402082 2
0 0.355 0.265 -0.9044819245 2
0 0.355 0.275 -0.9431731019 2
0 0.355 0.285 -0.9720739938 2
0 0.355 0.295 -0.9908846044 2
0 0.355 0.305 -0.9994096766 2
0 0.355 0.315 -0.9975607188 2
0 0.355 0.325 -0.9853569234 2
0 0.355 0.335 -0.9629249678 2
0 0.355 0.345 -0.9304976992 2
0 0.355 0.355 -0.8884117178 2
0 0.355 0.365 -0.8371038827 2
0 0.355 0.375 -0.7771067773 2
0 0.355 0.385 -0.709043181 2
0 0.355 0.395 -0.6336196047 2
0 0.355 0.405 0 2
0 0.355 0.415 0 2
0 0.355 0.425 0 2
0 0.355 0.435 0 2
0 0.355 0.445 0 2
0 0.355 0.455 0 2
0 0.355 0.465 0 2
0 0.365 -0.455 0 2
0 0.365 -0.445 0 2
0 0.365 -0.435 0 2
0 0.365 -0.425 0 2
0 0.365 -0.415 0 2
0 0.365 -0.405 0 2
0 0.365 -0.395 -0.6317256068 2
0 0.365 -0.385 -0.7069237291 2
0 0.365 -0.375 -0.7747838716 2
0 0.365 -0.365 -0.8346016353 2
0 0.365 -0.355 -0.8857561025 2
0 0.365 -0.345 -0.9277162817 2
0 0.365 -0.335 -0.9600466196 2
0 0.365 -0.325 -0.9824115223 2
0 0.365 -0.315 -0.9945788384 2
0 0.365 -0.305 -0.9964222694 2
0 0.365 -0.295 -0.9879226801 2
0 0.365 -0.285 -0.9691682976 2
0 0.365 -0.275 -0.9403537954 2
0 0.365 -0.265 -0.9017782726 2
0 0.365 -0.255 -0.8538421491 1
0 0.365 -0.245 -0.7970430094 1
0 0.365 -0.235 -0.7319704377 1
0 0.365 -0.225 -0.6592998974 1
0 0.365 -0.215 -0.5797857202 1
0 0.365 -0.205 -0.4942532758 1
0 0.365 -0.195 -0.4035904045 1
0 0.365 -0.185 -0.3087382012 1
0 0.365 -0.175 -0.2106812466 1
0 0.365 -0.165 -0.1104373875 1
0 0.365 -0.155 -0.009047170908 1
0 0.365 -0.145 0.09243695675 1
0 0.365 -0.135 0.1929615742 1
0 0.365 -0.125 0.2914832201 2
0 0.365 -0.115 0.3869792243 2
0 0.365 -0.105 0.478458323 2
0 0.365 -0.095 0.564970949 2
0 0.365 -0.085 0.6456190874 2
0 0.365 -0.075 0.7195655979 2
0 0.365 -0.065 0.786042904 2
0 0.365 -0.055 0.8443609608 2
0 0.365 -0.045 0.8939144178 1
0 0.365 -0.035 0.9341889021 1
0 0.365 -0.025 0.9647663584 1
0 0.365 -0.015 0.9853293877 1
0 0.365 -0.005 0.9956645426 1
0 0.365 0.005 0.9956645426 1
0 0.365 0.015 0.9853293877 1
0 0.365 0.025 0.9647663584 2
0 0.365 0.035 0.9341889021 2
0 0.365 0.045 0.8939144178 2
0 0.365 0.055 0.8443609608 2
0 0.365 0.065 0.786042904 2
0 0.365 0.075 0.7195655979 2
0 0.365 0.085 0.6456190874 2
0 0.365 0.095 0.564970949 2
0 0.365 0.105 0.478458323 2
0 0.365 0.115 0.3869792243 2
0 0.365 0.125 0.2914832201 1
0 0.365 0.135 0.1929615742 1
0 0.365 0.145 0.09243695675 1
0 0.365 0.155 -0.009047170908 1
0 0.365 0.165 -0.1104373875 1
0 0.365 0.175 -0.2106812466 1
0 0.365 0.185 -0.3087382012 1
0 0.365 0.195 -0.4035904045 1
0 0.365 0.205 -0.4942532758 2
0 0.365 0.215 -0.5797857202 2
0 0.365 0.225 -0.6592998974 2
0 0.365 0.235 -0.7319704377 2
0 0.365 0.245 -0.7970430094 2
0 0.365 0.255 -0.8538421491 2
0 0.365 0.265 -0.9017782726 2
0 0.365 0.275 -0.9403537954 2
0 0.365 0.285 -0.9691682976 2
0 0.365 0.295 -0.9879226801 2
0 0.365 0.305 -0.9964222694 2
0 0.365 0.315 -0.9945788384 2
0 0.365 0.325 -0.9824115223 2
0 0.365 0.335 -0.9600466196 2
0 0.365 0.345 -0.9277162817 2
0 0.365 0.355 -0.8857561025 2
0 0.365 0.365 -0.8346016353 2
0 0.365 0.375 -0.7747838716 2
0 0.365 0.385 -0.7069237291 2
0 0.365 0.395 -0.6317256068 2
0 0.365 0.405 0 2
0 0.365 0.415 0 2
0 0.365 0.425 0 2
0 0.365 0.435 0 2
0 0.365 0.445 0 2
0 0.365 0.455 0 2
0 0.365 0.465 0 2
0 0.375 -0.455 0 2
0 0.375 -0.445 0 2
0 0.375 -0.435 0 2
0 0.375 -0.425 0 2
0 0.375 -0.415 0 2
0 0.375 -0.405 0 2
0 0.375 -0.395 -0.6249195335 2
0 0.375 -0.385 -0.6993074877 2
0 0.375 -0.375 -0.7664365199 2
0 0.375 -0.365 -0.8256098202 2
0 0.375 -0.355 -0.8762131604 2
0 0.375 -0.345 -0.9177212698 2
0 0.375 -0.335 -0.9497032877 2
0 0.375 -0.325 -0.9718272358 2
0 0.375 -0.315 -0.9838634639 2
0 0.375 -0.305 -0.9856870342 2
0 0.375 -0.295 -0.9772790176 2
0 0.375 -0.285 -0.9587266908 2
0 0.375 -0.275 -0.9302226297 1
0 0.375 -0.265 -0.8920627111 1
0 0.375 -0.255 -0.8446430409 1
0 0.375 -0.245 -0.7884558427 1
0 0.375 -0.235 -0.7240843486 1
0 0.375 -0.225 -0.6521967448 1
0 0.375 -0.215 -0.5735392359 1
0 0.375 -0.205 -0.4889282993 1
0 0.375 -0.195 -0.3992422099 1
0 0.375 -0.185 -0.3054119234 1
0 0.375 -0.175 -0.208411413 1
0 0.375 -0.165 -0.1092475593 1
0 0.375 -0.155 -0.008949698671 1
0 0.375 -0.145 0.09144106124 1
0 0.375 -0.135 0.1908826485 2
0 0.375 -0.125 0.2883428438 2
0 0.375 -0.115 0.3828099949 2
0 0.375 -0.105 0.4733035179 2
0 0.375 -0.095 0.5588840758 2
0 0.375 -0.085 0.6386633288 2
0 0.375 -0.075 0.7118131558 2
0 0.375 -0.065 0.77757425 2
0 0.375 -0.055 0.8352640009 2
0 0.375 -0.045 0.8842835797 2
0 0.375 -0.035 0.9241241556 2
0 0.375 -0.025 0.954372177 2
0 0.375 -0.015 0.9747136648 2
0 0.375 -0.005 0.9849374711 2
0 0.375 0.005 0.9849374711 2
0 0.375 0.015 0.9747136648 2
0 0.375 0.025 0.954372177 2
0 0.375 0.035 0.9241241556 2
0 0.375 0.045 0.8842835797 2
0 0.375 0.055 0.8352640009 2
0 0.375 0.065 0.77757425 2
0 0.375 0.075 0.7118131558 2
0 0.375 0.085 0.6386633288 2
0 0.375 0.095 0.5588840758 2
0 0.375 0.105 0.4733035179 2
0 0.375 0.115 0.3828099949 1
0 0.375 0.125 0.2883428438 1
0 0.375 0.135 0.1908826485 1
0 0.375 0.145 0.09144106124 1
0 0.375 0.155 -0.008949698671 1
0 0.375 0.165 -0.1092475593 1
0 0.375 0.175 -0.208411413 1
0 0.375 0.185 -0.3054119234 1
0 0.375 0.195 -0.3992422099 1
0 0.375 0.205 -0.4889282993 2
0 0.375 0.215 -0.5735392359 2
0 0.375 0.225 -0.6521967448 2
0 0.375 0.235 -0.7240843486 2
0 0.375 0.245 -0.7884558427 2
0 0.375 0.255 -0.8446430409 2
0 0.375 0.265 -0.8920627111 2
0 0.375 0.275 -0.9302226297 2
0 0.375 0.285 -0.9587266908 2
0 0.375 0.295 -0.9772790176 2
0 0.375 0.305 -0.9856870342 2
0 0.375 0.315 -0.9838634639 2
0 0.375 0.325 -0.9718272358 2
0 0.375 0.335 -0.9497032877 2
0 0.375 0.345 -0.9177212698 2
0 0.375 0.355 -0.8762131604 2
0 0.375 0.365 -0.8256098202 2
0 0.375 0.375 -0.7664365199 2
0 0.375 0.385 -0.6993074877 2
0 0.375 0.395 -0.6249195335 2
0 0.375 0.405 0 2
0 0.375 0.415 0 2
0 0.375 0.425 0 2
0 0.375 0.435 0 2
0 0.375 0.445 0 2
0 0.375 0.455 0 2
0 0.375 0.465 0 2
0 0.385 -0.455 0 2
0 0.385 -0.445 0 2
0 0.385 -0.435 0 2
0 0.385 -0.425 0 2
0 0.385 -0.415 0 2
0 0.385 -0.405 0 2
0 0.385 -0.395 -0.6132543065 2
0 0.385 -0.385 -0.6862536781 2
0 0.385 -0.375 -0.7521296284 2
0 0.385 -0.365 -0.8101983545 2
0 0.385 -0.355 -0.8598570939 2
0 0.385 -0.345 -0.9005903811 2
0 0.385 -0.335 -0.9319753982 2
0 0.385 -0.325 -0.9536863637 2
0 0.385 -0.315 -0.9654979144 2
0 0.385 -0.305 -0.9672874445 2
0 0.385 -0.295 -0.9590363784 2
0 0.385 -0.285 -0.9408303635 1
0 0.385 -0.275 -0.9128583811 1
0 0.385 -0.265 -0.8754107848 1
0 0.385 -0.255 -0.8288762865 1
0 0.385 -0.245 -0.7737379216 1
0 0.385 -0.235 -0.7105680351 1
0 0.385 -0.225 -0.6400223404 1
0 0.385 -0.215 -0.5628331129 1
0 0.385 -0.205 -0.4798015889 1
0 0.385 -0.195 -0.3917896488 1
0 0.385 -0.185 -0.2997108704 1
0 0.385 -0.175 -0.2045210458 1
0 0.385 -0.165 -0.1072082606 1
0 0.385 -0.155 -0.008782636736 1
0 0.385 -0.145 0.0897341523 1
0 0.385 -0.135 0.1873194867 2
0 0.385 -0.125 0.2829604153 2
0 0.385 -0.115 0.3756641701 2
0 0.385 -0.105 0.4644684717 2
0 0.385 -0.095 0.5484515172 2
0 0.385 -0.085 0.6267415496 2
0 0.385 -0.075 0.6985259058 2
0 0.385 -0.065 0.763059453 2
0 0.385 -0.055 0.8196723228 2
0 0.385 -0.045 0.8677768646 2
0 0.385 -0.035 0.9068737458 2
0 0.385 -0.025 0.9365571345 2
0 0.385 -0.015 0.9565189124 2
0 0.385 -0.005 0.9665518733 2
0 0.385 0.005 0.9665518733 2
0 0.385 0.015 0.9565189124 2
0 0.385 0.025 0.9365571345 2
0 0.385 0.035 0.9068737458 2
0 0.385 0.045 0.8677768646 2
0 0.385 0.055 0.8196723228 2
0 0.385 0.065 0.763059453 2
0 0.385 0.075 0.6985259058 2
0 0.385 0.085 0.6267415496 2
0 0.385 0.095 0.5484515172 2
0 0.385 0.105 0.4644684717 2
0 0.385 0.115 0.3756641701 1
0 0.385 0.125 0.2829604153 1
0 0.385 0.135 0.1873194867 1
0 0.385 0.145 0.0897341523 1
0 0.385 0.155 -0.008782636736 1
0 0.385 0.165 -0.1072082606 1
0 0.385 0.175 -0.2045210458 1
0 0.385 0.185 -0.2997108704 1
0 0.385 0.195 -0.3917896488 2
0 0.385 0.205 -0.4798015889 2
0 0.385 0.215 -0.5628331129 2
0 0.385 0.225 -0.6400223404 2
0 0.385 0.235 -0.7105680351 2
0 0.385 0.245 -0.7737379216 2
0 0.385 0.255 -0.8288762865 2
0 0.385 0.265 -0.8754107848 2
0 0.385 0.275 -0.9128583811 2
0 0.385 0.285 -0.9408303635 2
0 0.385 0.295 -0.9590363784 2
0 0.385 0.305 -0.9672874445 2
0 0.385 0.315 -0.9654979144 2
0 0.385 0.325 -0.9536863637 2
0 0.385 0.335 -0.9319753982 2
0 0.385 0.345 -0.9005903811 2
0 0.385 0.355 -0.8598570939 2
0 0.385 0.365 -0.8101983545 2
0 0.385 0.375 -0.7521296284 2
0 0.385 0.385 -0.6862536781 2
0 0.385 0.395 -0.6132543065 2
0 0.385 0.405 0 2
0 0.385 0.415 0 2
0 0.385 0.425 0 2
0 0.385 0.435 0 2
0 0.385 0.445 0 2
0 0.385 0.455 0 2
0 0.385 0.465 0 2
0 0.395 -0.455 0 2
0 0.395 -0.445 0 2
0 0.395 -0.435 0 2
0 0.395 -0.425 0 2
0 0.395 -0.415 0 2
0 0.395 -0.405 0 2
0 0.395 -0.395 -0.5968206305 2
0 0.395 -0.385 -0.6678638022 2
0 0.395 -0.375 -0.7319744423 2
0 0.395 -0.365 -0.7884870723 2
0 0.395 -0.355 -0.8368150821 2
0 0.395 -0.345 -0.8764568195 2
0 0.395 -0.335 -0.9070007969 2
0 0.395 -0.325 -0.928129963 2
0 0.395 -0.315 -0.9396249938 2
0 0.395 -0.305 -0.941366569 2
0 0.395 -0.295 -0.9333366108 2
0 0.395 -0.285 -0.9156184714 1
0 0.395 -0.275 -0.8883960679 1
0 0.395 -0.265 -0.8519519731 1
0 0.395 -0.255 -0.8066644826 1
0 0.395 -0.245 -0.7530036875 1
0 0.395 -0.235 -0.6915265954 1
0 0.395 -0.225 -0.6228713482 1
0 0.395 -0.215 -0.5477505983 1
0 0.395 -0.205 -0.4669441107 1
0 0.395 -0.195 -0.3812906697 1
0 0.395 -0.185 -0.2916793714 1
0 0.395 -0.175 -0.1990403952 2
0 0.395 -0.165 -0.1043353483 2
0 0.395 -0.155 -0.008547284117 2
0 0.395 -0.145 0.08732950226 2
0 0.395 -0.135 0.1822997946 2
0 0.395 -0.125 0.2753777864 2
0 0.395 -0.115 0.3655973133 2
0 0.395 -0.105 0.4520218825 2
0 0.395 -0.095 0.5337543932 2
0 0.395 -0.085 0.6099464492 2
0 0.395 -0.075 0.6798071649 2
0 0.395 -0.065 0.7426113751 2
0 0.395 -0.055 0.797707162 2
0 0.395 -0.045 0.8445226229 2
0 0.395 -0.035 0.8825718058 2
0 0.395 -0.025 0.9114597541 2
0 0.395 -0.015 0.9308866066 2
0 0.395 -0.005 0.9406507092 2
0 0.395 0.005 0.9406507092 2
0 0.395 0.015 0.9308866066 2
0 0.395 0.025 0.9114597541 2
0 0.395 0.035 0.8825718058 2
0 0.395 0.045 0.8445226229 2
0 0.395 0.055 0.797707162 2
0 0.395 0.065 0.7426113751 2
0 0.395 0.075 0.6798071649 2
0 0.395 0.085 0.6099464492 2
0 0.395 0.095 0.5337543932 2
0 0.395 0.105 0.4520218825 2
0 0.395 0.115 0.3655973133 1
0 0.395 0.125 0.2753777864 1
0 0.395 0.135 0.1822997946 1
0 0.395 0.145 0.08732950226 1
0 0.395 0.155 -0.008547284117 1
0 0.395 0.165 -0.1043353483 1
0 0.395 0.175 -0.1990403952 1
0 0.395 0.185 -0.2916793714 1
0 0.395 0.195 -0.3812906697 2
0 0.395 0.205 -0.4669441107 2
0 0.395 0.215 -0.5477505983 2
0 0.395 0.225 -0.6228713482 2
0 0.395 0.235 -0.6915265954 2
0 0.395 0.245 -0.7530036875 2
0 0.395 0.255 -0.8066644826 2
0 0.395 0.265 -0.8519519731 2
0 0.395 0.275 -0.8883960679 2
0 0.395 0.285 -0.9156184714 2
0 0.395 0.295 -0.9333366108 2
0 0.395 0.305 -0.941366569 2
0 0.395 0.315 -0.9396249938 2
0 0.395 0.325 -0.928129963 2
0 0.395 0.335 -0.9070007969 2
0 0.395 0.345 -0.8764568195 2
0 0.395 0.355 -0.8368150821 2
0 0.395 0.365 -0.7884870723 2
0 0.395 0.375 -0.7319744423 2
0 0.395 0.385 -0.6678638022 2
0 0.395 0.395 -0.5968206305 2
0 0.395 0.405 0 2
0 0.395 0.415 0 2
0 0.395 0.425 0 2
0 0.395 0.435 0 2
0 0.395 0.445 0 2
0 0.395 0.455 0 2
0 0.395 0.465 0 2
0 0.405 -0.455 0 2
0 0.405 -0.445 0 2
0 0.405 -0.435 0 1
0 0.405 -0.425 0 1
0 0.405 -0.415 0 1
0 0.405 -0.405 0 1
0 0.405 -0.395 -0.5757462878 2
0 0.405 -0.385 -0.6442808529 2
0 0.405 -0.375 -0.7061276812 2
0 0.405 -0.365 -0.7606447929 2
0 0.405 -0.355 -0.8072662916 2
0 0.405 -0.345 -0.845508239 2
0 0.405 -0.335 -0.8749736775 2
0 0.405 -0.325 -0.8953567513 2
0 0.405 -0.315 -0.9064458809 2
0 0.405 -0.305 -0.9081259593 2
0 0.405 -0.295 -0.900379547 2
0 0.405 -0.285 -0.8832870531 1
0 0.405 -0.275 -0.8570259003 1
0 0.405 -0.265 -0.8218686836 1
0 0.405 -0.255 -0.7781803403 1
0 0.405 -0.245 -0.7264143624 1
0 0.405 -0.235 -0.6671080889 1
0 0.405 -0.225 -0.6008771282 1
0 0.405 -0.215 -0.5284089683 1
0 0.405 -0.205 -0.4504558399 1
0 0.405 -0.195 -0.3678269088 1
0 0.405 -0.185 -0.2813798765 1
0 0.405 -0.175 -0.1920120767 2
0 0.405 -0.165 -0.1006511612 2
0 0.405 -0.155 -0.008245470833 2
0 0.405 -0.145 0.08424580883 2
0 0.405 -0.135 0.1758626037 2
0 0.405 -0.125 0.265653917 2
0 0.405 -0.115 0.3526877008 2
0 0.405 -0.105 0.4360605307 2
0 0.405 -0.095 0.5149069835 2
0 0.405 -0.085 0.5884086206 2
0 0.405 -0.075 0.6558024834 2
0 0.405 -0.065 0.7163890131 2
0 0.405 -0.055 0.7695393119 2
0 0.405 -0.045 0.8147016713 2
0 0.405 -0.035 0.8514072988 2
0 0.405 -0.025 0.8792751844 2
0 0.405 -0.015 0.8980160549 2
0 0.405 -0.005 0.9074353772 2
0 0.405 0.005 0.9074353772 2
0 0.405 0.015 0.8980160549 2
0 0.405 0.025 0.8792751844 2
0 0.405 0.035 0.8514072988 2
0 0.405 0.045 0.8147016713 2
0 0.405 0.055 0.7695393119 2
0 0.405 0.065 0.7163890131 2
0 0.405 0.075 0.6558024834 2
0 0.405 0.085 0.5884086206 2
0 0.405 0.095 0.5149069835 2
0 0.405 0.105 0.4360605307 2
0 0.405 0.115 0.3526877008 1
0 0.405 0.125 0.265653917 1
0 0.405 0.135 0.1758626037 1
0 0.405 0.145 0.08424580883 1
0 0.405 0.155 -0.008245470833 1
0 0.405 0.165 -0.1006511612 1
0 0.405 0.175 -0.1920120767 1
0 0.405 0.185 -0.2813798765 2
0 0.405 0.195 -0.3678269088 2
0 0.405 0.205 -0.4504558399 2
0 0.405 0.215 -0.5284089683 2
0 0.405 0.225 -0.6008771282 2
0 0.405 0.235 -0.6671080889 2
0 0.405 0.245 -0.7264143624 2
0 0.405 0.255 -0.7781803403 2
0 0.405 0.265 -0.8218686836 2
0 0.405 0.275 -0.8570259003 2
0 0.405 0.285 -0.8832870531 2
0 0.405 0.295 -0.900379547 2
0 0.405 0.305 -0.9081259593 2
0 0.405 0.315 -0.9064458809 2
0 0.405 0.325 -0.8953567513 2
0 0.405 0.335 -0.8749736775 2
0 0.405 0.345 -0.845508239 2
0 0.405 0.355 -0.8072662916 2
0 0.405 0.365 -0.7606447929 2
0 0.405 0.375 -0.7061276812 2
0 0.405 0.385 -0.6442808529 2
0 0.405 0.395 -0.5757462878 2
0 0.405 0.405 0 2
0 0.405 0.415 0 2
0 0.405 0.425 0 2
0 0.405 0.435 0 2
0 0.405 0.445 0 2
0 0.405 0.455 0 2
0 0.405 0.465 0 2
0 0.415 -0.455 0 2
0 0.415 -0.445 0 2
0 0.415 -0.435 0 1
0 0.415 -0.425 0 1
0 0.415 -0.415 0 1
0 0.415 -0.405 0 1
0 0.415 -0.395 -0.5501951452 1
0 0.415 -0.385 -0.6156882031 2
0 0.415 -0.375 -0.6747903205 2
0 0.415 -0.365 -0.726888008 2
0 0.415 -0.355 -0.7714404833 2
0 0.415 -0.345 -0.8079852847 2
0 0.415 -0.335 -0.8361430716 2
0 0.415 -0.325 -0.8556215615 2
0 0.415 -0.315 -0.8662185646 2
0 0.415 -0.305 -0.8678240826 2
0 0.415 -0.295 -0.8604214497 2
0 0.415 -0.285 -0.8440875065 1
0 0.415 -0.275 -0.8189918018 1
0 0.415 -0.265 -0.7853948332 1
0 0.415 -0.255 -0.7436453424 1
0 0.415 -0.245 -0.6941766956 1
0 0.415 -0.235 -0.6375023853 1
0 0.415 -0.225 -0.5742106998 1
0 0.415 -0.215 -0.5049586166 1
0 0.415 -0.205 -0.4304649834 1
0 0.415 -0.195 -0.3515030558 1
0 0.415 -0.185 -0.268892471 2
0 0.415 -0.175 -0.18349074 2
0 0.415 -0.165 -0.09618434617 2
0 0.415 -0.155 -0.007879543677 2
0 0.415 -0.145 0.08050704972 2
0 0.415 -0.135 0.1680579673 2
0 0.415 -0.125 0.2538644166 2
0 0.415 -0.115 0.3370357133 2
0 0.415 -0.105 0.4167085261 2
0 0.415 -0.095 0.4920558387 2
0 0.415 -0.085 0.5622955341 2
0 0.415 -0.075 0.6266985133 2
0 0.415 -0.065 0.684596263 2
0 0.415 -0.055 0.7353877956 2
0 0.415 -0.045 0.7785458869 2
0 0.415 -0.035 0.8136225492 2
0 0.415 -0.025 0.8402536812 2
0 0.415 -0.015 0.8581628474 2
0 0.415 -0.005 0.867164148 2
0 0.415 0.005 0.867164148 2
0 0.415 0.015 0.8581628474 2
0 0.415 0.025 0.8402536812 2
0 0.415 0.035 0.8136225492 2
0 0.415 0.045 0.7785458869 2
0 0.415 0.055 0.7353877956 2
0 0.415 0.065 0.684596263 2
0 0.415 0.075 0.6266985133 2
0 0.415 0.085 0.5622955341 2
0 0.415 0.095 0.4920558387 2
0 0.415 0.105 0.4167085261 2
0 0.415 0.115 0.3370357133 1
0 0.415 0.125 0.2538644166 1
0 0.415 0.135 0.1680579673 1
0 0.415 0.145 0.08050704972 1
0 0.415 0.155 -0.007879543677 1
0 0.415 0.165 -0.09618434617 1
0 0.415 0.175 -0.18349074 2
0 0.415 0.185 -0.268892471 2
0 0.415 0.195 -0.3515030558 2
0 0.415 0.205 -0.4304649834 2
0 0.415 0.215 -0.5049586166 2
0 0.415 0.225 -0.5742106998 2
0 0.415 0.235 -0.6375023853 2
0 0.415 0.245 -0.6941766956 2
0 0.415 0.255 -0.7436453424 2
0 0.415 0.265 -0.7853948332 2
0 0.415 0.275 -0.8189918018 2
0 0.415 0.285 -0.8440875065 2
0 0.415 0.295 -0.8604214497 2
0 0.415 0.305 -0.8678240826 2
0 0.415 0.315 -0.8662185646 2
0 0.415 0.325 -0.8556215615 2
0 0.415 0.335 -0.8361430716 2
0 0.415 0.345 -0.8079852847 2
0 0.415 0.355 -0.7714404833 2
0 0.415 0.365 -0.726888008 2
0 0.415 0.375 -0.6747903205 2
0 0.415 0.385 -0.6156882031 2
0 0.415 0.395 -0.5501951452 2
0 0.415 0.405 0 2
0 0.415 0.415 0 2
0 0.415 0.425 0 2
0 0.415 0.435 0 2
0 0.415 0.445 0 2
0 0.415 0.455 0 2
0 0.415 0.465 0 2
0 0.425 -0.455 0 1
0 0.425 -0.445 0 1
0 0.425 -0.435 0 1
0 0.425 -0.425 0 1
0 0.425 -0.415 0 1
0 0.425 -0.405 0 1
0 0.425 -0.395 -0.5203658793 1
0 0.425 -0.385 -0.5823081792 1
0 0.425 -0.375 -0.6382060284 2
0 0.425 -0.365 -0.6874791984 2
0 0.425 -0.355 -0.729616226 2
0 0.425 -0.345 -0.7641797221 2
0 0.425 -0.335 -0.7908109122 2
0 0.425 -0.325 -0.8092333603 2
0 0.425 -0.315 -0.8192558385 2
0 0.425 -0.305 -0.820774312 2
0 0.425 -0.295 -0.8137730187 2
0 0.425 -0.285 -0.7983246332 2
0 0.425 -0.275 -0.7745895121 1
0 0.425 -0.265 -0.7428140298 1
0 0.425 -0.255 -0.7033280207 1
0 0.425 -0.245 -0.6565413558 1
0 0.425 -0.235 -0.6029396882 1
0 0.425 -0.225 -0.5430794115 1
0 0.425 -0.215 -0.4775818849 1
0 0.425 -0.205 -0.4071269831 2
0 0.425 -0.195 -0.332446039 2
0 0.425 -0.185 -0.2543142525 2
0 0.425 -0.175 -0.1735426441 2
0 0.425 -0.165 -0.0909696356 2
0 0.425 -0.155 -0.007452347971 2
0 0.425 -0.145 0.07614229621 2
0 0.425 -0.135 0.1589465713 2
0 0.425 -0.125 0.240100956 2
0 0.425 -0.115 0.3187630549 2
0 0.425 -0.105 0.394116343 2
0 0.425 -0.095 0.4653786414 2
0 0.425 -0.085 0.531810236 2
0 0.425 -0.075 0.5927215566 2
0 0.425 -0.065 0.647480334 2
0 0.425 -0.055 0.6955181634 2
0 0.425 -0.045 0.7363364046 2
0 0.425 -0.035 0.7695113578 2
0 0.425 -0.025 0.7946986618 2
0 0.425 -0.015 0.8116368684 2
0 0.425 -0.005 0.8201501563 2
0 0.425 0.005 0.8201501563 2
0 0.425 0.015 0.8116368684 2
0 0.425 0.025 0.7946986618 2
0 0.425 0.035 0.7695113578 2
0 0.425 0.045 0.7363364046 2
0 0.425 0.055 0.6955181634 2
0 0.425 0.065 0.647480334 2
0 0.425 0.075 0.5927215566 2
0 0.425 0.085 0.531810236 2
0 0.425 0.095 0.4653786414 2
0 0.425 0.105 0.394116343 2
0 0.425 0.115 0.3187630549 2
0 0.425 0.125 0.240100956 1
0 0.425 0.135 0.1589465713 1
0 0.425 0.145 0.07614229621 1
0 0.425 0.155 -0.007452347971 2
0 0.425 0.165 -0.0909696356 2
0 0.425 0.175 -0.1735426441 2
0 0.425 0.185 -0.2543142525 2
0 0.425 0.195 -0.332446039 2
0 0.425 0.205 -0.4071269831 2
0 0.425 0.215 -0.4775818849 2
0 0.425 0.225 -0.5430794115 2
0 0.425 0.235 -0.6029396882 2
0 0.425 0.245 -0.6565413558 2
0 0.425 0.255 -0.7033280207 2
0 0.425 0.265 -0.7428140298 2
0 0.425 0.275 -0.7745895121 2
0 0.425 0.285 -0.7983246332 2
0 0.425 0.295 -0.8137730187 2
0 0.425 0.305 -0.820774312 2
0 0.425 0.315 -0.8192558385 2
0 0.425 0.325 -0.8092333603 2
0 0.425 0.335 -0.7908109122 2
0 0.425 0.345 -0.7641797221 2
0 0.425 0.355 -0.729616226 2
0 0.425 0.365 -0.6874791984 2
0 0.425 0.375 -0.6382060284 2
0 0.425 0.385 -0.5823081792 2
0 0.425 0.395 -0.5203658793 2
0 0.425 0.405 0 2
0 0.425 0.415 0 2
0 0.425 0.425 0 2
0 0.425 0.435 0 2
0 0.425 0.445 0 2
0 0.425 0.455 0 2
0 0.425 0.465 0 2
0 0.435 -0.455 0 1
0 0.435 -0.445 0 1
0 0.435 -0.435 0 1
0 0.435 -0.425 0 1
0 0.435 -0.415 0 1
0 0.435 -0.405 0 1
0 0.435 -0.395 -0.4864904319 1
0 0.435 -0.385 -0.5444003323 1
0 0.435 -0.375 -0.5966592715 1
0 0.435 -0.365 -0.6427247933 1
0 0.435 -0.355 -0.6821187304 1
0 0.435 -0.345 -0.7144321676 1
0 0.435 -0.335 -0.7393296862 1
0 0.435 -0.325 -0.7565528461 1
0 0.435 -0.315 -0.7659228682 1
0 0.435 -0.305 -0.7673424901 2
0 0.435 -0.295 -0.760796976 2
0 0.435 -0.285 -0.7463542694 2
0 0.435 -0.275 -0.7241642877 2
0 0.435 -0.265 -0.6944573666 2
0 0.435 -0.255 -0.6575418685 1
0 0.435 -0.245 -0.6138009822 2
0 0.435 -0.235 -0.5636887448 2
0 0.435 -0.225 -0.5077253294 2
0 0.435 -0.215 -0.4464916451 2
0 0.435 -0.205 -0.3806233071 2
0 0.435 -0.195 -0.3108040391 2
0 0.435 -0.185 -0.2377585762 2
0 0.435 -0.175 -0.1622451418 2
0 0.435 -0.165 -0.08504757725 2
0 0.435 -0.155 -0.006967205437 2
0 0.435 -0.145 0.07118548707 2
0 0.435 -0.135 0.148599263 2
0 0.435 -0.125 0.2244705551 2
0 0.435 -0.115 0.2980118075 2
0 0.435 -0.105 0.3684596504 2
0 0.435 -0.095 0.435082824 2
0 0.435 -0.085 0.4971897692 2
0 0.435 -0.075 0.5541358063 2
0 0.435 -0.065 0.6053298263 2
0 0.435 -0.055 0.6502404273 2
0 0.435 -0.045 0.6884014302 2
0 0.435 -0.035 0.7194167176 2
0 0.435 -0.025 0.7429643461 2
0 0.435 -0.015 0.7587998875 2
0 0.435 -0.005 0.7667589665 2
0 0.435 0.005 0.7667589665 2
0 0.435 0.015 0.7587998875 2
0 0.435 0.025 0.7429643461 2
0 0.435 0.035 0.7194167176 2
0 0.435 0.045 0.6884014302 2
0 0.435 0.055 0.6502404273 2
0 0.435 0.065 0.6053298263 2
0 0.435 0.075 0.5541358063 2
0 0.435 0.085 0.4971897692 2
0 0.435 0.095 0.435082824 2
0 0.435 0.105 0.3684596504 2
0 0.435 0.115 0.2980118075 2
0 0.435 0.125 0.2244705551 2
0 0.435 0.135 0.148599263 2
0 0.435 0.145 0.07118548707 2
0 0.435 0.155 -0.006967205437 2
0 0.435 0.165 -0.08504757725 2
0 0.435 0.175 -0.1622451418 2
0 0.435 0.185 -0.2377585762 2
0 0.435 0.195 -0.3108040391 2
0 0.435 0.205 -0.3806233071 2
0 0.435 0.215 -0.4464916451 2
0 0.435 0.225 -0.5077253294 2
0 0.435 0.235 -0.5636887448 2
0 0.435 0.245 -0.6138009822 2
0 0.435 0.255 -0.6575418685 2
0 0.435 0.265 -0.6944573666 2
0 0.435 0.275 -0.7241642877 2
0 0.435 0.285 -0.7463542694 2
0 0.435 0.295 -0.760796976 2
0 0.435 0.305 -0.7673424901 2
0 0.435 0.315 -0.7659228682 2
0 0.435 0.325 -0.7565528461 2
0 0.435 0.335 -0.7393296862 2
0 0.435 0.345 -0.7144321676 2
0 0.435 0.355 -0.6821187304 2
0 0.435 0.365 -0.6427247933 2
0 0.435 0.375 -0.5966592715 2
0 0.435 0.385 -0.5444003323 2
0 0.435 0.395 -0.4864904319 2
0 0.435 0.405 0 2
0 0.435 0.415 0 2
0 0.435 0.425 0 2
0 0.435 0.435 0 2
0 0.435 0.445 0 2
0 0.435 0.455 0 2
0 0.435 0.465 0 2
0 0.445 -0.455 0 1
0 0.445 -0.445 0 1
0 0.445 -0.435 0 1
0 0.445 -0.425 0 1
0 0.445 -0.415 0 1
0 0.445 -0.405 0 1
0 0.445 -0.395 -0.4488322066 1
0 0.445 -0.385 -0.5022594206 1
0 0.445 -0.375 -0.5504731026 1
0 0.445 -0.365 -0.592972787 1
0 0.445 -0.355 -0.6293173203 1
0 0.445 -0.345 -0.6591294407 1
0 0.445 -0.335 -0.6820996935 1
0 0.445 -0.325 -0.697989644 1
0 0.445 -0.315 -0.7066343519 1
0 0.445 -0.305 -0.7079440838 1
0 0.445 -0.295 -0.7019052445 1
0 0.445 -0.285 -0.6885805181 2
0 0.445 -0.275 -0.6681082174 2
0 0.445 -0.265 -0.640700848 2
0 0.445 -0.255 -0.6066429028 2
0 0.445 -0.245 -0.5662879086 2
0 0.445 -0.235 -0.5200547567 2
0 0.445 -0.225 -0.4684233544 2
0 0.445 -0.215 -0.4119296438 2
0 0.445 -0.205 -0.3511600385 2
0 0.445 -0.195 -0.2867453367 2
0 0.445 -0.185 -0.2193541731 2
0 0.445 -0.175 -0.1496860786 2
0 0.445 -0.165 -0.07846421895 2
0 0.445 -0.155 -0.006427888372 2
0 0.445 -0.145 0.0656751647 2
0 0.445 -0.135 0.1370964992 2
0 0.445 -0.125 0.2070947505 2
0 0.445 -0.115 0.2749433255 2
0 0.445 -0.105 0.3399379455 2
0 0.445 -0.095 0.4014039561 2
0 0.445 -0.085 0.4587033302 2
0 0.445 -0.075 0.5112412915 2
0 0.445 -0.065 0.5584724876 2
0 0.445 -0.055 0.5999066512 2
0 0.445 -0.045 0.6351136892 2
0 0.445 -0.035 0.6637281469 2
0 0.445 -0.025 0.6854530018 2
0 0.445 -0.015 0.7000627465 2
0 0.445 -0.005 0.7074057296 2
0 0.445 0.005 0.7074057296 2
0 0.445 0.015 0.7000627465 2
0 0.445 0.025 0.6854530018 2
0 0.445 0.035 0.6637281469 2
0 0.445 0.045 0.6351136892 2
0 0.445 0.055 0.5999066512 2
0 0.445 0.065 0.5584724876 2
0 0.445 0.075 0.5112412915 2
0 0.445 0.085 0.4587033302 2
0 0.445 0.095 0.4014039561 2
0 0.445 0.105 0.3399379455 2
0 0.445 0.115 0.2749433255 2
0 0.445 0.125 0.2070947505 2
0 0.445 0.135 0.1370964992 2
0 0.445 0.145 0.0656751647 2
0 0.445 0.155 -0.006427888372 2
0 0.445 0.165 -0.07846421895 2
0 0.445 0.175 -0.1496860786 2
0 0.445 0.185 -0.2193541731 2
0 0.445 0.195 -0.2867453367 2
0 0.445 0.205 -0.3511600385 2
0 0.445 0.215 -0.4119296438 2
0 0.445 0.225 -0.4684233544 2
0 0.445 0.235 -0.5200547567 2
0 0.445 0.245 -0.5662879086 2
0 0.445 0.255 -0.6066429028 2
0 0.445 0.265 -0.640700848 2
0 0.445 0.275 -0.6681082174 2
0 0.445 0.285 -0.6885805181 2
0 0.445 0.295 -0.7019052445 2
0 0.445 0.305 -0.7079440838 2
0 0.445 0.315 -0.7066343519 2
0 0.445 0.325 -0.697989644 2
0 0.445 0.335 -0.6820996935 2
0 0.445 0.345 -0.6591294407 2
0 0.445 0.355 -0.6293173203 2
0 0.445 0.365 -0.592972787 2
0 0.445 0.375 -0.5504731026 2
0 0.445 0.385 -0.5022594206 2
0 0.445 0.395 -0.4488322066 2
0 0.445 0.405 0 2
0 0.445 0.415 0 2
0 0.445 0.425 0 2
0 0.445 0.435 0 2
0 0.445 0.445 0 2
0 0.445 0.455 0 2
0 0.445 0.465 0 2
0 0.455 -0.455 0 1
0 0.455 -0.445 0 1
0 0.455 -0.435 0 1
0 0.455 -0.425 0 1
0 0.455 -0.415 0 1
0 0.455 -0.405 0 1
0 0.455 -0.395 -0.4076840205 1
0 0.455 -0.385 -0.4562131169 1
0 0.455 -0.375 -0.5000066491 1
0 0.455 -0.365 -0.5386100335 1
0 0.455 -0.355 -0.5716225608 1
0 0.455 -0.345 -0.5987015558 1
0 0.455 -0.335 -0.6195659343 1
0 0.455 -0.325 -0.6339991207 1
0 0.455 -0.315 -0.6418512962 1
0 0.455 -0.305 -0.6430409541 1
0 0.455 -0.295 -0.6375557455 1
0 0.455 -0.285 -0.6254526078 1
0 0.455 -0.275 -0.6068571733 2
0 0.455 -0.265 -0.5819624657 2
0 0.455 -0.255 -0.551026896 2
0 0.455 -0.245 -0.5143715802 2
0 0.455 -0.235 -0.4723770063 2
0 0.455 -0.225 -0.4254790846 2
0 0.455 -0.215 -0.3741646229 2
0 0.455 -0.205 -0.3189662735 2
0 0.455 -0.195 -0.2604570038 2
0 0.455 -0.185 -0.1992441493 2
0 0.455 -0.175 -0.1359631092 2
0 0.455 -0.165 -0.07127075058 2
0 0.455 -0.155 -0.005838590316 2
0 0.455 -0.145 0.05965417544 2
0 0.455 -0.135 0.1245277214 2
0 0.455 -0.125 0.1881086501 2
0 0.455 -0.115 0.2497369812 2
0 0.455 -0.105 0.3087730032 2
0 0.455 -0.095 0.3646039127 2
0 0.455 -0.085 0.416650176 2
0 0.455 -0.075 0.4643715449 2
0 0.455 -0.065 0.5072726639 2
0 0.455 -0.055 0.5449082127 2
0 0.455 -0.045 0.5768875283 2
0 0.455 -0.035 0.6028786604 2
0 0.455 -0.025 0.622611817 2
0 0.455 -0.015 0.6358821647 2
0 0.455 -0.005 0.6425519553 2
0 0.455 0.005 0.6425519553 2
0 0.455 0.015 0.6358821647 2
0 0.455 0.025 0.622611817 2
0 0.455 0.035 0.6028786604 2
0 0.455 0.045 0.5768875283 2
0 0.455 0.055 0.5449082127 2
0 0.455 0.065 0.5072726639 2
0 0.455 0.075 0.4643715449 2
0 0.455 0.085 0.416650176 2
0 0.455 0.095 0.3646039127 2
0 0.455 0.105 0.3087730032 2
0 0.455 0.115 0.2497369812 2
0 0.455 0.125 0.1881086501 2
0 0.455 0.135 0.1245277214 2
0 0.455 0.145 0.05965417544 2
0 0.455 0.155 -0.005838590316 2
0 0.455 0.165 -0.07127075058 2
0 0.455 0.175 -0.1359631092 2
0 0.455 0.185 -0.1992441493 2
0 0.455 0.195 -0.2604570038 2
0 0.455 0.205 -0.3189662735 2
0 0.455 0.215 -0.3741646229 2
0 0.455 0.225 -0.4254790846 2
0 0.455 0.235 -0.4723770063 2
0 0.455 0.245 -0.5143715802 2
0 0.455 0.255 -0.551026896 2
0 0.455 0.265 -0.5819624657 2
0 0.455 0.275 -0.6068571733 2
0 0.455 0.285 -0.6254526078 2
0 0.455 0.295 -0.6375557455 2
0 0.455 0.305 -0.6430409541 2
0 0.455 0.315 -0.6418512962 2
0 0.455 0.325 -0.6339991207 2
0 0.455 0.335 -0.6195659343 2
0 0.455 0.345 -0.5987015558 2
0 0.455 0.355 -0.5716225608 2
0 0.455 0.365 -0.5386100335 2
0 0.455 0.375 -0.5000066491 2
0 0.455 0.385 -0.4562131169 2
0 0.455 0.395 -0.4076840205 2
0 0.455 0.405 0 2
0 0.455 0.415 0 2
0 0.455 0.425 0 2
0 0.455 0.435 0 2
0 0.455 0.445 0 2
0 0.455 0.455 0 2
0 0.455 0.465 0 2
0 0.465 -0.455 0 1
0 0.465 -0.445 0 1
0 0.465 -0.435 0 1
0 0.465 -0.425 0 1
0 0.465 -0.415 0 1
0 0.465 -0.405 0 1
0 0.465 -0.395 -0.3633658274 1
0 0.465 -0.385 -0.4066194609 1
0 0.465 -0.375 -0.4456523204 1
0 0.465 -0.365 -0.4800592385 1
0 0.465 -0.355 -0.509483066 1
0 0.465 -0.345 -0.533618379 1
0 0.465 -0.335 -0.552214649 1
0 0.465 -0.325 -0.565078844 1
0 0.465 -0.315 -0.5720774314 1
0 0.465 -0.305 -0.5731377649 1
0 0.465 -0.295 -0.5682488381 1
0 0.465 -0.285 -0.5574613987 1
0 0.465 -0.275 -0.540887422 2
0 0.465 -0.265 -0.5186989487 2
0 0.465 -0.255 -0.4911262985 2
0 0.465 -0.245 -0.4584556799 2
0 0.465 -0.235 -0.421026219 2
0 0.465 -0.225 -0.3792264396 2
0 0.465 -0.215 -0.33349023 2
0 0.465 -0.205 -0.2842923392 2
0 0.465 -0.195 -0.2321434491 2
0 0.465 -0.185 -0.1775848734 2
0 0.465 -0.175 -0.1211829387 2
0 0.465 -0.165 -0.063523106 2
0 0.465 -0.155 -0.005203893442 2
0 0.465 -0.145 0.05316933635 2
0 0.465 -0.135 0.11099066 2
0 0.465 -0.125 0.1676598832 2
0 0.465 -0.115 0.2225887703 2
0 0.465 -0.105 0.2752071509 2
0 0.465 -0.095 0.3249688379 2
0 0.465 -0.085 0.3713572971 2
0 0.465 -0.075 0.413891009 2
0 0.465 -0.065 0.452128467 2
0 0.465 -0.055 0.4856727602 2
0 0.465 -0.045 0.5141756936 2
0 0.465 -0.035 0.5373414022 2
0 0.465 -0.025 0.5549294223 2
0 0.465 -0.015 0.5667571875 2
0 0.465 -0.005 0.5727019238 2
0 0.465 0.005 0.5727019238 2
0 0.465 0.015 0.5667571875 2
0 0.465 0.025 0.5549294223 2
0 0.465 0.035 0.5373414022 1
0 0.465 0.045 0.5141756936 1
0 0.465 0.055 0.4856727602 1
0 0.465 0.065 0.452128467 1
0 0.465 0.075 0.413891009 2
0 0.465 0.085 0.3713572971 2
0 0.465 0.095 0.3249688379 2
0 0.465 0.105 0.2752071509 2
0 0.465 0.115 0.2225887703 2
0 0.465 0.125 0.1676598832 2
0 0.465 0.135 0.11099066 2
0 0.465 0.145 0.05316933635 2
0 0.465 0.155 -0.005203893442 2
0 0.465 0.165 -0.063523106 2
0 0.465 0.175 -0.1211829387 2
0 0.465 0.185 -0.1775848734 2
0 0.465 0.195 -0.2321434491 2
0 0.465 0.205 -0.2842923392 2
0 0.465 0.215 -0.33349023 2
0 0.465 0.225 -0.3792264396 2
0 0.465 0.235 -0.421026219 2
0 0.465 0.245 -0.4584556799 2
0 0.465 0.255 -0.4911262985 2
0 0.465 0.265 -0.5186989487 2
0 0.465 0.275 -0.540887422 2
0 0.465 0.285 -0.5574613987 2
0 0.465 0.295 -0.5682488381 2
0 0.465 0.305 -0.5731377649 2
0 0.465 0.315 -0.5720774314 2
0 0.465 0.325 -0.565078844 2
0 0.465 0.335 -0.552214649 2
0 0.465 0.345 -0.533618379 2
0 0.465 0.355 -0.509483066 2
0 0.465 0.365 -0.4800592385 2
0 0.465 0.375 -0.4456523204 2
0 0.465 0.385 -0.4066194609 2
0 0.465 0.395 -0.3633658274 2
0 0.465 0.405 0 2
0 0.465 0.415 0 2
0 0.465 0.425 0 2
0 0.465 0.435 0 2
0 0.465 0.445 0 2
0 0.465 0.455 0 2
0 0.465 0.465 0 2
0 0.475 -0.455 0 1
0 0.475 -0.445 0 1
0 0.475 -0.435 0 1
0 0.475 -0.425 0 1
0 0.475 -0.415 0 1
0 0.475 -0.405 0 1
0 0.475 -0.395 -0.3162222298 1
0 0.475 -0.385 -0.3538640756 1
0 0.475 -0.375 -0.3878327565 1
0 0.475 -0.365 -0.4177756723 1
0 0.475 -0.355 -0.4433820107 1
0 0.475 -0.345 -0.4643859739 1
0 0.475 -0.335 -0.4805695376 1
0 0.475 -0.325 -0.4917647136 1
0 0.475 -0.315 -0.4978552944 1
0 0.475 -0.305 -0.4987780587 1
0 0.475 -0.295 -0.4945234282 1
0 0.475 -0.285 -0.4851355664 1
0 0.475 -0.275 -0.470711921 2
0 0.475 -0.265 -0.4514022117 2
0 0.475 -0.255 -0.4274068762 1
0 0.475 -0.245 -0.39897499 1
0 0.475 -0.235 -0.3664016805 1
0 0.475 -0.225 -0.3300250637 1
0 0.475 -0.215 -0.2902227347 2
0 0.475 -0.205 -0.2474078481 2
0 0.475 -0.195 -0.2020248289 2
0 0.475 -0.185 -0.1545447601 2
0 0.475 -0.175 -0.1054604924 2
0 0.475 -0.165 -0.05528152817 2
0 0.475 -0.155 -0.004528732929 2
0 0.475 -0.145 0.04627107127 2
0 0.475 -0.135 0.09659057445 2
0 0.475 -0.125 0.1459074522 2
0 0.475 -0.115 0.1937097877 2
0 0.475 -0.105 0.239501385 2
0 0.475 -0.095 0.2828069201 2
0 0.475 -0.085 0.3231768749 2
0 0.475 -0.075 0.3601922027 2
0 0.475 -0.065 0.3934686787 2
0 0.475 -0.055 0.4226608877 2
0 0.475 -0.045 0.4474658101 2
0 0.475 -0.035 0.4676259668 2
0 0.475 -0.025 0.4829320923 2
0 0.475 -0.015 0.4932253065 2
0 0.475 -0.005 0.4983987642 2
0 0.475 0.005 0.4983987642 2
0 0.475 0.015 0.4932253065 2
0 0.475 0.025 0.4829320923 1
0 0.475 0.035 0.4676259668 1
0 0.475 0.045 0.4474658101 1
0 0.475 0.055 0.4226608877 1
0 0.475 0.065 0.3934686787 1
0 0.475 0.075 0.3601922027 1
0 0.475 0.085 0.3231768749 1
0 0.475 0.095 0.2828069201 1
0 0.475 0.105 0.239501385 1
0 0.475 0.115 0.1937097877 1
0 0.475 0.125 0.1459074522 1
0 0.475 0.135 0.09659057445 1
0 0.475 0.145 0.04627107127 1
0 0.475 0.155 -0.004528732929 2
0 0.475 0.165 -0.05528152817 2
0 0.475 0.175 -0.1054604924 1
0 0.475 0.185 -0.1545447601 1
0 0.475 0.195 -0.2020248289 1
0 0.475 0.205 -0.2474078481 1
0 0.475 0.215 -0.2902227347 1
0 0.475 0.225 -0.3300250637 1
0 0.475 0.235 -0.3664016805 1
0 0.475 0.245 -0.39897499 1
0 0.475 0.255 -0.4274068762 2
0 0.475 0.265 -0.4514022117 2
0 0.475 0.275 -0.470711921 2
0 0.475 0.285 -0.4851355664 2
0 0.475 0.295 -0.4945234282 2
0 0.475 0.305 -0.4987780587 2
0 0.475 0.315 -0.4978552944 2
0 0.475 0.325 -0.4917647136 2
0 0.475 0.335 -0.4805695376 2
0 0.475 0.345 -0.4643859739 2
0 0.475 0.355 -0.4433820107 2
0 0.475 0.365 -0.4177756723 2
0 0.475 0.375 -0.3878327565 2
0 0.475 0.385 -0.3538640756 2
0 0.475 0.395 -0.3162222298 2
0 0.475 0.405 0 2
0 0.475 0.415 0 2
0 0.475 0.425 0 2
0 0.475 0.435 0 2
0 0.475 0.445 0 2
0 0.475 0.455 0 2
0 0.475 0.465 0 2
0 0.485 -0.455 0 1
0 0.485 -0.445 0 1
0 0.485 -0.435 0 1
0 0.485 -0.425 0 1
0 0.485 -0.415 0 1
0 0.485 -0.405 0 1
0 0.485 -0.395 -0.2666197997 1
0 0.485 -0.385 -0.2983571681 1
0 0.485 -0.375 -0.326997542 1
0 0.485 -0.365 -0.3522436299 1
0 0.485 -0.355 -0.3738333733 1
0 0.485 -0.345 -0.3915426675 1
0 0.485 -0.335 -0.4051876869 1
0 0.485 -0.325 -0.4146267944 1
0 0.485 -0.315 -0.4197620103 1
0 0.485 -0.305 -0.4205400303 1
0 0.485 -0.295 -0.4169527786 1
0 0.485 -0.285 -0.4090374913 1
0 0.485 -0.275 -0.3968763303 2
0 0.485 -0.265 -0.3805955304 1
0 0.485 -0.255 -0.3603640889 1
0 0.485 -0.245 -0.3363920114 1
0 0.485 -0.235 -0.3089281317 1
0 0.485 -0.225 -0.2782575293 1
0 0.485 -0.215 -0.2446985699 2
0 0.485 -0.205 -0.2085996008 2
0 0.485 -0.195 -0.1703353349 2
0 0.485 -0.185 -0.1303029614 2
0 0.485 -0.175 -0.08891802258 2
0 0.485 -0.165 -0.04661010068 2
0 0.485 -0.155 -0.003818358587 2
0 0.485 -0.145 0.03901301867 2
0 0.485 -0.135 0.08143943464 2
0 0.485 -0.125 0.1230204964 2
0 0.485 -0.115 0.1633245861 2
0 0.485 -0.105 0.2019333408 2
0 0.485 -0.095 0.2384459956 2
0 0.485 -0.085 0.2724835433 2
0 0.485 -0.075 0.3036926689 2
0 0.485 -0.065 0.3317494167 2
0 0.485 -0.055 0.3563625533 2
0 0.485 -0.045 0.3772765904 2
0 0.485 -0.035 0.394274437 2
0 0.485 -0.025 0.4071796527 2
0 0.485 -0.015 0.4158582795 2
0 0.485 -0.005 0.4202202318 2
0 0.485 0.005 0.4202202318 2
0 0.485 0.015 0.4158582795 2
0 0.485 0.025 0.4071796527 1
0 0.485 0.035 0.394274437 1
0 0.485 0.045 0.3772765904 1
0 0.485 0.055 0.3563625533 1
0 0.485 0.065 0.3317494167 1
0 0.485 0.075 0.3036926689 1
0 0.485 0.085 0.2724835433 1
0 0.485 0.095 0.2384459956 1
0 0.485 0.105 0.2019333408 1
0 0.485 0.115 0.1633245861 1
0 0.485 0.125 0.1230204964 1
0 0.485 0.135 0.08143943464 1
0 0.485 0.145 0.03901301867 1
0 0.485 0.155 -0.003818358587 1
0 0.485 0.165 -0.04661010068 1
0 0.485 0.175 -0.08891802258 1
0 0.485 0.185 -0.1303029614 1
0 0.485 0.195 -0.1703353349 1
0 0.485 0.205 -0.2085996008 1
0 0.485 0.215 -0.2446985699 1
0 0.485 0.225 -0.2782575293 1
0 0.485 0.235 -0.3089281317 1
0 0.485 0.245 -0.3363920114 1
0 0.485 0.255 -0.3603640889 1
0 0.485 0.265 -0.3805955304 2
0 0.485 0.275 -0.3968763303 2
0 0.485 0.285 -0.4090374913 2
0 0.485 0.295 -0.4169527786 2
0 0.485 0.305 -0.4205400303 2
0 0.485 0.315 -0.4197620103 2
0 0.485 0.325 -0.4146267944 2
0 0.485 0.335 -0.4051876869 2
0 0.485 0.345 -0.3915426675 2
0 0.485 0.355 -0.3738333733 2
0 0.485 0.365 -0.3522436299 2
0 0.485 0.375 -0.326997542 2
0 0.485 0.385 -0.2983571681 2
0 0.485 0.395 -0.2666197997 2
0 0.485 0.405 0 2
0 0.485 0.415 0 2
0 0.485 0.425 0 2
0 0.485 0.435 0 2
0 0.485 0.445 0 2
0 0.485 0.455 0 2
0 0.485 0.465 0 2
0 0.495 -0.455 0 2
0 0.495 -0.445 0 2
0 0.495 -0.435 0 1
0 0.495 -0.425 0 1
0 0.495 -0.415 0 1
0 0.495 -0.405 0 1
0 0.495 -0.395 -0.2149442281 1
0 0.495 -0.385 -0.2405303405 2
0 0.495 -0.375 -0.26361971 2
0 0.495 -0.365 -0.2839726653 2
0 0.495 -0.355 -0.3013779396 1
0 0.495 -0.345 -0.3156548634 1
0 0.495 -0.335 -0.3266552399 1
0 0.495 -0.325 -0.3342648835 1
0 0.495 -0.315 -0.3384048049 1
0 0.495 -0.305 -0.3390320311 1
0 0.495 -0.295 -0.3361400514 1
0 0.495 -0.285 -0.3297588849 2
0 0.495 -0.275 -0.3199547692 1
0 0.495 -0.265 -0.3068294726 1
0 0.495 -0.255 -0.2905192376 1
0 0.495 -0.245 -0.2711933672 1
0 0.495 -0.235 -0.2490524668 1
0 0.495 -0.225 -0.2243263626 1
0 0.495 -0.215 -0.1972717154 1
0 0.495 -0.205 -0.1681693566 2
0 0.495 -0.195 -0.1373213735 2
0 0.495 -0.185 -0.1050479728 2
0 0.495 -0.175 -0.07168415756 2
0 0.495 -0.165 -0.0375762495 2
0 0.495 -0.155 -0.003078294036 2
0 0.495 -0.145 0.0314516146 2
0 0.495 -0.135 0.06565505052 2
0 0.495 -0.125 0.09917697667 2
0 0.495 -0.115 0.1316694302 2
0 0.495 -0.105 0.1627951342 2
0 0.495 -0.095 0.1922309991 2
0 0.495 -0.085 0.2196714759 2
0 0.495 -0.075 0.2448317281 2
0 0.495 -0.065 0.2674505884 2
0 0.495 -0.055 0.2872932695 2
0 0.495 -0.045 0.3041538011 2
0 0.495 -0.035 0.3178571683 2
0 0.495 -0.025 0.3282611279 2
0 0.495 -0.015 0.3352576853 2
0 0.495 -0.005 0.3387742151 2
0 0.495 0.005 0.3387742151 2
0 0.495 0.015 0.3352576853 2
0 0.495 0.025 0.3282611279 1
0 0.495 0.035 0.3178571683 1
0 0.495 0.045 0.3041538011 1
0 0.495 0.055 0.2872932695 1
0 0.495 0.065 0.2674505884 1
0 0.495 0.075 0.2448317281 1
0 0.495 0.085 0.2196714759 1
0 0.495 0.095 0.1922309991 1
0 0.495 0.105 0.1627951342 1
0 0.495 0.115 0.1316694302 1
0 0.495 0.125 0.09917697667 1
0 0.495 0.135 0.06565505052 1
0 0.495 0.145 0.0314516146 1
0 0.495 0.155 -0.003078294036 1
0 0.495 0.165 -0.0375762495 1
0 0.495 0.175 -0.07168415756 1
0 0.495 0.185 -0.1050479728 1
0 0.495 0.195 -0.1373213735 1
0 0.495 0.205 -0.1681693566 1
0 0.495 0.215 -0.1972717154 1
0 0.495 0.225 -0.2243263626 1
0 0.495 0.235 -0.2490524668 1
0 0.495 0.245 -0.2711933672 1
0 0.495 0.255 -0.2905192376 1
0 0.495 0.265 -0.3068294726 1
0 0.495 0.275 -0.3199547692 2
0 0.495 0.285 -0.3297588849 2
0 0.495 0.295 -0.3361400514 2
0 0.495 0.305 -0.3390320311 2
0 0.495 0.315 -0.3384048049 2
0 0.495 0.325 -0.3342648835 2
0 0.495 0.335 -0.3266552399 2
0 0.495 0.345 -0.3156548634 2
0 0.495 0.355 -0.3013779396 2
0 0.495 0.365 -0.2839726653 2
0 0.495 0.375 -0.26361971 2
0 0.495 0.385 -0.2405303405 2
0 0.495 0.395 -0.2149442281 2
0 0.495 0.405 0 2
0 0.495 0.415 0 2
0 0.495 0.425 0 2
0 0.495 0.435 0 2
0 0.495 0.445 0 2
0 0.495 0.455 0 2
0 0.495 0.465 0 2
0 0.505 -0.455 0 2
0 0.505 -0.445 0 2
0 0.505 -0.435 0 2
0 0.505 -0.425 0 1
0 0.505 -0.415 0 1
0 0.505 -0.405 0 1
0 0.505 -0.395 -0.1615973261 1
0 0.505 -0.385 -0.1808332339 2
0 0.505 -0.375 -0.1981920641 2
0 0.505 -0.365 -0.2134936295 2
0 0.505 -0.355 -0.2265790973 2
0 0.505 -0.345 -0.2373126384 2
0 0.505 -0.335 -0.2455828369 2
0 0.505 -0.325 -0.2513038469 2
0 0.505 -0.315 -0.2544162832 2
0 0.505 -0.305 -0.2548878385 2
0 0.505 -0.295 -0.2527136177 2
0 0.505 -0.285 -0.2479161898 1
0 0.505 -0.275 -0.2405453528 1
0 0.505 -0.265 -0.230677617 1
0 0.505 -0.255 -0.2184154113 1
0 0.505 -0.245 -0.2038860191 1
0 0.505 -0.235 -0.1872402579 1
0 0.505 -0.225 -0.1686509133 1
0 0.505 -0.215 -0.1483109456 1
0 0.505 -0.205 -0.1264314869 2
0 0.505 -0.195 -0.1032396495 2
0 0.505 -0.185 -0.0789761682 2
0 0.505 -0.175 -0.05389290184 2
0 0.505 -0.165 -0.02825021866 2
0 0.505 -0.155 -0.002314293756 2
0 0.505 -0.145 0.02364565388 2
0 0.505 -0.135 0.0493601559 2
0 0.505 -0.125 0.07456229172 2
0 0.505 -0.115 0.0989904592 2
0 0.505 -0.105 0.1223910901 2
0 0.505 -0.095 0.1445212822 2
0 0.505 -0.085 0.1651513206 2
0 0.505 -0.075 0.1840670622 2
0 0.505 -0.065 0.2010721588 2
0 0.505 -0.055 0.2159900946 2
0 0.505 -0.045 0.2286660191 2
0 0.505 -0.035 0.2389683544 2
0 0.505 -0.025 0.2467901604 2
0 0.505 -0.015 0.2520502457 2
0 0.505 -0.005 0.2546940097 2
0 0.505 0.005 0.2546940097 2
0 0.505 0.015 0.2520502457 2
0 0.505 0.025 0.2467901604 1
0 0.505 0.035 0.2389683544 1
0 0.505 0.045 0.2286660191 1
0 0.505 0.055 0.2159900946 1
0 0.505 0.065 0.2010721588 1
0 0.505 0.075 0.1840670622 1
0 0.505 0.085 0.1651513206 1
0 0.505 0.095 0.1445212822 1
0 0.505 0.105 0.1223910901 1
0 0.505 0.115 0.0989904592 1
0 0.505 0.125 0.07456229172 1
0 0.505 0.135 0.0493601559 1
0 0.505 0.145 0.02364565388 1
0 0.505 0.155 -0.002314293756 1
0 0.505 0.165 -0.02825021866 1
0 0.505 0.175 -0.05389290184 1
0 0.505 0.185 -0.0789761682 1
0 0.505 0.195 -0.1032396495 1
0 0.505 0.205 -0.1264314869 1
0 0.505 0.215 -0.1483109456 1
0 0.505 0.225 -0.1686509133 1
0 0.505 0.235 -0.1872402579 1
0 0.505 0.245 -0.2038860191 1
0 0.505 0.255 -0.2184154113 1
0 0.505 0.265 -0.230677617 1
0 0.505 0.275 -0.2405453528 2
0 0.505 0.285 -0.2479161898 2
0 0.505 0.295 -0.2527136177 2
0 0.505 0.305 -0.2548878385 2
0 0.505 0.315 -0.2544162832 2
0 0.505 0.325 -0.2513038469 2
0 0.505 0.335 -0.2455828369 2
0 0.505 0.345 -0.2373126384 2
0 0.505 0.355 -0.2265790973 2
0 0.505 0.365 -0.2134936295 2
0 0.505 0.375 -0.1981920641 2
0 0.505 0.385 -0.1808332339 2
0 0.505 0.395 -0.1615973261 2
0 0.505 0.405 0 2
0 0.505 0.415 0 2
0 0.505 0.425 0 2
0 0.505 0.435 0 2
0 0.505 0.445 0 2
0 0.505 0.455 0 2
0 0.505 0.465 0 2
0 0.515 -0.455 0 2
0 0.515 -0.445 0 2
0 0.515 -0.435 0 2
0 0.515 -0.425 0 2
0 0.515 -0.415 0 2
0 0.515 -0.405 0 2
0 0.515 -0.395 -0.1069939003 2
0 0.515 -0.385 -0.1197300318 2
0 0.515 -0.375 -0.1312233467 2
0 0.515 -0.365 -0.1413545426 2
0 0.515 -0.355 -0.150018456 2
0 0.515 -0.345 -0.1571251542 2
0 0.515 -0.335 -0.1626008685 2
0 0.515 -0.325 -0.1663887602 2
0 0.515 -0.315 -0.1684495103 2
0 0.515 -0.305 -0.1687617279 2
0 0.515 -0.295 -0.1673221722 2
0 0.515 -0.285 -0.164145786 1
0 0.515 -0.275 -0.1592655406 1
0 0.515 -0.265 -0.1527320938 1
0 0.515 -0.255 -0.1446132637 1
0 0.515 -0.245 -0.1349933253 1
0 0.515 -0.235 -0.1239721348 1
0 0.515 -0.225 -0.1116640939 1
0 0.515 -0.215 -0.09819696224 1
0 0.515 -0.205 -0.08371053058 2
0 0.515 -0.195 -0.06835517042 1
0 0.515 -0.185 -0.05229027281 1
0 0.515 -0.175 -0.03568259393 1
0 0.515 -0.165 -0.01870452409 1
0 0.515 -0.155 -0.001532298346 1
0 0.515 -0.145 0.0156558329 1
0 0.515 -0.135 0.03268145413 1
0 0.515 -0.125 0.04936783671 2
0 0.515 -0.115 0.06554177337 2
0 0.515 -0.105 0.08103537608 2
0 0.515 -0.095 0.09568781881 2
0 0.515 -0.085 0.1093470069 2
0 0.515 -0.075 0.1218711558 2
0 0.515 -0.065 0.1331302629 2
0 0.515 -0.055 0.1430074569 2
0 0.515 -0.045 0.1514002109 2
0 0.515 -0.035 0.1582214069 2
0 0.515 -0.025 0.1634002397 2
0 0.515 -0.015 0.1668829523 2
0 0.515 -0.005 0.1686333935 2
0 0.515 0.005 0.1686333935 2
0 0.515 0.015 0.1668829523 2
0 0.515 0.025 0.1634002397 1
0 0.515 0.035 0.1582214069 1
0 0.515 0.045 0.1514002109 1
0 0.515 0.055 0.1430074569 1
0 0.515 0.065 0.1331302629 1
0 0.515 0.075 0.1218711558 1
0 0.515 0.085 0.1093470069 1
0 0.515 0.095 0.09568781881 1
0 0.515 0.105 0.08103537608 1
0 0.515 0.115 0.06554177337 1
0 0.515 0.125 0.04936783671 1
0 0.515 0.135 0.03268145413 1
0 0.515 0.145 0.0156558329 1
0 0.515 0.155 -0.001532298346 1
0 0.515 0.165 -0.01870452409 1
0 0.515 0.175 -0.03568259393 1
0 0.515 0.185 -0.05229027281 1
0 0.515 0.195 -0.06835517042 1
0 0.515 0.205 -0.08371053058 1
0 0.515 0.215 -0.09819696224 1
0 0.515 0.225 -0.1116640939 1
0 0.515 0.235 -0.1239721348 1
0 0.515 0.245 -0.1349933253 1
0 0.515 0.255 -0.1446132637 1
0 0.515 0.265 -0.1527320938 1
0 0.515 0.275 -0.1592655406 2
0 0.515 0.285 -0.164145786 2
0 0.515 0.295 -0.1673221722 2
0 0.515 0.305 -0.1687617279 2
0 0.515 0.315 -0.1684495103 2
0 0.515 0.325 -0.1663887602 2
0 0.515 0.335 -0.1626008685 2
0 0.515 0.345 -0.1571251542 2
0 0.515 0.355 -0.150018456 2
0 0.515 0.365 -0.1413545426 2
0 0.515 0.375 -0.1312233467 2
0 0.515 0.385 -0.1197300318 2
0 0.515 0.395 -0.1069939003 2
0 0.515 0.405 0 2
0 0.515 0.415 0 2
0 0.515 0.425 0 2
0 0.515 0.435 0 2
0 0.515 0.445 0 2
0 0.515 0.455 0 2
0 0.515 0.465 0 2
0 0.525 -0.455 0 2
0 0.525 -0.445 0 2
0 0.525 -0.435 0 2
0 0.525 -0.425 0 2
0 0.525 -0.415 0 2
0 0.525 -0.405 0 2
0 0.525 -0.395 -0.05155852773 2
0 0.525 -0.385 -0.05769585132 2
0 0.525 -0.375 -0.06323428288 2
0 0.525 -0.365 -0.06811633262 2
0 0.525 -0.355 -0.07229132408 2
0 0.525 -0.345 -0.0757159202 2
0 0.525 -0.335 -0.07835457313 2
0 0.525 -0.325 -0.08017989324 2
0 0.525 -0.315 -0.08117293341 2
0 0.525 -0.305 -0.08132338574 2
0 0.525 -0.295 -0.0806296885 2
0 0.525 -0.285 -0.07909904238 1
0 0.525 -0.275 -0.07674733573 1
0 0.525 -0.265 -0.07359897964 1
0 0.525 -0.255 -0.06968665453 1
0 0.525 -0.245 -0.06505097096 1
0 0.525 -0.235 -0.05974004805 1
0 0.525 -0.225 -0.05380901403 1
0 0.525 -0.215 -0.04731943396 2
0 0.525 -0.205 -0.0403386707 1
0 0.525 -0.195 -0.03293918568 1
0 0.525 -0.185 -0.02519778672 1
0 0.525 -0.175 -0.01719483076 1
0 0.525 -0.165 -0.009013389745 1
0 0.525 -0.155 -0.0007383883241 1
0 0.525 -0.145 0.007544277684 1
0 0.525 -0.135 0.0157486329 1
0 0.525 -0.125 0.02378951482 1
0 0.525 -0.115 0.03158345783 1
0 0.525 -0.105 0.03904955957 2
0 0.525 -0.095 0.04611032072 2
0 0.525 -0.085 0.05269244947 2
0 0.525 -0.075 0.05872762229 2
0 0.525 -0.065 0.06415319313 2
0 0.525 -0.055 0.06891284371 2
0 0.525 -0.045 0.07295716811 2
0 0.525 -0.035 0.0762441856 2
0 0.525 -0.025 0.07873977642 2
0 0.525 -0.015 0.08041803595 2
0 0.525 -0.005 0.08126154358 2
0 0.525 0.005 0.08126154358 2
0 0.525 0.015 0.08041803595 2
0 0.525 0.025 0.07873977642 1
0 0.525 0.035 0.0762441856 1
0 0.525 0.045 0.07295716811 1
0 0.525 0.055 0.06891284371 1
0 0.525 0.065 0.06415319313 1
0 0.525 0.075 0.05872762229 1
0 0.525 0.085 0.05269244947 1
0 0.525 0.095 0.04611032072 1
0 0.525 0.105 0.03904955957 1
0 0.525 0.115 0.03158345783 1
0 0.525 0.125 0.02378951482 1
0 0.525 0.135 0.0157486329 1
0 0.525 0.145 0.007544277684 1
0 0.525 0.155 -0.0007383883241 1
0 0.525 0.165 -0.009013389745 1
0 0.525 0.175 -0.01719483076 1
0 0.525 0.185 -0.02519778672 1
0 0.525 0.195 -0.03293918568 1
0 0.525 0.205 -0.0403386707 1
0 0.525 0.215 -0.04731943396 1
0 0.525 0.225 -0.05380901403 1
0 0.525 0.235 -0.05974004805 1
0 0.525 0.245 -0.06505097096 1
0 0.525 0.255 -0.06968665453 1
0 0.525 0.265 -0.07359897964 1
0 0.525 0.275 -0.07674733573 2
0 0.525 0.285 -0.07909904238 2
0 0.525 0.295 -0.0806296885 2
0 0.525 0.305 -0.08132338574 2
0 0.525 0.315 -0.08117293341 2
0 0.525 0.325 -0.08017989324 2
0 0.525 0.335 -0.07835457313 2
0 0.525 0.345 -0.0757159202 2
0 0.525 0.355 -0.07229132408 2
0 0.525 0.365 -0.06811633262 2
0 0.525 0.375 -0.06323428288 2
0 0.525 0.385 -0.05769585132 2
0 0.525 0.395 -0.05155852773 2
0 0.525 0.405 0 2
0 0.525 0.415 0 2
0 0.525 0.425 0 2
0 0.525 0.435 0 2
0 0.525 0.445 0 2
0 0.525 0.455 0 2
0 0.525 0.465 0 2
0 0.535 -0.455 0 2
0 0.535 -0.445 0 2
0 0.535 -0.435 0 2
0 0.535 -0.425 0 2
0 0.535 -0.415 0 2
0 0.535 -0.405 0 2
0 0.535 -0.395 0.004277745789 2
0 0.535 -0.385 0.00478695176 2
0 0.535 -0.375 0.005246468417 2
0 0.535 -0.365 0.005651525904 2
0 0.535 -0.355 0.005997919662 2
0 0.535 -0.345 0.006282054068 2
0 0.535 -0.335 0.006500979762 2
0 0.535 -0.325 0.006652424261 2
0 0.535 -0.315 0.006734815547 2
0 0.535 -0.305 0.006747298386 2
0 0.535 -0.295 0.006689743204 1
0 0.535 -0.285 0.006562747433 1
0 0.535 -0.275 0.006367629309 1
0 0.535 -0.265 0.006106414188 1
0 0.535 -0.255 0.005781813526 1
0 0.535 -0.245 0.005397196727 1
0 0.535 -0.235 0.004956556176 1
0 0.535 -0.225 0.00446446579 1
0 0.535 -0.215 0.003926033545 2
0 0.535 -0.205 0.003346848452 1
0 0.535 -0.195 0.002732922546 1
0 0.535 -0.185 0.002090628472 1
0 0.535 -0.175 0.001426633345 1
0 0.535 -0.165 0.0007478295391 1
0 0.535 -0.155 6.126314469e-05 1
0 0.535 -0.145 -0.0006259391709 1
0 0.535 -0.135 -0.001306644139 1
0 0.535 -0.125 -0.001973785935 1
0 0.535 -0.115 -0.002620439522 1
0 0.535 -0.105 -0.003239892534 1
0 0.535 -0.095 -0.00382571495 2
0 0.535 -0.085 -0.004371825841 2
0 0.535 -0.075 -0.004872556492 2
0 0.535 -0.065 -0.005322709237 2
0 0.535 -0.055 -0.005717611422 2
0 0.535 -0.045 -0.006053163898 2
0 0.535 -0.035 -0.006325883579 2
0 0.535 -0.025 -0.006532939591 2
0 0.535 -0.015 -0.00667218266 2
0 0.535 -0.005 -0.006742167421 2
0 0.535 0.005 -0.006742167421 2
0 0.535 0.015 -0.00667218266 2
0 0.535 0.025 -0.006532939591 1
0 0.535 0.035 -0.006325883579 1
0 0.535 0.045 -0.006053163898 1
0 0.535 0.055 -0.005717611422 1
0 0.535 0.065 -0.005322709237 1
0 0.535 0.075 -0.004872556492 1
0 0.535 0.085 -0.004371825841 1
0 0.535 0.095 -0.00382571495 1
0 0.535 0.105 -0.003239892534 1
0 0.535 0.115 -0.002620439522 1
0 0.535 0.125 -0.001973785935 1
0 0.535 0.135 -0.001306644139 1
0 0.535 0.145 -0.0006259391709 1
0 0.535 0.155 6.126314469e-05 1
0 0.535 0.165 0.0007478295391 1
0 0.535 0.175 0.001426633345 1
0 0.535 0.185 0.002090628472 1
0 0.535 0.195 0.002732922546 1
0 0.535 0.205 0.003346848452 1
0 0.535 0.215 0.003926033545 1
0 0.535 0.225 0.00446446579 1
0 0.535 0.235 0.004956556176 1
0 0.535 0.245 0.005397196727 1
0 0.535 0.255 0.005781813526 1
0 0.535 0.265 0.006106414188 2
0 0.535 0.275 0.006367629309 2
0 0.535 0.285 0.006562747433 2
0 0.535 0.295 0.006689743204 2
0 0.535 0.305 0.006747298386 2
0 0.535 0.315 0.006734815547 2
0 0.535 0.325 0.006652424261 2
0 0.535 0.335 0.006500979762 2
0 0.535 0.345 0.006282054068 2
0 0.535 0.355 0.005997919662 2
0 0.535 0.365 0.005651525904 2
0 0.535 0.375 0.005246468417 2
0 0.535 0.385 0.00478695176 2
0 0.535 0.395 0.004277745789 2
0 0.535 0.405 0 2
0 0.535 0.415 0 2
0 0.535 0.425 0 2
0 0.535 0.435 0 2
0 0.535 0.445 0 2
0 0.535 0.455 0 2
0 0.535 0.465 0 2
0 0.545 -0.455 0 2
0 0.545 -0.445 0 2
0 0.545 -0.435 0 2
0 0.545 -0.425 0 2
0 0.545 -0.415 0 2
0 0.545 -0.405 0 2
0 0.545 -0.395 0.06008075706 2
0 0.545 -0.385 0.0672325332 2
0 0.545 -0.375 0.07368642503 2
0 0.545 -0.365 0.07937544016 2
0 0.545 -0.355 0.0842405257 2
0 0.545 -0.345 0.0882311813 2
0 0.545 -0.335 0.09130598333 2
0 0.545 -0.325 0.09343301486 2
0 0.545 -0.315 0.09459019696 2
0 0.545 -0.305 0.0947655179 2
0 0.545 -0.295 0.09395715783 1
0 0.545 -0.285 0.09217350764 1
0 0.545 -0.275 0.08943308191 1
0 0.545 -0.265 0.08576432669 1
0 0.545 -0.255 0.08120532424 1
0 0.545 -0.245 0.07580339772 1
0 0.545 -0.235 0.06961461997 1
0 0.545 -0.225 0.0627032315 1
0 0.545 -0.215 0.0551409736 2
0 0.545 -0.205 0.04700634369 1
0 0.545 -0.195 0.03838378053 1
0 0.545 -0.185 0.02936278767 1
0 0.545 -0.175 0.02003700445 1
0 0.545 -0.165 0.01050323396 1
0 0.545 -0.155 0.0008604382529 1
0 0.545 -0.145 -0.008791288944 1
0 0.545 -0.135 -0.01835176117 1
0 0.545 -0.125 -0.02772173923 1
0 0.545 -0.115 -0.03680396126 1
0 0.545 -0.105 -0.04550415238 1
0 0.545 -0.095 -0.05373200321 2
0 0.545 -0.085 -0.06140210738 2
0 0.545 -0.075 -0.068434848 2
0 0.545 -0.065 -0.0747572241 2
0 0.545 -0.055 -0.08030360843 2
0 0.545 -0.045 -0.08501642864 2
0 0.545 -0.035 -0.08884676492 2
0 0.545 -0.025 -0.09175485777 2
0 0.545 -0.015 -0.09371052073 2
0 0.545 -0.005 -0.09469345371 2
0 0.545 0.005 -0.09469345371 2
0 0.545 0.015 -0.09371052073 2
0 0.545 0.025 -0.09175485777 2
0 0.545 0.035 -0.08884676492 1
0 0.545 0.045 -0.08501642864 1
0 0.545 0.055 -0.08030360843 1
0 0.545 0.065 -0.0747572241 1
0 0.545 0.075 -0.068434848 1
0 0.545 0.085 -0.06140210738 1
0 0.545 0.095 -0.05373200321 2
0 0.545 0.105 -0.04550415238 2
0 0.545 0.115 -0.03680396126 2
0 0.545 0.125 -0.02772173923 2
0 0.545 0.135 -0.01835176117 1
0 0.545 0.145 -0.008791288944 1
0 0.545 0.155 0.0008604382529 1
0 0.545 0.165 0.01050323396 1
0 0.545 0.175 0.02003700445 1
0 0.545 0.185 0.02936278767 1
0 0.545 0.195 0.03838378053 1
0 0.545 0.205 0.04700634369 1
0 0.545 0.215 0.0551409736 1
0 0.545 0.225 0.0627032315 1
0 0.545 0.235 0.06961461997 2
0 0.545 0.245 0.07580339772 2
0 0.545 0.255 0.08120532424 2
0 0.545 0.265 0.08576432669 2
0 0.545 0.275 0.08943308191 2
0 0.545 0.285 0.09217350764 2
0 0.545 0.295 0.09395715783 2
0 0.545 0.305 0.0947655179 2
0 0.545 0.315 0.09459019696 2
0 0.545 0.325 0.09343301486 2
0 0.545 0.335 0.09130598333 2
0 0.545 0.345 0.0882311813 2
0 0.545 0.355 0.0842405257 2
0 0.545 0.365 0.07937544016 2
0 0.545 0.375 0.07368642503 2
0 0.545 0.385 0.0672325332 2
0 0.545 0.395 0.06008075706 2
0 0.545 0.405 0 2
0 0.545 0.415 0 2
0 0.545 0.425 0 2
0 0.545 0.435 0 2
0 0.545 0.445 0 2
0 0.545 0.455 0 2
0 0.545 0.465 0 2
0 0.555 -0.455 0 2
0 0.555 -0.445 0 2
0 0.555 -0.435 0 2
0 0.555 -0.425 0 2
0 0.555 -0.415 0 2
0 0.555 -0.405 0 2
0 0.555 -0.395 0.1154166016 2
0 0.555 -0.385 0.1291553382 2
0 0.555 -0.375 0.141553422 2
0 0.555 -0.365 0.152482159 2
0 0.555 -0.355 0.1618281071 2
0 0.555 -0.345 0.169494254 2
0 0.555 -0.335 0.1754010238 2
0 0.555 -0.325 0.1794871033 2
0 0.555 -0.315 0.1817100784 2
0 0.555 -0.305 0.1820468742 2
0 0.555 -0.295 0.1804939948 1
0 0.555 -0.285 0.1770675592 1
0 0.555 -0.275 0.1718031344 1
0 0.555 -0.265 0.1647553661 1
0 0.555 -0.255 0.155997411 1
0 0.555 -0.245 0.1456201782 1
0 0.555 -0.235 0.1337313851 1
0 0.555 -0.225 0.120454439 2
0 0.555 -0.215 0.1059271569 2
0 0.555 -0.205 0.09030033419 1
0 0.555 -0.195 0.07373617978 1
0 0.555 -0.185 0.0564066322 1
0 0.555 -0.175 0.03849157488 1
0 0.555 -0.165 0.02017696895 1
0 0.555 -0.155 0.001652922897 1
0 0.555 -0.145 -0.01688828076 1
0 0.555 -0.135 -0.03525418139 1
0 0.555 -0.125 -0.05325413807 1
0 0.555 -0.115 -0.07070130839 1
0 0.555 -0.105 -0.08741458799 1
0 0.555 -0.095 -0.1032204904 2
0 0.555 -0.085 -0.1179549478 2
0 0.555 -0.075 -0.1314650143 2
0 0.555 -0.065 -0.1436104532 2
0 0.555 -0.055 -0.1542651929 2
0 0.555 -0.045 -0.1633186356 2
0 0.555 -0.035 -0.1706768052 2
0 0.555 -0.025 -0.1762633226 2
0 0.555 -0.015 -0.1800201989 2
0 0.555 -0.005 -0.1819084371 2
0 0.555 0.005 -0.1819084371 2
0 0.555 0.015 -0.1800201989 2
0 0.555 0.025 -0.1762633226 2
0 0.555 0.035 -0.1706768052 1
0 0.555 0.045 -0.1633186356 1
0 0.555 0.055 -0.1542651929 1
0 0.555 0.065 -0.1436104532 1
0 0.555 0.075 -0.1314650143 1
0 0.555 0.085 -0.1179549478 1
0 0.555 0.095 -0.1032204904 2
0 0.555 0.105 -0.08741458799 2
0 0.555 0.115 -0.07070130839 2
0 0.555 0.125 -0.05325413807 2
0 0.555 0.135 -0.03525418139 2
0 0.555 0.145 -0.01688828076 2
0 0.555 0.155 0.001652922897 1
0 0.555 0.165 0.02017696895 1
0 0.555 0.175 0.03849157488 1
0 0.555 0.185 0.0564066322 1
0 0.555 0.195 0.07373617978 1
0 0.555 0.205 0.09030033419 1
0 0.555 0.215 0.1059271569 1
0 0.555 0.225 0.120454439 2
0 0.555 0.235 0.1337313851 2
0 0.555 0.245 0.1456201782 2
0 0.555 0.255 0.155997411 2
0 0.555 0.265 0.1647553661 2
0 0.555 0.275 0.1718031344 2
0 0.555 0.285 0.1770675592 2
0 0.555 0.295 0.1804939948 2
0 0.555 0.305 0.1820468742 2
0 0.555 0.315 0.1817100784 2
0 0.555 0.325 0.1794871033 2
0 0.555 0.335 0.1754010238 2
0 0.555 0.345 0.169494254 2
0 0.555 0.355 0.1618281071 2
0 0.555 0.365 0.152482159 2
0 0.555 0.375 0.141553422 2
0 0.555 0.385 0.1291553382 2
0 0.555 0.395 0.1154166016 2
0 0.555 0.405 0 2
0 0.555 0.415 0 2
0 0.555 0.425 0 2
0 0.555 0.435 0 2
0 0.555 0.445 0 2
0 0.555 0.455 0 2
0 0.555 0.465 0 2
0 0.565 -0.455 0 2
0 0.565 -0.445 0 2
0 0.565 -0.435 0 2
0 0.565 -0.425 0 2
0 0.565 -0.415 0 2
0 0.565 -0.405 0 2
0 0.565 -0.395 0.1698550073 2
0 0.565 -0.385 0.1900738768 2
0 0.565 -0.375 0.2083197495 2
0 0.565 -0.365 0.2244032304 2
0 0.565 -0.355 0.2381573703 2
0 0.565 -0.345 0.2494393992 2
0 0.565 -0.335 0.2581322078 2
0 0.565 -0.325 0.2641455634 2
0 0.565 -0.315 0.2674170464 2
0 0.565 -0.305 0.2679126982 2
0 0.565 -0.295 0.2656273741 2
0 0.565 -0.285 0.2605847959 1
0 0.565 -0.275 0.2528373064 1
0 0.565 -0.265 0.2424653258 1
0 0.565 -0.255 0.229576517 1
0 0.565 -0.245 0.2143046676 1
0 0.565 -0.235 0.1968083021 2
0 0.565 -0.225 0.1772690353 2
0 0.565 -0.215 0.155889688 2
0 0.565 -0.205 0.1328921812 2
0 0.565 -0.195 0.1085152325 1
0 0.565 -0.185 0.08301187866 1
0 0.565 -0.175 0.05664684841 1
0 0.565 -0.165 0.02969381494 1
0 0.565 -0.155 0.002432554996 1
0 0.565 -0.145 -0.02485395526 1
0 0.565 -0.135 -0.05188247754 1
0 0.565 -0.125 -0.07837245152 1
0 0.565 -0.115 -0.1040489071 1
0 0.565 -0.105 -0.1286453186 1
0 0.565 -0.095 -0.1519063714 2
0 0.565 -0.085 -0.1735906122 2
0 0.565 -0.075 -0.193472955 2
0 0.565 -0.065 -0.211347018 2
0 0.565 -0.055 -0.2270272657 2
0 0.565 -0.045 -0.2403509346 2
0 0.565 -0.035 -0.2511797228 2
0 0.565 -0.025 -0.2594012259 2
0 0.565 -0.015 -0.2649301035 2
0 0.565 -0.005 -0.2677089647 2
0 0.565 0.005 -0.2677089647 2
0 0.565 0.015 -0.2649301035 2
0 0.565 0.025 -0.2594012259 2
0 0.565 0.035 -0.2511797228 2
0 0.565 0.045 -0.2403509346 1
0 0.565 0.055 -0.2270272657 1
0 0.565 0.065 -0.211347018 1
0 0.565 0.075 -0.193472955 1
0 0.565 0.085 -0.1735906122 2
0 0.565 0.095 -0.1519063714 2
0 0.565 0.105 -0.1286453186 2
0 0.565 0.115 -0.1040489071 2
0 0.565 0.125 -0.07837245152 2
0 0.565 0.135 -0.05188247754 2
0 0.565 0.145 -0.02485395526 2
0 0.565 0.155 0.002432554996 2
0 0.565 0.165 0.02969381494 2
0 0.565 0.175 0.05664684841 2
0 0.565 0.185 0.08301187866 2
0 0.565 0.195 0.1085152325 2
0 0.565 0.205 0.1328921812 2
0 0.565 0.215 0.155889688 2
0 0.565 0.225 0.1772690353 2
0 0.565 0.235 0.1968083021 2
0 0.565 0.245 0.2143046676 2
0 0.565 0.255 0.229576517 2
0 0.565 0.265 0.2424653258 2
0 0.565 0.275 0.2528373064 2
0 0.565 0.285 0.2605847959 2
0 0.565 0.295 0.2656273741 2
0 0.565 0.305 0.2679126982 2
0 0.565 0.315 0.2674170464 2
0 0.565 0.325 0.2641455634 2
0 0.565 0.335 0.2581322078 2
0 0.565 0.345 0.2494393992 2
0 0.565 0.355 0.2381573703 2
0 0.565 0.365 0.2244032304 2
0 0.565 0.375 0.2083197495 2
0 0.565 0.385 0.1900738768 2
0 0.565 0.395 0.1698550073 2
0 0.565 0.405 0 2
0 0.565 0.415 0 2
0 0.565 0.425 0 2
0 0.565 0.435 0 2
0 0.565 0.445 0 2
0 0.565 0.455 0 2
0 0.565 0.465 0 2
0 0.575 -0.455 0 2
0 0.575 -0.445 0 2
0 0.575 -0.435 0 2
0 0.575 -0.425 0 2
0 0.575 -0.415 0 2
0 0.575 -0.405 0 2
0 0.575 -0.395 0.2229726805 2
0 0.575 -0.385 0.2495144681 2
0 0.575 -0.375 0.2734662562 2
0 0.575 -0.365 0.2945794214 2
0 0.575 -0.355 0.3126348058 2
0 0.575 -0.345 0.3274449917 2
0 0.575 -0.335 0.3388562469 2
0 0.575 -0.325 0.3467501208 2
0 0.575 -0.315 0.3510446738 2
0 0.575 -0.305 0.3516953277 2
0 0.575 -0.295 0.3486953287 2
0 0.575 -0.285 0.3420758171 1
0 0.575 -0.275 0.3319055047 1
0 0.575 -0.265 0.3182899608 1
0 0.575 -0.255 0.3013705169 1
0 0.575 -0.245 0.2813227996 2
0 0.575 -0.235 0.2583549072 2
0 0.575 -0.225 0.2327052501 2
0 0.575 -0.215 0.2046400759 2
0 0.575 -0.205 0.1744507054 2
0 0.575 -0.195 0.1424505091 2
0 0.575 -0.185 0.108971654 2
0 0.575 -0.175 0.07436165604 1
0 0.575 -0.165 0.03897977231 1
0 0.575 -0.155 0.003193272405 1
0 0.575 -0.145 -0.03262637417 1
0 0.575 -0.135 -0.06810735384 1
0 0.575 -0.125 -0.1028813684 1
0 0.575 -0.115 -0.1365874582 1
0 0.575 -0.105 -0.1688757486 2
0 0.575 -0.095 -0.1994110822 2
0 0.575 -0.085 -0.2278764972 2
0 0.575 -0.075 -0.2539765183 2
0 0.575 -0.065 -0.2774402231 2
0 0.575 -0.055 -0.2980240546 2
0 0.575 -0.045 -0.3155143494 2
0 0.575 -0.035 -0.3297295556 2
0 0.575 -0.025 -0.340522117 2
0 0.575 -0.015 -0.3477800051 2
0 0.575 -0.005 -0.3514278819 2
0 0.575 0.005 -0.3514278819 2
0 0.575 0.015 -0.3477800051 2
0 0.575 0.025 -0.340522117 2
0 0.575 0.035 -0.3297295556 2
0 0.575 0.045 -0.3155143494 2
0 0.575 0.055 -0.2980240546 2
0 0.575 0.065 -0.2774402231 2
0 0.575 0.075 -0.2539765183 2
0 0.575 0.085 -0.2278764972 2
0 0.575 0.095 -0.1994110822 2
0 0.575 0.105 -0.1688757486 2
0 0.575 0.115 -0.1365874582 2
0 0.575 0.125 -0.1028813684 2
0 0.575 0.135 -0.06810735384 2
0 0.575 0.145 -0.03262637417 2
0 0.575 0.155 0.003193272405 2
0 0.575 0.165 0.03897977231 2
0 0.575 0.175 0.07436165604 2
0 0.575 0.185 0.108971654 2
0 0.575 0.195 0.1424505091 2
0 0.575 0.205 0.1744507054 2
0 0.575 0.215 0.2046400759 2
0 0.575 0.225 0.2327052501 2
0 0.575 0.235 0.2583549072 2
0 0.575 0.245 0.2813227996 2
0 0.575 0.255 0.3013705169 2
0 0.575 0.265 0.3182899608 2
0 0.575 0.275 0.3319055047 2
0 0.575 0.285 0.3420758171 2
0 0.575 0.295 0.3486953287 2
0 0.575 0.305 0.3516953277 2
0 0.575 0.315 0.3510446738 2
0 0.575 0.325 0.3467501208 2
0 0.575 0.335 0.3388562469 2
0 0.575 0.345 0.3274449917 2
0 0.575 0.355 0.3126348058 2
0 0.575 0.365 0.2945794214 2
0 0.575 0.375 0.2734662562 2
0 0.575 0.385 0.2495144681 2
0 0.575 0.395 0.2229726805 2
0 0.575 0.405 0 2
0 0.575 0.415 0 2
0 0.575 0.425 0 2
0 0.575 0.435 0 2
0 0.575 0.445 0 2
0 0.575 0.455 0 2
0 0.575 0.465 0 2
0 0.585 -0.455 0 2
0 0.585 -0.445 0 2
0 0.585 -0.435 0 2
0 0.585 -0.425 0 2
0 0.585 -0.415 0 2
0 0.585 -0.405 0 2
0 0.585 -0.395 0.2743565968 2
0 0.585 -0.385 0.3070149229 2
0 0.585 -0.375 0.3364863858 2
0 0.585 -0.365 0.3624650669 2
0 0.585 -0.355 0.3846813034 2
0 0.585 -0.345 0.4029044874 2
0 0.585 -0.335 0.4169454593 2
0 0.585 -0.325 0.4266584716 2
0 0.585 -0.315 0.4319427017 2
0 0.585 -0.305 0.4327432984 2
0 0.585 -0.295 0.4290519514 2
0 0.585 -0.285 0.4209069776 2
0 0.585 -0.275 0.408392923 2
0 0.585 -0.265 0.3916396854 2
0 0.585 -0.255 0.3708211661 2
0 0.585 -0.245 0.3461534647 2
0 0.585 -0.235 0.3178926357 2
0 0.585 -0.225 0.2863320311 2
0 0.585 -0.215 0.2517992548 2
0 0.585 -0.205 0.2146527626 2
0 0.585 -0.195 0.1752781408 2
0 0.585 -0.185 0.1340841043 2
0 0.585 -0.175 0.09149825367 2
0 0.585 -0.165 0.04796263673 2
0 0.585 -0.155 0.003929160056 2
0 0.585 -0.145 -0.04014510192 2
0 0.585 -0.135 -0.0838026514 2
0 0.585 -0.125 -0.1265903162 2
0 0.585 -0.115 -0.1680639535 2
0 0.585 -0.105 -0.2077930604 2
0 0.585 -0.095 -0.2453652427 2
0 0.585 -0.085 -0.280390495 2
0 0.585 -0.075 -0.3125052498 2
0 0.585 -0.065 -0.3413761508 2
0 0.585 -0.055 -0.3667035136 2
0 0.585 -0.045 -0.3882244361 2
0 0.585 -0.035 -0.4057155277 2
0 0.585 -0.025 -0.4189952281 2
0 0.585 -0.015 -0.4279256921 2
0 0.585 -0.005 -0.4324142199 2
0 0.585 0.005 -0.4324142199 2
0 0.585 0.015 -0.4279256921 2
0 0.585 0.025 -0.4189952281 2
0 0.585 0.035 -0.4057155277 2
0 0.585 0.045 -0.3882244361 2
0 0.585 0.055 -0.3667035136 2
0 0.585 0.065 -0.3413761508 2
0 0.585 0.075 -0.3125052498 2
0 0.585 0.085 -0.280390495 2
0 0.585 0.095 -0.2453652427 2
0 0.585 0.105 -0.2077930604 2
0 0.585 0.115 -0.1680639535 2
0 0.585 0.125 -0.1265903162 2
0 0.585 0.135 -0.0838026514 2
0 0.585 0.145 -0.04014510192 2
0 0.585 0.155 0.003929160056 2
0 0.585 0.165 0.04796263673 2
0 0.585 0.175 0.09149825367 2
0 0.585 0.185 0.1340841043 2
0 0.585 0.195 0.1752781408 2
0 0.585 0.205 0.2146527626 2
0 0.585 0.215 0.2517992548 2
0 0.585 0.225 0.2863320311 2
0 0.585 0.235 0.3178926357 2
0 0.585 0.245 0.3461534647 2
0 0.585 0.255 0.3708211661 2
0 0.585 0.265 0.3916396854 2
0 0.585 0.275 0.408392923 2
0 0.585 0.285 0.4209069776 2
0 0.585 0.295 0.4290519514 2
0 0.585 0.305 0.4327432984 2
0 0.585 0.315 0.4319427017 2
0 0.585 0.325 0.4266584716 2
0 0.585 0.335 0.4169454593 2
0 0.585 0.345 0.4029044874 2
0 0.585 0.355 0.3846813034 2
0 0.585 0.365 0.3624650669 2
0 0.585 0.375 0.3364863858 2
0 0.585 0.385 0.3070149229 2
0 0.585 0.395 0.2743565968 2
0 0.585 0.405 0 2
0 0.585 0.415 0 2
0 0.585 0.425 0 2
0 0.585 0.435 0 2
0 0.585 0.445 0 2
0 0.585 0.455 0 2
0 0.585 0.465 0 2
0 0.595 -0.455 0 2
0 0.595 -0.445 0 2
0 0.595 -0.435 0 2
0 0.595 -0.425 0 2
0 0.595 -0.415 0 2
0 0.595 -0.405 0 2
0 0.595 -0.395 0.323607213 2
0 0.595 -0.385 0.362128138 2
0 0.595 -0.375 0.3968901159 2
0 0.595 -0.365 0.4275323119 2
0 0.595 -0.355 0.453736655 2
0 0.595 -0.345 0.4752311401 2
0 0.595 -0.335 0.491792651 2
0 0.595 -0.325 0.5032492767 2
0 0.595 -0.315 0.5094820956 2
0 0.595 -0.305 0.5104264099 2
0 0.595 -0.295 0.5060724177 2
0 0.595 -0.285 0.4964653139 2
0 0.595 -0.275 0.4817048219 2
0 0.595 -0.265 0.461944158 2
0 0.595 -0.255 0.4373884408 2
0 0.595 -0.245 0.4082925626 2
0 0.595 -0.235 0.3749585433 2
0 0.595 -0.225 0.3377323952 2
0 0.595 -0.215 0.2970005316 2
0 0.595 -0.205 0.2531857556 2
0 0.595 -0.195 0.2067428715 2
0 0.595 -0.185 0.1581539639 2
0 0.595 -0.175 0.1079233932 2
0 0.595 -0.165 0.05657256061 2
0 0.595 -0.155 0.004634495944 2
0 0.595 -0.145 -0.04735167552 2
0 0.595 -0.135 -0.09884632912 2
0 0.595 -0.125 -0.1493149422 2
0 0.595 -0.115 -0.1982336427 2
0 0.595 -0.105 -0.2450946467 2
0 0.595 -0.095 -0.2894115297 2
0 0.595 -0.085 -0.3307242753 2
0 0.595 -0.075 -0.3686040508 2
0 0.595 -0.065 -0.4026576581 2
0 0.595 -0.055 -0.4325316155 2
0 0.595 -0.045 -0.4579158265 2
0 0.595 -0.035 -0.478546799 2
0 0.595 -0.025 -0.4942103803 2
0 0.595 -0.015 -0.5047439799 2
0 0.595 -0.005 -0.5100382575 2
0 0.595 0.005 -0.5100382575 2
0 0.595 0.015 -0.5047439799 2
0 0.595 0.025 -0.4942103803 2
0 0.595 0.035 -0.478546799 2
0 0.595 0.045 -0.4579158265 2
0 0.595 0.055 -0.4325316155 2
0 0.595 0.065 -0.4026576581 2
0 0.595 0.075 -0.3686040508 2
0 0.595 0.085 -0.3307242753 2
0 0.595 0.095 -0.2894115297 2
0 0.595 0.105 -0.2450946467 2
0 0.595 0.115 -0.1982336427 2
0 0.595 0.125 -0.1493149422 2
0 0.595 0.135 -0.09884632912 2
0 0.595 0.145 -0.04735167552 2
0 0.595 0.155 0.004634495944 2
0 0.595 0.165 0.05657256061 2
0 0.595 0.175 0.1079233932 2
0 0.595 0.185 0.1581539639 2
0 0.595 0.195 0.2067428715 2
0 0.595 0.205 0.2531857556 2
0 0.595 0.215 0.2970005316 2
0 0.595 0.225 0.3377323952 2
0 0.595 0.235 0.3749585433 2
0 0.595 0.245 0.4082925626 2
0 0.595 0.255 0.4373884408 2
0 0.595 0.265 0.461944158 2
0 0.595 0.275 0.4817048219 2
0 0.595 0.285 0.4964653139 2
0 0.595 0.295 0.5060724177 2
0 0.595 0.305 0.5104264099 2
0 0.595 0.315 0.5094820956 2
0 0.595 0.325 0.5032492767 2
0 0.595 0.335 0.491792651 2
0 0.595 0.345 0.4752311401 2
0 0.595 0.355 0.453736655 2
0 0.595 0.365 0.4275323119 2
0 0.595 0.375 0.3968901159 2
0 0.595 0.385 0.362128138 2
0 0.595 0.395 0.323607213 2
0 0.595 0.405 0 2
0 0.595 0.415 0 2
0 0.595 0.425 0 2
0 0.595 0.435 0 2
0 0.595 0.445 0 2
0 0.595 0.455 0 2
0 0.595 0.465 0 2
0 0.605 -0.455 0 2
0 0.605 -0.445 0 2
0 0.605 -0.435 0 2
0 0.605 -0.425 0 2
0 0.605 -0.415 0 2
0 0.605 -0.405 0 2
0 0.605 -0.395 0.3703415737 2
0 0.605 -0.385 0.4144255726 2
0 0.605 -0.375 0.4542077686 2
0 0.605 -0.365 0.4892752165 2
0 0.605 -0.355 0.5192639104 2
0 0.605 -0.345 0.5438625631 2
0 0.605 -0.335 0.5628158366 2
0 0.605 -0.325 0.575926993 2
0 0.605 -0.315 0.5830599365 2
0 0.605 -0.305 0.5841406258 2
0 0.605 -0.295 0.5791578434 2
0 0.605 -0.285 0.5681633112 2
0 0.605 -0.275 0.5512711542 2
0 0.605 -0.265 0.5286567158 2
0 0.605 -0.255 0.5005547373 2
0 0.605 -0.245 0.4672569217 2
0 0.605 -0.235 0.4291089056 2
0 0.605 -0.225 0.3865066714 2
0 0.605 -0.215 0.339892437 2
0 0.605 -0.205 0.2897500655 2
0 0.605 -0.195 0.2366000427 2
0 0.605 -0.185 0.1809940741 2
0 0.605 -0.175 0.1235093585 2
0 0.605 -0.165 0.06474259622 2
0 0.605 -0.155 0.005303795628 2
0 0.605 -0.145 -0.0541900592 2
0 0.605 -0.135 -0.1131214127 2
0 0.605 -0.125 -0.170878548 2
0 0.605 -0.115 -0.2268619371 2
0 0.605 -0.105 -0.2804904636 2
0 0.605 -0.095 -0.3312074547 2
0 0.605 -0.085 -0.3784864603 2
0 0.605 -0.075 -0.4218367168 2
0 0.605 -0.065 -0.4608082416 2
0 0.605 -0.055 -0.4949965042 2
0 0.605 -0.045 -0.5240466251 2
0 0.605 -0.035 -0.5476570593 2
0 0.605 -0.025 -0.565582727 2
0 0.605 -0.015 -0.5776375567 2
0 0.605 -0.005 -0.5836964176 2
0 0.605 0.005 -0.5836964176 2
0 0.605 0.015 -0.5776375567 2
0 0.605 0.025 -0.565582727 2
0 0.605 0.035 -0.5476570593 2
0 0.605 0.045 -0.5240466251 2
0 0.605 0.055 -0.4949965042 2
0 0.605 0.065 -0.4608082416 2
0 0.605 0.075 -0.4218367168 2
0 0.605 0.085 -0.3784864603 2
0 0.605 0.095 -0.3312074547 2
0 0.605 0.105 -0.2804904636 2
0 0.605 0.115 -0.2268619371 2
0 0.605 0.125 -0.170878548 2
0 0.605 0.135 -0.1131214127 2
0 0.605 0.145 -0.0541900592 2
0 0.605 0.155 0.005303795628 2
0 0.605 0.165 0.06474259622 2
0 0.605 0.175 0.1235093585 2
0 0.605 0.185 0.1809940741 2
0 0.605 0.195 0.2366000427 2
0 0.605 0.205 0.2897500655 2
0 0.605 0.215 0.339892437 2
0 0.605 0.225 0.3865066714 2
0 0.605 0.235 0.4291089056 2
0 0.605 0.245 0.4672569217 2
0 0.605 0.255 0.5005547373 2
0 0.605 0.265 0.5286567158 2
0 0.605 0.275 0.5512711542 2
0 0.605 0.285 0.5681633112 2
0 0.605 0.295 0.5791578434 2
0 0.605 0.305 0.5841406258 2
0 0.605 0.315 0.5830599365 2
0 0.605 0.325 0.575926993 2
0 0.605 0.335 0.5628158366 2
0 0.605 0.345 0.5438625631 2
0 0.605 0.355 0.5192639104 2
0 0.605 0.365 0.4892752165 2
0 0.605 0.375 0.4542077686 2
0 0.605 0.385 0.4144255726 2
0 0.605 0.395 0.3703415737 2
0 0.605 0.405 0 2
0 0.605 0.415 0 2
0 0.605 0.425 0 2
0 0.605 0.435 0 2
0 0.605 0.445 0 2
0 0.605 0.455 0 2
0 0.605 0.465 0 2
0 0.615 -0.455 0 2
0 0.615 -0.445 0 2
0 0.615 -0.435 0 2
0 0.615 -0.425 0 2
0 0.615 -0.415 0 2
0 0.615 -0.405 0 2
0 0.615 -0.395 0.414196289 2
0 0.615 -0.385 0.4635005801 2
0 0.615 -0.375 0.507993662 2
0 0.615 -0.365 0.5472136897 2
0 0.615 -0.355 0.5807535529 2
0 0.615 -0.345 0.6082651028 2
0 0.615 -0.335 0.6294627649 2
0 0.615 -0.325 0.6441265043 2
0 0.615 -0.315 0.6521041091 2
0 0.615 -0.305 0.6533127703 2
0 0.615 -0.295 0.647739942 2
0 0.615 -0.285 0.635443471 2
0 0.615 -0.275 0.6165509966 2
0 0.615 -0.265 0.5912586256 2
0 0.615 -0.255 0.5598288968 2
0 0.615 -0.245 0.5225880559 2
0 0.615 -0.235 0.4799226685 2
0 0.615 -0.225 0.4322756081 2
0 0.615 -0.215 0.3801414588 2
0 0.615 -0.205 0.3240613812 2
0 0.615 -0.195 0.2646174954 2
0 0.615 -0.185 0.2024268382 2
0 0.615 -0.175 0.1381349586 2
0 0.615 -0.165 0.07240921625 2
0 0.615 -0.155 0.005931854868 2
0 0.615 -0.145 -0.0606070801 2
0 0.615 -0.135 -0.126516904 2
0 0.615 -0.125 -0.1911134625 2
0 0.615 -0.115 -0.2537262332 2
0 0.615 -0.105 -0.3137052855 2
0 0.615 -0.095 -0.3704280275 2
0 0.615 -0.085 -0.4233056682 2
0 0.615 -0.075 -0.4717893293 2
0 0.615 -0.065 -0.5153757428 2
0 0.615 -0.055 -0.5536124748 2
0 0.615 -0.045 -0.586102622 2
0 0.615 -0.035 -0.6125089316 2
0 0.615 -0.025 -0.6325573019 2
0 0.615 -0.015 -0.6460396277 2
0 0.615 -0.005 -0.6528159603 2
0 0.615 0.005 -0.6528159603 2
0 0.615 0.015 -0.6460396277 2
0 0.615 0.025 -0.6325573019 2
0 0.615 0.035 -0.6125089316 2
0 0.615 0.045 -0.586102622 2
0 0.615 0.055 -0.5536124748 2
0 0.615 0.065 -0.5153757428 2
0 0.615 0.075 -0.4717893293 2
0 0.615 0.085 -0.4233056682 2
0 0.615 0.095 -0.3704280275 2
0 0.615 0.105 -0.3137052855 2
0 0.615 0.115 -0.2537262332 2
0 0.615 0.125 -0.1911134625 2
0 0.615 0.135 -0.126516904 2
0 0.615 0.145 -0.0606070801 2
0 0.615 0.155 0.005931854868 2
0 0.615 0.165 0.07240921625 2
0 0.615 0.175 0.1381349586 2
0 0.615 0.185 0.2024268382 2
0 0.615 0.195 0.2646174954 2
0 0.615 0.205 0.3240613812 2
0 0.615 0.215 0.3801414588 2
0 0.615 0.225 0.4322756081 2
0 0.615 0.235 0.4799226685 2
0 0.615 0.245 0.5225880559 2
0 0.615 0.255 0.5598288968 2
0 0.615 0.265 0.5912586256 2
0 0.615 0.275 0.6165509966 2
0 0.615 0.285 0.635443471 2
0 0.615 0.295 0.647739942 2
0 0.615 0.305 0.6533127703 2
0 0.615 0.315 0.6521041091 2
0 0.615 0.325 0.6441265043 2
0 0.615 0.335 0.6294627649 2
0 0.615 0.345 0.6082651028 2
0 0.615 0.355 0.5807535529 2
0 0.615 0.365 0.5472136897 2
0 0.615 0.375 0.507993662 2
0 0.615 0.385 0.4635005801 2
0 0.615 0.395 0.414196289 2
0 0.615 0.405 0 2
0 0.615 0.415 0 2
0 0.615 0.425 0 2
0 0.615 0.435 0 2
0 0.615 0.445 0 2
0 0.615 0.455 0 2
0 0.615 0.465 0 2
0 0.625 -0.455 0 2
0 0.625 -0.445 0 2
0 0.625 -0.435 0 2
0 0.625 -0.425 0 2
0 0.625 -0.415 0 2
0 0.625 -0.405 0 2
0 0.625 -0.395 0.4548303602 2
0 0.625 -0.385 0.5089715707 2
0 0.625 -0.375 0.557829576 2
0 0.625 -0.365 0.6008972223 2
0 0.625 -0.355 0.6377274608 2
0 0.625 -0.345 0.6679379877 2
0 0.625 -0.335 0.6912152129 2
0 0.625 -0.325 0.7073175152 2
0 0.625 -0.315 0.7160777503 2
0 0.625 -0.305 0.7174049853 2
0 0.625 -0.295 0.7112854435 2
0 0.625 -0.285 0.6977826467 2
0 0.625 -0.275 0.677036756 2
0 0.625 -0.265 0.6492631169 2
0 0.625 -0.255 0.6147500244 2
0 0.625 -0.245 0.5738557297 2
0 0.625 -0.235 0.527004722 2
0 0.625 -0.225 0.4746833223 2
0 0.625 -0.215 0.4174346348 2
0 0.625 -0.205 0.3558529099 2
0 0.625 -0.195 0.2905773758 2
0 0.625 -0.185 0.2222856027 2
0 0.625 -0.175 0.15168647 2
0 0.625 -0.165 0.07951280777 2
0 0.625 -0.155 0.006513790099 2
0 0.625 -0.145 -0.06655284174 2
0 0.625 -0.135 -0.1389286446 2
0 0.625 -0.125 -0.2098623462 2
0 0.625 -0.115 -0.2786176436 2
0 0.625 -0.105 -0.3444808459 2
0 0.625 -0.095 -0.4067682827 2
0 0.625 -0.085 -0.4648334006 2
0 0.625 -0.075 -0.5180734745 2
0 0.625 -0.065 -0.5659358641 2
0 0.625 -0.055 -0.6079237501 2
0 0.625 -0.045 -0.6436012918 2
0 0.625 -0.035 -0.6725981506 2
0 0.625 -0.025 -0.6946133346 2
0 0.625 -0.015 -0.7094183226 2
0 0.625 -0.005 -0.7168594366 2
0 0.625 0.005 -0.7168594366 2
0 0.625 0.015 -0.7094183226 2
0 0.625 0.025 -0.6946133346 2
0 0.625 0.035 -0.6725981506 2
0 0.625 0.045 -0.6436012918 2
0 0.625 0.055 -0.6079237501 2
0 0.625 0.065 -0.5659358641 2
0 0.625 0.075 -0.5180734745 2
0 0.625 0.085 -0.4648334006 2
0 0.625 0.095 -0.4067682827 2
0 0.625 0.105 -0.3444808459 2
0 0.625 0.115 -0.2786176436 2
0 0.625 0.125 -0.2098623462 2
0 0.625 0.135 -0.1389286446 2
0 0.625 0.145 -0.06655284174 2
0 0.625 0.155 0.006513790099 2
0 0.625 0.165 0.07951280777 2
0 0.625 0.175 0.15168647 2
0 0.625 0.185 0.2222856027 2
0 0.625 0.195 0.2905773758 2
0 0.625 0.205 0.3558529099 2
0 0.625 0.215 0.4174346348 2
0 0.625 0.225 0.4746833223 2
0 0.625 0.235 0.527004722 2
0 0.625 0.245 0.5738557297 2
0 0.625 0.255 0.6147500244 2
0 0.625 0.265 0.6492631169 2
0 0.625 0.275 0.677036756 2
0 0.625 0.285 0.6977826467 2
0 0.625 0.295 0.7112854435 2
0 0.625 0.305 0.7174049853 2
0 0.625 0.315 0.7160777503 2
0 0.625 0.325 0.7073175152 2
0 0.625 0.335 0.6912152129 2
0 0.625 0.345 0.6679379877 2
0 0.625 0.355 0.6377274608 2
0 0.625 0.365 0.6008972223 2
0 0.625 0.375 0.557829576 2
0 0.625 0.385 0.5089715707 2
0 0.625 0.395 0.4548303602 2
0 0.625 0.405 0 2
0 0.625 0.415 0 2
0 0.625 0.425 0 2
0 0.625 0.435 0 2
0 0.625 0.445 0 2
0 0.625 0.455 0 2
0 0.625 0.465 0 2
0 0.635 -0.455 0 2
0 0.635 -0.445 0 2
0 0.635 -0.435 0 2
0 0.635 -0.425 0 2
0 0.635 -0.415 0 2
0 0.635 -0.405 0 2
0 0.635 -0.395 0.491927831 2
0 0.635 -0.385 0.5504849779 2
0 0.635 -0.375 0.603328004 2
0 0.635 -0.365 0.6499083903 2
0 0.635 -0.355 0.689742625 2
0 0.635 -0.345 0.7224172225 2
0 0.635 -0.335 0.7475930153 2
0 0.635 -0.325 0.7650086748 2
0 0.635 -0.315 0.7744834236 2
0 0.635 -0.305 0.7759189123 2
0 0.635 -0.295 0.7693002404 2
0 0.635 -0.285 0.7546961107 2
0 0.635 -0.275 0.7322581164 2
0 0.635 -0.265 0.7022191674 2
0 0.635 -0.255 0.6648910727 2
0 0.635 -0.245 0.6206613039 2
0 0.635 -0.235 0.5699889729 2
0 0.635 -0.225 0.5134000664 2
0 0.635 -0.215 0.4514819863 2
0 0.635 -0.205 0.384877452 2
0 0.635 -0.195 0.3142778291 2
0 0.635 -0.185 0.2404159528 2
0 0.635 -0.175 0.1640585209 2
0 0.635 -0.165 0.08599813576 2
0 0.635 -0.155 0.007045076396 2
0 0.635 -0.145 -0.07198111197 2
0 0.635 -0.135 -0.150260125 2
0 0.635 -0.125 -0.2269794143 2
0 0.635 -0.115 -0.3013426215 2
0 0.635 -0.105 -0.3725778448 2
0 0.635 -0.095 -0.4399456512 2
0 0.635 -0.085 -0.5027467525 2
0 0.635 -0.075 -0.5603292632 2
0 0.635 -0.065 -0.6120954678 2
0 0.635 -0.055 -0.6575080249 2
0 0.635 -0.045 -0.6960955451 2
0 0.635 -0.035 -0.7274574838 2
0 0.635 -0.025 -0.751268299 2
0 0.635 -0.015 -0.7672808309 2
0 0.635 -0.005 -0.7753288668 2
0 0.635 0.005 -0.7753288668 2
0 0.635 0.015 -0.7672808309 2
0 0.635 0.025 -0.751268299 2
0 0.635 0.035 -0.7274574838 2
0 0.635 0.045 -0.6960955451 2
0 0.635 0.055 -0.6575080249 2
0 0.635 0.065 -0.6120954678 2
0 0.635 0.075 -0.5603292632 2
0 0.635 0.085 -0.5027467525 2
0 0.635 0.095 -0.4399456512 2
0 0.635 0.105 -0.3725778448 2
0 0.635 0.115 -0.3013426215 2
0 0.635 0.125 -0.2269794143 1
0 0.635 0.135 -0.150260125 1
0 0.635 0.145 -0.07198111197 1
0 0.635 0.155 0.007045076396 2
0 0.635 0.165 0.08599813576 2
0 0.635 0.175 0.1640585209 2
0 0.635 0.185 0.2404159528 2
0 0.635 0.195 0.3142778291 2
0 0.635 0.205 0.384877452 2
0 0.635 0.215 0.4514819863 2
0 0.635 0.225 0.5134000664 2
0 0.635 0.235 0.5699889729 2
0 0.635 0.245 0.6206613039 2
0 0.635 0.255 0.6648910727 2
0 0.635 0.265 0.7022191674 2
0 0.635 0.275 0.7322581164 2
0 0.635 0.285 0.7546961107 2
0 0.635 0.295 0.7693002404 2
0 0.635 0.305 0.7759189123 2
0 0.635 0.315 0.7744834236 2
0 0.635 0.325 0.7650086748 2
0 0.635 0.335 0.7475930153 2
0 0.635 0.345 0.7224172225 2
0 0.635 0.355 0.689742625 2
0 0.635 0.365 0.6499083903 2
0 0.635 0.375 0.603328004 2
0 0.635 0.385 0.5504849779 2
0 0.635 0.395 0.491927831 2
0 0.635 0.405 0 2
0 0.635 0.415 0 2
0 0.635 0.425 0 2
0 0.635 0.435 0 2
0 0.635 0.445 0 2
0 0.635 0.455 0 2
0 0.635 0.465 0 2
0 0.645 -0.455 0 2
0 0.645 -0.445 0 2
0 0.645 -0.435 0 2
0 0.645 -0.425 0 2
0 0.645 -0.415 0 2
0 0.645 -0.405 0 2
0 0.645 -0.395 0.5252002446 2
0 0.645 -0.385 0.5877180083 2
0 0.645 -0.375 0.6441351664 2
0 0.645 -0.365 0.6938660999 2
0 0.645 -0.355 0.7363945939 2
0 0.645 -0.345 0.7712791959 2
0 0.645 -0.335 0.7981577983 2
0 0.645 -0.325 0.8167513968 2
0 0.645 -0.315 0.8268669871 2
0 0.645 -0.305 0.8283995677 2
0 0.645 -0.295 0.8213332301 2
0 0.645 -0.285 0.8057413242 2
0 0.645 -0.275 0.7817856962 2
0 0.645 -0.265 0.7497150095 2
0 0.645 -0.255 0.7098621628 2
0 0.645 -0.245 0.6626408348 2
0 0.645 -0.235 0.6085411906 2
0 0.645 -0.225 0.5481247928 2
0 0.645 -0.215 0.4820187733 2
0 0.645 -0.205 0.4109093229 2
0 0.645 -0.195 0.3355345689 2
0 0.645 -0.185 0.2566769132 2
0 0.645 -0.175 0.1751549107 2
0 0.645 -0.165 0.09181477259 2
0 0.645 -0.155 0.007521582665 2
0 0.645 -0.145 -0.07684968247 2
0 0.645 -0.135 -0.1604232358 2
0 0.645 -0.125 -0.2423315706 2
0 0.645 -0.115 -0.3217244656 2
0 0.645 -0.105 -0.3977778098 2
0 0.645 -0.095 -0.4697021577 2
0 0.645 -0.085 -0.5367509231 2
0 0.645 -0.075 -0.5982281293 2
0 0.645 -0.065 -0.6534956332 2
0 0.645 -0.055 -0.7019797494 2
0 0.645 -0.045 -0.7431772051 2
0 0.645 -0.035 -0.7766603642 2
0 0.645 -0.025 -0.8020816663 2
0 0.645 -0.015 -0.8191772343 2
0 0.645 -0.005 -0.8277696134 2
0 0.645 0.005 -0.8277696134 2
0 0.645 0.015 -0.8191772343 2
0 0.645 0.025 -0.8020816663 2
0 0.645 0.035 -0.7766603642 2
0 0.645 0.045 -0.7431772051 2
0 0.645 0.055 -0.7019797494 2
0 0.645 0.065 -0.6534956332 2
0 0.645 0.075 -0.5982281293 2
0 0.645 0.085 -0.5367509231 2
0 0.645 0.095 -0.4697021577 2
0 0.645 0.105 -0.3977778098 1
0 0.645 0.115 -0.3217244656 1
0 0.645 0.125 -0.2423315706 1
0 0.645 0.135 -0.1604232358 1
0 0.645 0.145 -0.07684968247 1
0 0.645 0.155 0.007521582665 1
0 0.645 0.165 0.09181477259 2
0 0.645 0.175 0.1751549107 2
0 0.645 0.185 0.2566769132 2
0 0.645 0.195 0.3355345689 2
0 0.645 0.205 0.4109093229 2
0 0.645 0.215 0.4820187733 2
0 0.645 0.225 0.5481247928 2
0 0.645 0.235 0.6085411906 2
0 0.645 0.245 0.6626408348 2
0 0.645 0.255 0.7098621628 2
0 0.645 0.265 0.7497150095 2
0 0.645 0.275 0.7817856962 2
0 0.645 0.285 0.8057413242 2
0 0.645 0.295 0.8213332301 2
0 0.645 0.305 0.8283995677 2
0 0.645 0.315 0.8268669871 2
0 0.645 0.325 0.8167513968 2
0 0.645 0.335 0.7981577983 2
0 0.645 0.345 0.7712791959 2
0 0.645 0.355 0.7363945939 2
0 0.645 0.365 0.6938660999 2
0 0.645 0.375 0.6441351664 2
0 0.645 0.385 0.5877180083 2
0 0.645 0.395 0.5252002446 2
0 0.645 0.405 0 2
0 0.645 0.415 0 2
0 0.645 0.425 0 2
0 0.645 0.435 0 2
0 0.645 0.445 0 2
0 0.645 0.455 0 2
0 0.645 0.465 0 2
0 0.655 -0.455 0 2
0 0.655 -0.445 0 2
0 0.655 -0.435 0 2
0 0.655 -0.425 0 2
0 0.655 -0.415 0 2
0 0.655 -0.405 0 2
0 0.655 -0.395 0.5543888864 2
0 0.655 -0.385 0.6203811508 2
0 0.655 -0.375 0.679933761 2
0 0.655 -0.365 0.7324285516 2
0 0.655 -0.355 0.7773206183 2
0 0.655 -0.345 0.8141439745 2
0 0.655 -0.335 0.8425163878 2
0 0.655 -0.325 0.8621433482 2
0 0.655 -0.315 0.8728211247 2
0 0.655 -0.305 0.8744388804 2
0 0.655 -0.295 0.8669798225 2
0 0.655 -0.285 0.8505213774 2
0 0.655 -0.275 0.8252343864 2
0 0.655 -0.265 0.7913813322 2
0 0.655 -0.255 0.7493136151 2
0 0.655 -0.245 0.6994679045 2
0 0.655 -0.235 0.6423616068 2
0 0.655 -0.225 0.5785874943 2
0 0.655 -0.215 0.5088075524 2
0 0.655 -0.205 0.4337461078 2
0 0.655 -0.195 0.3541823103 2
0 0.655 -0.185 0.2709420446 2
0 0.655 -0.175 0.1848893577 2
0 0.655 -0.165 0.09691749015 2
0 0.655 -0.155 0.007939603762 2
0 0.655 -0.145 -0.08112069697 2
0 0.655 -0.135 -0.1693389521 2
0 0.655 -0.125 -0.2557994422 2
0 0.655 -0.115 -0.3396046937 2
0 0.655 -0.105 -0.419884795 2
0 0.655 -0.095 -0.4958064259 2
0 0.655 -0.085 -0.5665815079 2
0 0.655 -0.075 -0.6314753845 2
0 0.655 -0.065 -0.6898144471 2
0 0.655 -0.055 -0.740993127 2
0 0.655 -0.045 -0.7844801814 2
0 0.655 -0.035 -0.8198242078 2
0 0.655 -0.025 -0.8466583296 2
0 0.655 -0.015 -0.8647040046 2
0 0.655 -0.005 -0.8737739156 2
0 0.655 0.005 -0.8737739156 2
0 0.655 0.015 -0.8647040046 2
0 0.655 0.025 -0.8466583296 2
0 0.655 0.035 -0.8198242078 2
0 0.655 0.045 -0.7844801814 2
0 0.655 0.055 -0.740993127 2
0 0.655 0.065 -0.6898144471 2
0 0.655 0.075 -0.6314753845 2
0 0.655 0.085 -0.5665815079 2
0 0.655 0.095 -0.4958064259 1
0 0.655 0.105 -0.419884795 1
0 0.655 0.115 -0.3396046937 1
0 0.655 0.125 -0.2557994422 1
0 0.655 0.135 -0.1693389521 1
0 0.655 0.145 -0.08112069697 1
0 0.655 0.155 0.007939603762 1
0 0.655 0.165 0.09691749015 2
0 0.655 0.175 0.1848893577 2
0 0.655 0.185 0.2709420446 2
0 0.655 0.195 0.3541823103 2
0 0.655 0.205 0.4337461078 2
0 0.655 0.215 0.5088075524 2
0 0.655 0.225 0.5785874943 2
0 0.655 0.235 0.6423616068 2
0 0.655 0.245 0.6994679045 2
0 0.655 0.255 0.7493136151 2
0 0.655 0.265 0.7913813322 2
0 0.655 0.275 0.8252343864 2
0 0.655 0.285 0.8505213774 2
0 0.655 0.295 0.8669798225 2
0 0.655 0.305 0.8744388804 2
0 0.655 0.315 0.8728211247 2
0 0.655 0.325 0.8621433482 2
0 0.655 0.335 0.8425163878 2
0 0.655 0.345 0.8141439745 2
0 0.655 0.355 0.7773206183 2
0 0.655 0.365 0.7324285516 2
0 0.655 0.375 0.679933761 2
0 0.655 0.385 0.6203811508 2
0 0.655 0.395 0.5543888864 2
0 0.655 0.405 0 2
0 0.655 0.415 0 2
0 0.655 0.425 0 2
0 0.655 0.435 0 2
0 0.655 0.445 0 2
0 0.655 0.455 0 2
0 0.655 0.465 0 2
0 0.665 -0.455 0 2
0 0.665 -0.445 0 2
0 0.665 -0.435 0 2
0 0.665 -0.425 0 2
0 0.665 -0.415 0 2
0 0.665 -0.405 0 2
0 0.665 -0.395 0.5792667959 2
0 0.665 -0.385 0.6482204284 2
0 0.665 -0.375 0.7104454307 2
0 0.665 -0.365 0.7652958974 2
0 0.665 -0.355 0.812202472 2
0 0.665 -0.345 0.8506782569 2
0 0.665 -0.335 0.8803238673 2
0 0.665 -0.325 0.9008315772 2
0 0.665 -0.315 0.9119885133 2
0 0.665 -0.305 0.9136788649 2
0 0.665 -0.295 0.9058850858 2
0 0.665 -0.285 0.8886880766 2
0 0.665 -0.275 0.8622663451 2
0 0.665 -0.265 0.826894153 2
0 0.665 -0.255 0.7829386692 2
0 0.665 -0.245 0.7308561586 2
0 0.665 -0.235 0.6711872458 2
0 0.665 -0.225 0.6045513036 2
0 0.665 -0.215 0.5316400235 2
0 0.665 -0.205 0.4532102361 2
0 0.665 -0.195 0.3700760551 2
0 0.665 -0.185 0.2831004262 2
0 0.665 -0.175 0.1931861703 2
0 0.665 -0.165 0.1012666115 2
0 0.665 -0.155 0.008295889303 2
0 0.665 -0.145 -0.08476094555 2
0 0.665 -0.135 -0.1769379484 2
0 0.665 -0.125 -0.2672783075 2
0 0.665 -0.115 -0.3548442756 2
0 0.665 -0.105 -0.4387269042 2
0 0.665 -0.095 -0.5180554783 2
0 0.665 -0.085 -0.5920065549 2
0 0.665 -0.075 -0.6598125101 2
0 0.665 -0.065 -0.7207695074 2
0 0.665 -0.055 -0.7742448036 2
0 0.665 -0.045 -0.8196833166 2
0 0.665 -0.035 -0.8566133876 2
0 0.665 -0.025 -0.8846516766 2
0 0.665 -0.015 -0.9035071417 2
0 0.665 -0.005 -0.9129840602 2
0 0.665 0.005 -0.9129840602 2
0 0.665 0.015 -0.9035071417 2
0 0.665 0.025 -0.8846516766 2
0 0.665 0.035 -0.8566133876 2
0 0.665 0.045 -0.8196833166 2
0 0.665 0.055 -0.7742448036 2
0 0.665 0.065 -0.7207695074 2
0 0.665 0.075 -0.6598125101 2
0 0.665 0.085 -0.5920065549 1
0 0.665 0.095 -0.5180554783 1
0 0.665 0.105 -0.4387269042 1
0 0.665 0.115 -0.3548442756 1
0 0.665 0.125 -0.2672783075 1
0 0.665 0.135 -0.1769379484 1
0 0.665 0.145 -0.08476094555 1
0 0.665 0.155 0.008295889303 1
0 0.665 0.165 0.1012666115 2
0 0.665 0.175 0.1931861703 2
0 0.665 0.185 0.2831004262 2
0 0.665 0.195 0.3700760551 2
0 0.665 0.205 0.4532102361 2
0 0.665 0.215 0.5316400235 2
0 0.665 0.225 0.6045513036 2
0 0.665 0.235 0.6711872458 2
0 0.665 0.245 0.7308561586 2
0 0.665 0.255 0.7829386692 2
0 0.665 0.265 0.826894153 2
0 0.665 0.275 0.8622663451 2
0 0.665 0.285 0.8886880766 2
0 0.665 0.295 0.9058850858 2
0 0.665 0.305 0.9136788649 2
0 0.665 0.315 0.9119885133 2
0 0.665 0.325 0.9008315772 2
0 0.665 0.335 0.8803238673 2
0 0.665 0.345 0.8506782569 2
0 0.665 0.355 0.812202472 2
0 0.665 0.365 0.7652958974 2
0 0.665 0.375 0.7104454307 2
0 0.665 0.385 0.6482204284 2
0 0.665 0.395 0.5792667959 2
0 0.665 0.405 0 2
0 0.665 0.415 0 2
0 0.665 0.425 0 2
0 0.665 0.435 0 2
0 0.665 0.445 0 2
0 0.665 0.455 0 2
0 0.665 0.465 0 2
0 0.675 -0.455 0 2
0 0.675 -0.445 0 2
0 0.675 -0.435 0 2
0 0.675 -0.425 0 2
0 0.675 -0.415 0 2
0 0.675 -0.405 0 2
0 0.675 -0.395 0.5996405312 2
0 0.675 -0.385 0.6710193727 2
0 0.675 -0.375 0.7354329274 2
0 0.675 -0.365 0.7922125723 2
0 0.675 -0.355 0.8407689258 2
0 0.675 -0.345 0.8805979653 2
0 0.675 -0.335 0.9112862591 2
0 0.675 -0.325 0.9325152578 2
0 0.675 -0.315 0.9440646011 2
0 0.675 -0.305 0.945814405 2
0 0.675 -0.295 0.9377465063 2
0 0.675 -0.285 0.9199446509 2
0 0.675 -0.275 0.8925936251 2
0 0.675 -0.265 0.8559773366 2
0 0.675 -0.255 0.8104758685 2
0 0.675 -0.245 0.7565615331 2
0 0.675 -0.235 0.6947939696 2
0 0.675 -0.225 0.6258143353 2
0 0.675 -0.215 0.5503386494 2
0 0.675 -0.205 0.4691503616 2
0 0.675 -0.195 0.3830922191 2
0 0.675 -0.185 0.2930575189 2
0 0.675 -0.175 0.1999808355 2
0 0.675 -0.165 0.1048283194 2
0 0.675 -0.155 0.008587668935 2
0 0.675 -0.145 -0.08774212293 2
0 0.675 -0.135 -0.1831611377 2
0 0.675 -0.125 -0.276678911 2
0 0.675 -0.115 -0.3673247136 2
0 0.675 -0.105 -0.4541576278 2
0 0.675 -0.095 -0.5362763141 2
0 0.675 -0.085 -0.6128283678 2
0 0.675 -0.075 -0.6830191664 2
0 0.675 -0.065 -0.7461201183 2
0 0.675 -0.055 -0.8014762258 2
0 0.675 -0.045 -0.8485128837 2
0 0.675 -0.035 -0.8867418441 2
0 0.675 -0.025 -0.9157662843 2
0 0.675 -0.015 -0.9352849261 2
0 0.675 -0.005 -0.9450951629 2
0 0.675 0.005 -0.9450951629 2
0 0.675 0.015 -0.9352849261 2
0 0.675 0.025 -0.9157662843 2
0 0.675 0.035 -0.8867418441 2
0 0.675 0.045 -0.8485128837 2
0 0.675 0.055 -0.8014762258 2
0 0.675 0.065 -0.7461201183 2
0 0.675 0.075 -0.6830191664 2
0 0.675 0.085 -0.6128283678 1
0 0.675 0.095 -0.5362763141 1
0 0.675 0.105 -0.4541576278 1
0 0.675 0.115 -0.3673247136 1
0 0.675 0.125 -0.276678911 1
0 0.675 0.135 -0.1831611377 1
0 0.675 0.145 -0.08774212293 1
0 0.675 0.155 0.008587668935 1
0 0.675 0.165 0.1048283194 2
0 0.675 0.175 0.1999808355 2
0 0.675 0.185 0.2930575189 2
0 0.675 0.195 0.3830922191 2
0 0.675 0.205 0.4691503616 2
0 0.675 0.215 0.5503386494 2
0 0.675 0.225 0.6258143353 2
0 0.675 0.235 0.6947939696 2
0 0.675 0.245 0.7565615331 2
0 0.675 0.255 0.8104758685 2
0 0.675 0.265 0.8559773366 2
0 0.675 0.275 0.8925936251 2
0 0.675 0.285 0.9199446509 2
0 0.675 0.295 0.9377465063 2
0 0.675 0.305 0.945814405 2
0 0.675 0.315 0.9440646011 2
0 0.675 0.325 0.9325152578 2
0 0.675 0.335 0.9112862591 2
0 0.675 0.345 0.8805979653 2
0 0.675 0.355 0.8407689258 2
0 0.675 0.365 0.7922125723 2
0 0.675 0.375 0.7354329274 2
0 0.675 0.385 0.6710193727 2
0 0.675 0.395 0.5996405312 2
0 0.675 0.405 0 2
0 0.675 0.415 0 2
0 0.675 0.425 0 2
0 0.675 0.435 0 2
0 0.675 0.445 0 2
0 0.675 0.455 0 2
0 0.675 0.465 0 2
0 0.685 -0.455 0 2
0 0.685 -0.445 0 2
0 0.685 -0.435 0 2
0 0.685 -0.425 0 2
0 0.685 -0.415 0 2
0 0.685 -0.405 0 2
0 0.685 -0.395 0.6153516734 2
0 0.685 -0.385 0.6886007072 2
0 0.685 -0.375 0.7547019572 2
0 0.685 -0.365 0.8129692819 2
0 0.685 -0.355 0.8627978572 2
0 0.685 -0.345 0.9036704547 2
0 0.685 -0.335 0.9351628105 2
0 0.685 -0.325 0.9569480288 2
0 0.685 -0.315 0.9687999757 2
0 0.685 -0.305 0.9705956261 2
0 0.685 -0.295 0.9623163409 2
0 0.685 -0.285 0.9440480603 2
0 0.685 -0.275 0.915980412 2
0 0.685 -0.265 0.8784047426 2
0 0.685 -0.255 0.8317110935 2
0 0.685 -0.245 0.7763841521 2
0 0.685 -0.235 0.7129982208 2
0 0.685 -0.225 0.6422112555 2
0 0.685 -0.215 0.5647580362 2
0 0.685 -0.205 0.4814425394 2
0 0.685 -0.195 0.3931295931 2
0 0.685 -0.185 0.3007358997 2
0 0.685 -0.175 0.2052205202 2
0 0.685 -0.165 0.1075749194 2
0 0.685 -0.155 0.008812673885 2
0 0.685 -0.145 -0.09004104853 2
0 0.685 -0.135 -0.1879601307 2
0 0.685 -0.125 -0.283928157 2
0 0.685 -0.115 -0.3769489643 2
0 0.685 -0.105 -0.4660569819 2
0 0.685 -0.095 -0.5503272546 2
0 0.685 -0.085 -0.6288850436 2
0 0.685 -0.075 -0.7009149067 2
0 0.685 -0.065 -0.7656691625 2
0 0.685 -0.055 -0.8224756517 2
0 0.685 -0.045 -0.870744714 2
0 0.685 -0.035 -0.9099753089 2
0 0.685 -0.025 -0.9397602165 2
0 0.685 -0.015 -0.959790265 2
0 0.685 -0.005 -0.9698575392 2
0 0.685 0.005 -0.9698575392 2
0 0.685 0.015 -0.959790265 2
0 0.685 0.025 -0.9397602165 2
0 0.685 0.035 -0.9099753089 2
0 0.685 0.045 -0.870744714 2
0 0.685 0.055 -0.8224756517 2
0 0.685 0.065 -0.7656691625 2
0 0.685 0.075 -0.7009149067 1
0 0.685 0.085 -0.6288850436 1
0 0.685 0.095 -0.5503272546 1
0 0.685 0.105 -0.4660569819 1
0 0.685 0.115 -0.3769489643 1
0 0.685 0.125 -0.283928157 1
0 0.685 0.135 -0.1879601307 1
0 0.685 0.145 -0.09004104853 1
0 0.685 0.155 0.008812673885 1
0 0.685 0.165 0.1075749194 2
0 0.685 0.175 0.2052205202 2
0 0.685 0.185 0.3007358997 2
0 0.685 0.195 0.3931295931 2
0 0.685 0.205 0.4814425394 2
0 0.685 0.215 0.5647580362 2
0 0.685 0.225 0.6422112555 2
0 0.685 0.235 0.7129982208 2
0 0.685 0.245 0.7763841521 2
0 0.685 0.255 0.8317110935 2
0 0.685 0.265 0.8784047426 2
0 0.685 0.275 0.915980412 2
0 0.685 0.285 0.9440480603 2
0 0.685 0.295 0.9623163409 2
0 0.685 0.305 0.9705956261 2
0 0.685 0.315 0.9687999757 2
0 0.685 0.325 0.9569480288 2
0 0.685 0.335 0.9351628105 2
0 0.685 0.345 0.9036704547 2
0 0.685 0.355 0.8627978572 2
0 0.685 0.365 0.8129692819 2
0 0.685 0.375 0.7547019572 2
0 0.685 0.385 0.6886007072 2
0 0.685 0.395 0.6153516734 2
0 0.685 0.405 0 2
0 0.685 0.415 0 2
0 0.685 0.425 0 2
0 0.685 0.435 0 2
0 0.685 0.445 0 2
0 0.685 0.455 0 2
0 0.685 0.465 0 2
0 0.695 -0.455 0 2
0 0.695 -0.445 0 2
0 0.695 -0.435 0 2
0 0.695 -0.425 0 2
0 0.695 -0.415 0 2
0 0.695 -0.405 0 2
0 0.695 -0.395 0.6262780581 2
0 0.695 -0.385 0.7008277257 2
0 0.695 -0.375 0.7681026909 2
0 0.695 -0.365 0.8274046292 2
0 0.695 -0.355 0.8781179769 2
0 0.695 -0.345 0.9197163216 2
0 0.695 -0.335 0.9517678659 2
0 0.695 -0.325 0.9739399096 2
0 0.695 -0.315 0.9860023036 2
0 0.695 -0.305 0.9878298381 2
0 0.695 -0.295 0.9794035432 2
0 0.695 -0.285 0.9608108851 2
0 0.695 -0.275 0.9322448585 2
0 0.695 -0.265 0.8940019833 2
0 0.695 -0.255 0.8464792265 2
0 0.695 -0.245 0.7901698819 2
0 0.695 -0.235 0.7256584494 2
0 0.695 -0.225 0.6536145677 2
0 0.695 -0.215 0.5747860638 2
0 0.695 -0.205 0.4899911899 2
0 0.695 -0.195 0.4001101302 2
0 0.695 -0.185 0.3060758643 2
0 0.695 -0.175 0.2088644826 2
0 0.695 -0.165 0.1094850547 2
0 0.695 -0.155 0.008969154592 2
0 0.695 -0.145 -0.09163984671 2
0 0.695 -0.135 -0.191297612 2
0 0.695 -0.125 -0.2889696778 2
0 0.695 -0.115 -0.3836421929 2
0 0.695 -0.105 -0.4743324415 2
0 0.695 -0.095 -0.5600990446 2
0 0.695 -0.085 -0.6400517312 2
0 0.695 -0.075 -0.71336058 2
0 0.695 -0.065 -0.7792646335 2
0 0.695 -0.055 -0.8370797973 2
0 0.695 -0.045 -0.8862059407 2
0 0.695 -0.035 -0.9261331268 2
0 0.695 -0.025 -0.956446905 2
0 0.695 -0.015 -0.9768326135 2
0 0.695 -0.005 -0.9870786455 2
0 0.695 0.005 -0.9870786455 2
0 0.695 0.015 -0.9768326135 2
0 0.695 0.025 -0.956446905 2
0 0.695 0.035 -0.9261331268 2
0 0.695 0.045 -0.8862059407 2
0 0.695 0.055 -0.8370797973 2
0 0.695 0.065 -0.7792646335 2
0 0.695 0.075 -0.71336058 1
0 0.695 0.085 -0.6400517312 1
0 0.695 0.095 -0.5600990446 1
0 0.695 0.105 -0.4743324415 1
0 0.695 0.115 -0.3836421929 1
0 0.695 0.125 -0.2889696778 1
0 0.695 0.135 -0.191297612 1
0 0.695 0.145 -0.09163984671 1
0 0.695 0.155 0.008969154592 2
0 0.695 0.165 0.1094850547 2
0 0.695 0.175 0.2088644826 2
0 0.695 0.185 0.3060758643 2
0 0.695 0.195 0.4001101302 2
0 0.695 0.205 0.4899911899 2
0 0.695 0.215 0.5747860638 2
0 0.695 0.225 0.6536145677 2
0 0.695 0.235 0.7256584494 2
0 0.695 0.245 0.7901698819 2
0 0.695 0.255 0.8464792265 2
0 0.695 0.265 0.8940019833 2
0 0.695 0.275 0.9322448585 2
0 0.695 0.285 0.9608108851 2
0 0.695 0.295 0.9794035432 2
0 0.695 0.305 0.9878298381 2
0 0.695 0.315 0.9860023036 2
0 0.695 0.325 0.9739399096 2
0 0.695 0.335 0.9517678659 2
0 0.695 0.345 0.9197163216 2
0 0.695 0.355 0.8781179769 2
0 0.695 0.365 0.8274046292 2
0 0.695 0.375 0.7681026909 2
0 0.695 0.385 0.7008277257 2
0 0.695 0.395 0.6262780581 2
0 0.695 0.405 0 2
0 0.695 0.415 0 2
0 0.695 0.425 0 2
0 0.695 0.435 0 2
0 0.695 0.445 0 2
0 0.695 0.455 0 2
0 0.695 0.465 0 2
0 0.705 -0.455 0 2
0 0.705 -0.445 0 2
0 0.705 -0.435 0 2
0 0.705 -0.425 0 2
0 0.705 -0.415 0 2
0 0.705 -0.405 0 2
0 0.705 -0.395 0.6323347256 2
0 0.705 -0.385 0.707605355 2
0 0.705 -0.375 0.7755309292 2
0 0.705 -0.365 0.8354063701 2
0 0.705 -0.355 0.8866101612 2
0 0.705 -0.345 0.928610799 2
0 0.705 -0.335 0.9609723103 2
0 0.705 -0.325 0.9833587774 2
0 0.705 -0.315 0.9955378255 2
0 0.705 -0.305 0.9973830339 2
0 0.705 -0.295 0.9888752492 2
0 0.705 -0.285 0.9701027835 2
0 0.705 -0.275 0.941260498 2
0 0.705 -0.265 0.90264778 2
0 0.705 -0.255 0.8546654358 2
0 0.705 -0.245 0.7978115296 2
0 0.705 -0.235 0.732676214 2
0 0.705 -0.225 0.6599356037 2
0 0.705 -0.215 0.5803447578 2
0 0.705 -0.205 0.4947298419 2
0 0.705 -0.195 0.4039795521 2
0 0.705 -0.185 0.3090358909 2
0 0.705 -0.175 0.2108843885 2
0 0.705 -0.165 0.1105438728 2
0 0.705 -0.155 0.009055894319 2
0 0.705 -0.145 -0.09252608578 2
0 0.705 -0.135 -0.1931476305 2
0 0.705 -0.125 -0.2917642724 2
0 0.705 -0.115 -0.3873523551 2
0 0.705 -0.105 -0.4789196594 2
0 0.705 -0.095 -0.565515702 2
0 0.705 -0.085 -0.6462416025 2
0 0.705 -0.075 -0.7202594133 2
0 0.705 -0.065 -0.7868008177 2
0 0.705 -0.055 -0.8451751057 2
0 0.705 -0.045 -0.8947763428 2
0 0.705 -0.035 -0.9350896604 2
0 0.705 -0.025 -0.9656965998 2
0 0.705 -0.015 -0.9862794563 2
0 0.705 -0.005 -0.9966245766 2
0 0.705 0.005 -0.9966245766 2
0 0.705 0.015 -0.9862794563 2
0 0.705 0.025 -0.9656965998 2
0 0.705 0.035 -0.9350896604 2
0 0.705 0.045 -0.8947763428 2
0 0.705 0.055 -0.8451751057 2
0 0.705 0.065 -0.7868008177 2
0 0.705 0.075 -0.7202594133 1
0 0.705 0.085 -0.6462416025 1
0 0.705 0.095 -0.565515702 1
0 0.705 0.105 -0.4789196594 1
0 0.705 0.115 -0.3873523551 1
0 0.705 0.125 -0.2917642724 1
0 0.705 0.135 -0.1931476305 1
0 0.705 0.145 -0.09252608578 1
0 0.705 0.155 0.009055894319 2
0 0.705 0.165 0.1105438728 2
0 0.705 0.175 0.2108843885 2
0 0.705 0.185 0.3090358909 2
0 0.705 0.195 0.4039795521 2
0 0.705 0.205 0.4947298419 2
0 0.705 0.215 0.5803447578 2
0 0.705 0.225 0.6599356037 2
0 0.705 0.235 0.732676214 2
0 0.705 0.245 0.7978115296 2
0 0.705 0.255 0.8546654358 2
0 0.705 0.265 0.90264778 2
0 0.705 0.275 0.941260498 2
0 0.705 0.285 0.9701027835 2
0 0.705 0.295 0.9888752492 2
0 0.705 0.305 0.9973830339 2
0 0.705 0.315 0.9955378255 2
0 0.705 0.325 0.9833587774 2
0 0.705 0.335 0.9609723103 2
0 0.705 0.345 0.928610799 2
0 0.705 0.355 0.8866101612 2
0 0.705 0.365 0.8354063701 2
0 0.705 0.375 0.7755309292 2
0 0.705 0.385 0.707605355 2
0 0.705 0.395 0.6323347256 2
0 0.705 0.405 0 2
0 0.705 0.415 0 2
0 0.705 0.425 0 2
0 0.705 0.435 0 2
0 0.705 0.445 0 2
0 0.705 0.455 0 2
0 0.705 0.465 0 2
0 0.715 -0.455 0 2
0 0.715 -0.445 0 2
0 0.715 -0.435 0 2
0 0.715 -0.425 0 2
0 0.715 -0.415 0 2
0 0.715 -0.405 0 2
0 0.715 -0.395 0.6334745815 2
0 0.715 -0.385 0.7088808948 2
0 0.715 -0.375 0.7769289127 2
0 0.715 -0.365 0.8369122859 2
0 0.715 -0.355 0.8882083777 2
0 0.715 -0.345 0.9302847264 2
0 0.715 -0.335 0.9627045731 2
0 0.715 -0.325 0.9851313944 2
0 0.715 -0.315 0.9973323966 2
0 0.715 -0.305 0.9991809313 2
0 0.715 -0.295 0.9906578103 2
0 0.715 -0.285 0.9718515051 2
0 0.715 -0.275 0.942957228 2
0 0.715 -0.265 0.9042749062 2
0 0.715 -0.255 0.8562060683 2
0 0.715 -0.245 0.7992496764 2
0 0.715 -0.235 0.7339969469 2
0 0.715 -0.225 0.6611252133 2
0 0.715 -0.215 0.5813908958 2
0 0.715 -0.205 0.4956216491 2
0 0.715 -0.195 0.4047077716 2
0 0.715 -0.185 0.3095929636 2
0 0.715 -0.175 0.2112645318 2
0 0.715 -0.165 0.1107431408 2
0 0.715 -0.155 0.009072218607 2
0 0.715 -0.145 -0.09269287467 2
0 0.715 -0.135 -0.1934958013 2
0 0.715 -0.125 -0.292290211 2
0 0.715 -0.115 -0.3880506022 2
0 0.715 -0.105 -0.479782967 2
0 0.715 -0.095 -0.5665351089 2
0 0.715 -0.085 -0.6474065271 2
0 0.715 -0.075 -0.7215577635 2
0 0.715 -0.065 -0.7882191165 2
0 0.715 -0.055 -0.8466986308 2
0 0.715 -0.045 -0.8963892798 2
0 0.715 -0.035 -0.9367752667 2
0 0.715 -0.025 -0.9674373787 2
0 0.715 -0.015 -0.9880573382 2
0 0.715 -0.005 -0.9984211067 2
0 0.715 0.005 -0.9984211067 2
0 0.715 0.015 -0.9880573382 2
0 0.715 0.025 -0.9674373787 2
0 0.715 0.035 -0.9367752667 2
0 0.715 0.045 -0.8963892798 2
0 0.715 0.055 -0.8466986308 2
0 0.715 0.065 -0.7882191165 2
0 0.715 0.075 -0.7215577635 1
0 0.715 0.085 -0.6474065271 1
0 0.715 0.095 -0.5665351089 1
0 0.715 0.105 -0.479782967 1
0 0.715 0.115 -0.3880506022 1
0 0.715 0.125 -0.292290211 1
0 0.715 0.135 -0.1934958013 1
0 0.715 0.145 -0.09269287467 2
0 0.715 0.155 0.009072218607 2
0 0.715 0.165 0.1107431408 2
0 0.715 0.175 0.2112645318 2
0 0.715 0.185 0.3095929636 2
0 0.715 0.195 0.4047077716 2
0 0.715 0.205 0.4956216491 2
0 0.715 0.215 0.5813908958 2
0 0.715 0.225 0.6611252133 2
0 0.715 0.235 0.7339969469 2
0 0.715 0.245 0.7992496764 2
0 0.715 0.255 0.8562060683 2
0 0.715 0.265 0.9042749062 2
0 0.715 0.275 0.942957228 2
0 0.715 0.285 0.9718515051 2
0 0.715 0.295 0.9906578103 2
0 0.715 0.305 0.9991809313 2
0 0.715 0.315 0.9973323966 2
0 0.715 0.325 0.9851313944 2
0 0.715 0.335 0.9627045731 2
0 0.715 0.345 0.9302847264 2
0 0.715 0.355 0.8882083777 2
0 0.715 0.365 0.8369122859 2
0 0.715 0.375 0.7769289127 2
0 0.715 0.385 0.7088808948 2
0 0.715 0.395 0.6334745815 2
0 0.715 0.405 0 2
0 0.715 0.415 0 2
0 0.715 0.425 0 2
0 0.715 0.435 0 2
0 0.715 0.445 0 2
0 0.715 0.455 0 2
0 0.715 0.465 0 2
0 0.725 -0.455 0 2
0 0.725 -0.445 0 2
0 0.725 -0.435 0 2
0 0.725 -0.425 0 2
0 0.725 -0.415 0 2
0 0.725 -0.405 0 2
0 0.725 -0.395 0.6296887626 2
0 0.725 -0.385 0.704644427 2
0 0.725 -0.375 0.7722857711 2
0 0.725 -0.365 0.8319106671 2
0 0.725 -0.355 0.8829001993 2
0 0.725 -0.345 0.9247250882 2
0 0.725 -0.335 0.9569511849 2
0 0.725 -0.325 0.9792439774 2
0 0.725 -0.315 0.991372063 2
0 0.725 -0.305 0.9932095503 2
0 0.725 -0.295 0.9847373658 2
0 0.725 -0.285 0.9660434523 2
0 0.725 -0.275 0.9373218554 2
0 0.725 -0.265 0.8988707098 2
0 0.725 -0.255 0.8510891446 2
0 0.725 -0.245 0.7944731398 2
0 0.725 -0.235 0.7296103786 2
0 0.725 -0.225 0.6571741466 2
0 0.725 -0.215 0.5779163434 2
0 0.725 -0.205 0.4926596774 2
0 0.725 -0.195 0.4022891263 2
0 0.725 -0.185 0.3077427506 2
0 0.725 -0.175 0.2100019566 2
0 0.725 -0.165 0.1100813092 2
0 0.725 -0.155 0.009018000525 2
0 0.725 -0.145 -0.09213891647 2
0 0.725 -0.135 -0.192339417 2
0 0.725 -0.125 -0.290543404 2
0 0.725 -0.115 -0.3857315047 2
0 0.725 -0.105 -0.4769156516 2
0 0.725 -0.095 -0.5631493388 2
0 0.725 -0.085 -0.643537447 2
0 0.725 -0.075 -0.7172455351 2
0 0.725 -0.065 -0.7835085015 2
0 0.725 -0.055 -0.8416385261 2
0 0.725 -0.045 -0.8910322101 2
0 0.725 -0.035 -0.9311768392 2
0 0.725 -0.025 -0.961655706 2
0 0.725 -0.015 -0.9821524349 2
0 0.725 -0.005 -0.9924542666 2
0 0.725 0.005 -0.9924542666 2
0 0.725 0.015 -0.9821524349 2
0 0.725 0.025 -0.961655706 2
0 0.725 0.035 -0.9311768392 2
0 0.725 0.045 -0.8910322101 2
0 0.725 0.055 -0.8416385261 2
0 0.725 0.065 -0.7835085015 2
0 0.725 0.075 -0.7172455351 1
0 0.725 0.085 -0.643537447 1
0 0.725 0.095 -0.5631493388 1
0 0.725 0.105 -0.4769156516 1
0 0.725 0.115 -0.3857315047 1
0 0.725 0.125 -0.290543404 1
0 0.725 0.135 -0.192339417 2
0 0.725 0.145 -0.09213891647 2
0 0.725 0.155 0.009018000525 2
0 0.725 0.165 0.1100813092 2
0 0.725 0.175 0.2100019566 2
0 0.725 0.185 0.3077427506 2
0 0.725 0.195 0.4022891263 2
0 0.725 0.205 0.4926596774 2
0 0.725 0.215 0.5779163434 2
0 0.725 0.225 0.6571741466 2
0 0.725 0.235 0.7296103786 2
0 0.725 0.245 0.7944731398 2
0 0.725 0.255 0.8510891446 2
0 0.725 0.265 0.8988707098 2
0 0.725 0.275 0.9373218554 2
0 0.725 0.285 0.9660434523 2
0 0.725 0.295 0.9847373658 2
0 0.725 0.305 0.9932095503 2
0 0.725 0.315 0.991372063 2
0 0.725 0.325 0.9792439774 2
0 0.725 0.335 0.9569511849 2
0 0.725 0.345 0.9247250882 2
0 0.725 0.355 0.8829001993 2
0 0.725 0.365 0.8319106671 2
0 0.725 0.375 0.7722857711 2
0 0.725 0.385 0.704644427 2
0 0.725 0.395 0.6296887626 2
0 0.725 0.405 0 2
0 0.725 0.415 0 2
0 0.725 0.425 0 2
0 0.725 0.435 0 2
0 0.725 0.445 0 2
0 0.725 0.455 0 2
0 0.725 0.465 0 2
0 0.735 -0.455 0 2
0 0.735 -0.445 0 2
0 0.735 -0.435 0 2
0 0.735 -0.425 0 2
0 0.735 -0.415 0 2
0 0.735 -0.405 0 2
0 0.735 -0.395 0.6210067061 2
0 0.735 -0.385 0.6949288927 2
0 0.735 -0.375 0.7616376079 2
0 0.735 -0.365 0.8204404046 2
0 0.735 -0.355 0.8707269006 2
0 0.735 -0.345 0.911975114 2
0 0.735 -0.335 0.943756882 2
0 0.735 -0.325 0.9657423047 2
0 0.735 -0.315 0.97770317 2
0 0.735 -0.305 0.9795153223 2
0 0.735 -0.295 0.9711599511 2
0 0.735 -0.285 0.9527237865 2
0 0.735 -0.275 0.9243981988 2
0 0.735 -0.265 0.886477212 2
0 0.735 -0.255 0.839354452 2
0 0.735 -0.245 0.7835190604 2
0 0.735 -0.235 0.7195506175 2
0 0.735 -0.225 0.6481131257 2
0 0.735 -0.215 0.5699481174 2
0 0.735 -0.205 0.4858669579 2
0 0.735 -0.195 0.3967424227 2
0 0.735 -0.185 0.3034996386 2
0 0.735 -0.175 0.2071064804 2
0 0.735 -0.165 0.1085635243 2
0 0.735 -0.155 0.008893661653 2
0 0.735 -0.145 -0.09086851857 2
0 0.735 -0.135 -0.1896874692 2
0 0.735 -0.125 -0.2865374341 2
0 0.735 -0.115 -0.3804130952 2
0 0.735 -0.105 -0.4703400084 2
0 0.735 -0.095 -0.5553847181 2
0 0.735 -0.085 -0.6346644469 2
0 0.735 -0.075 -0.7073562587 2
0 0.735 -0.065 -0.7727056009 2
0 0.735 -0.055 -0.8300341373 2
0 0.735 -0.045 -0.8787467884 2
0 0.735 -0.035 -0.9183379092 2
0 0.735 -0.025 -0.9483965378 2
0 0.735 -0.015 -0.9686106608 2
0 0.735 -0.005 -0.9787704524 2
0 0.735 0.005 -0.9787704524 2
0 0.735 0.015 -0.9686106608 2
0 0.735 0.025 -0.9483965378 2
0 0.735 0.035 -0.9183379092 2
0 0.735 0.045 -0.8787467884 2
0 0.735 0.055 -0.8300341373 2
0 0.735 0.065 -0.7727056009 2
0 0.735 0.075 -0.7073562587 2
0 0.735 0.085 -0.6346644469 1
0 0.735 0.095 -0.5553847181 1
0 0.735 0.105 -0.4703400084 1
0 0.735 0.115 -0.3804130952 2
0 0.735 0.125 -0.2865374341 2
0 0.735 0.135 -0.1896874692 2
0 0.735 0.145 -0.09086851857 2
0 0.735 0.155 0.008893661653 2
0 0.735 0.165 0.1085635243 2
0 0.735 0.175 0.2071064804 2
0 0.735 0.185 0.3034996386 2
0 0.735 0.195 0.3967424227 2
0 0.735 0.205 0.4858669579 2
0 0.735 0.215 0.5699481174 2
0 0.735 0.225 0.6481131257 2
0 0.735 0.235 0.7195506175 2
0 0.735 0.245 0.7835190604 2
0 0.735 0.255 0.839354452 2
0 0.735 0.265 0.886477212 2
0 0.735 0.275 0.9243981988 2
0 0.735 0.285 0.9527237865 2
0 0.735 0.295 0.9711599511 2
0 0.735 0.305 0.9795153223 2
0 0.735 0.315 0.97770317 2
0 0.735 0.325 0.9657423047 2
0 0.735 0.335 0.943756882 2
0 0.735 0.345 0.911975114 2
0 0.735 0.355 0.8707269006 2
0 0.735 0.365 0.8204404046 2
0 0.735 0.375 0.7616376079 2
0 0.735 0.385 0.6949288927 2
0 0.735 0.395 0.6210067061 2
0 0.735 0.405 0 2
0 0.735 0.415 0 2
0 0.735 0.425 0 2
0 0.735 0.435 0 2
0 0.735 0.445 0 2
0 0.735 0.455 0 2
0 0.735 0.465 0 2
0 0.745 -0.455 0 2
0 0.745 -0.445 0 2
0 0.745 -0.435 0 2
0 0.745 -0.425 0 2
0 0.745 -0.415 0 2
0 0.745 -0.405 0 2
0 0.745 -0.395 0.6074959206 2
0 0.745 -0.385 0.6798098366 2
0 0.745 -0.375 0.7450672194 2
0 0.745 -0.365 0.802590687 2
0 0.745 -0.355 0.8517831367 2
0 0.745 -0.345 0.8921339432 2
0 0.745 -0.335 0.9232242586 2
0 0.745 -0.325 0.9447313607 2
0 0.745 -0.315 0.9564320023 2
0 0.745 -0.305 0.9582047289 2
0 0.745 -0.295 0.9500311394 2
0 0.745 -0.285 0.9319960768 2
0 0.745 -0.275 0.904286748 2
0 0.745 -0.265 0.8671907802 2
0 0.745 -0.255 0.8210932354 2
0 0.745 -0.245 0.7664726133 2
0 0.745 -0.235 0.7038958847 2
0 0.745 -0.225 0.6340126058 2
0 0.745 -0.215 0.557548176 2
0 0.745 -0.205 0.4752963083 2
0 0.745 -0.195 0.38811079 2
0 0.745 -0.185 0.2968966205 2
0 0.745 -0.175 0.2026006172 2
0 0.745 -0.165 0.1062015876 2
0 0.745 -0.155 0.008700168807 2
0 0.745 -0.145 -0.08889155914 2
0 0.745 -0.135 -0.1855605787 2
0 0.745 -0.125 -0.2803034502 2
0 0.745 -0.115 -0.3721367276 2
0 0.745 -0.105 -0.4601071672 2
0 0.745 -0.095 -0.5433016218 2
0 0.745 -0.085 -0.62085652 2
0 0.745 -0.075 -0.6919668295 2
0 0.745 -0.065 -0.7558944143 2
0 0.745 -0.055 -0.8119756959 2
0 0.745 -0.045 -0.8596285417 2
0 0.745 -0.035 -0.8983583077 2
0 0.745 -0.025 -0.9277629729 2
0 0.745 -0.015 -0.9475373121 2
0 0.745 -0.005 -0.9574760646 2
0 0.745 0.005 -0.9574760646 2
0 0.745 0.015 -0.9475373121 2
0 0.745 0.025 -0.9277629729 2
0 0.745 0.035 -0.8983583077 2
0 0.745 0.045 -0.8596285417 2
0 0.745 0.055 -0.8119756959 2
0 0.745 0.065 -0.7558944143 2
0 0.745 0.075 -0.6919668295 2
0 0.745 0.085 -0.62085652 2
0 0.745 0.095 -0.5433016218 2
0 0.745 0.105 -0.4601071672 2
0 0.745 0.115 -0.3721367276 2
0 0.745 0.125 -0.2803034502 2
0 0.745 0.135 -0.1855605787 2
0 0.745 0.145 -0.08889155914 2
0 0.745 0.155 0.008700168807 2
0 0.745 0.165 0.1062015876 2
0 0.745 0.175 0.2026006172 2
0 0.745 0.185 0.2968966205 2
0 0.745 0.195 0.38811079 2
0 0.745 0.205 0.4752963083 2
0 0.745 0.215 0.557548176 2
0 0.745 0.225 0.6340126058 2
0 0.745 0.235 0.7038958847 2
0 0.745 0.245 0.7664726133 2
0 0.745 0.255 0.8210932354 2
0 0.745 0.265 0.8671907802 2
0 0.745 0.275 0.904286748 2
0 0.745 0.285 0.9319960768 2
0 0.745 0.295 0.9500311394 2
0 0.745 0.305 0.9582047289 2
0 0.745 0.315 0.9564320023 2
0 0.745 0.325 0.9447313607 2
0 0.745 0.335 0.9232242586 2
0 0.745 0.345 0.8921339432 2
0 0.745 0.355 0.8517831367 2
0 0.745 0.365 0.802590687 2
0 0.745 0.375 0.7450672194 2
0 0.745 0.385 0.6798098366 2
0 0.745 0.395 0.6074959206 2
0 0.745 0.405 0 2
0 0.745 0.415 0 2
0 0.745 0.425 0 2
0 0.745 0.435 0 2
0 0.745 0.445 0 2
0 0.745 0.455 0 2
0 0.745 0.465 0 2
0 0.755 -0.455 0 2
0 0.755 -0.445 0 2
0 0.755 -0.435 0 2
0 0.755 -0.425 0 2
0 0.755 -0.415 0 2
0 0.755 -0.405 0 2
0 0.755 -0.395 0.5892614612 2
0 0.755 -0.385 0.6594048192 2
0 0.755 -0.375 0.7227034512 2
0 0.755 -0.365 0.7785003075 2
0 0.755 -0.355 0.8262162078 2
0 0.755 -0.345 0.8653558536 2
0 0.755 -0.335 0.8955129692 2
0 0.755 -0.325 0.916374519 2
0 0.755 -0.315 0.9277239568 2
0 0.755 -0.305 0.9294434737 2
0 0.755 -0.295 0.9215152208 2
0 0.755 -0.285 0.9040214945 2
0 0.755 -0.275 0.8771438827 2
0 0.755 -0.265 0.841161379 2
0 0.755 -0.255 0.7964474876 2
0 0.755 -0.245 0.7434663457 2
0 0.755 -0.235 0.6827679059 2
0 0.755 -0.225 0.6149822276 2
0 0.755 -0.215 0.5408129368 2
0 0.755 -0.205 0.4610299224 1
0 0.755 -0.195 0.3764613448 1
0 0.755 -0.185 0.287985039 1
0 0.755 -0.175 0.1965194032 1
0 0.755 -0.165 0.1030138649 2
0 0.755 -0.155 0.008439026519 2
0 0.755 -0.145 -0.08622341032 2
0 0.755 -0.135 -0.1799908346 2
0 0.755 -0.125 -0.2718899256 2
0 0.755 -0.115 -0.3609667563 2
0 0.755 -0.105 -0.4462966951 2
0 0.755 -0.095 -0.5269940039 2
0 0.755 -0.085 -0.6022210319 2
0 0.755 -0.075 -0.6711969106 2
0 0.755 -0.065 -0.7332056595 2
0 0.755 -0.055 -0.7876036181 2
0 0.755 -0.045 -0.8338261269 2
0 0.755 -0.035 -0.8713933891 2
0 0.755 -0.025 -0.8999154505 2
0 0.755 -0.015 -0.9190962476 2
0 0.755 -0.005 -0.9287366808 2
0 0.755 0.005 -0.9287366808 2
0 0.755 0.015 -0.9190962476 2
0 0.755 0.025 -0.8999154505 2
0 0.755 0.035 -0.8713933891 2
0 0.755 0.045 -0.8338261269 2
0 0.755 0.055 -0.7876036181 2
0 0.755 0.065 -0.7332056595 2
0 0.755 0.075 -0.6711969106 2
0 0.755 0.085 -0.6022210319 2
0 0.755 0.095 -0.5269940039 2
0 0.755 0.105 -0.4462966951 2
0 0.755 0.115 -0.3609667563 2
0 0.755 0.125 -0.2718899256 2
0 0.755 0.135 -0.1799908346 2
0 0.755 0.145 -0.08622341032 2
0 0.755 0.155 0.008439026519 2
0 0.755 0.165 0.1030138649 2
0 0.755 0.175 0.1965194032 2
0 0.755 0.185 0.287985039 2
0 0.755 0.195 0.3764613448 2
0 0.755 0.205 0.4610299224 2
0 0.755 0.215 0.5408129368 2
0 0.755 0.225 0.6149822276 2
0 0.755 0.235 0.6827679059 2
0 0.755 0.245 0.7434663457 2
0 0.755 0.255 0.7964474876 2
0 0.755 0.265 0.841161379 2
0 0.755 0.275 0.8771438827 2
0 0.755 0.285 0.9040214945 2
0 0.755 0.295 0.9215152208 2
0 0.755 0.305 0.9294434737 2
0 0.755 0.315 0.9277239568 2
0 0.755 0.325 0.916374519 2
0 0.755 0.335 0.8955129692 2
0 0.755 0.345 0.8653558536 2
0 0.755 0.355 0.8262162078 2
0 0.755 0.365 0.7785003075 2
0 0.755 0.375 0.7227034512 2
0 0.755 0.385 0.6594048192 2
0 0.755 0.395 0.5892614612 2
0 0.755 0.405 0 2
0 0.755 0.415 0 2
0 0.755 0.425 0 2
0 0.755 0.435 0 2
0 0.755 0.445 0 2
0 0.755 0.455 0 2
0 0.755 0.465 0 2
0 0.765 -0.455 0 2
0 0.765 -0.445 0 2
0 0.765 -0.435 0 2
0 0.765 -0.425 0 2
0 0.765 -0.415 0 2
0 0.765 -0.405 0 2
0 0.765 -0.395 0.5664451126 2
0 0.765 -0.385 0.6338725026 2
0 0.765 -0.375 0.694720196 2
0 0.765 -0.365 0.7483565843 2
0 0.765 -0.355 0.7942249132 2
0 0.765 -0.345 0.8318490623 2
0 0.765 -0.335 0.860838487 2
0 0.765 -0.325 0.8808922725 2
0 0.765 -0.315 0.8918022573 2
0 0.765 -0.305 0.893455194 2
0 0.765 -0.295 0.885833925 2
0 0.765 -0.285 0.8690175601 2
0 0.765 -0.275 0.843180656 2
0 0.765 -0.265 0.8085914037 2
0 0.765 -0.255 0.7656088452 2
0 0.765 -0.245 0.7146791461 2
0 0.765 -0.235 0.6563309648 2
0 0.765 -0.225 0.5911699646 2
0 0.765 -0.215 0.519872527 1
0 0.765 -0.205 0.4431787305 1
0 0.765 -0.195 0.361884669 1
0 0.765 -0.185 0.2768341876 1
0 0.765 -0.175 0.1889101236 1
0 0.765 -0.165 0.09902514277 1
0 0.765 -0.155 0.008112265339 2
0 0.765 -0.145 -0.08288481868 2
0 0.765 -0.135 -0.1730215452 2
0 0.765 -0.125 -0.2613622808 2
0 0.765 -0.115 -0.3469900348 2
0 0.765 -0.105 -0.4290159774 2
0 0.765 -0.095 -0.5065886666 2
0 0.765 -0.085 -0.5789028855 2
0 0.765 -0.075 -0.6452080013 2
0 0.765 -0.065 -0.7048157562 2
0 0.765 -0.055 -0.7571074125 2
0 0.765 -0.045 -0.8015401744 2
0 0.765 -0.035 -0.837652823 2
0 0.765 -0.025 -0.8650705031 2
0 0.765 -0.015 -0.8835086151 2
0 0.765 -0.005 -0.8927757683 2
0 0.765 0.005 -0.8927757683 2
0 0.765 0.015 -0.8835086151 2
0 0.765 0.025 -0.8650705031 2
0 0.765 0.035 -0.837652823 2
0 0.765 0.045 -0.8015401744 2
0 0.765 0.055 -0.7571074125 2
0 0.765 0.065 -0.7048157562 2
0 0.765 0.075 -0.6452080013 2
0 0.765 0.085 -0.5789028855 2
0 0.765 0.095 -0.5065886666 2
0 0.765 0.105 -0.4290159774 2
0 0.765 0.115 -0.3469900348 2
0 0.765 0.125 -0.2613622808 2
0 0.765 0.135 -0.1730215452 2
0 0.765 0.145 -0.08288481868 2
0 0.765 0.155 0.008112265339 2
0 0.765 0.165 0.09902514277 2
0 0.765 0.175 0.1889101236 2
0 0.765 0.185 0.2768341876 2
0 0.765 0.195 0.361884669 2
0 0.765 0.205 0.4431787305 2
0 0.765 0.215 0.519872527 2
0 0.765 0.225 0.5911699646 2
0 0.765 0.235 0.6563309648 2
0 0.765 0.245 0.7146791461 2
0 0.765 0.255 0.7656088452 2
0 0.765 0.265 0.8085914037 2
0 0.765 0.275 0.843180656 2
0 0.765 0.285 0.8690175601 2
0 0.765 0.295 0.885833925 2
0 0.765 0.305 0.893455194 2
0 0.765 0.315 0.8918022573 2
0 0.765 0.325 0.8808922725 2
0 0.765 0.335 0.860838487 2
0 0.765 0.345 0.8318490623 2
0 0.765 0.355 0.7942249132 2
0 0.765 0.365 0.7483565843 2
0 0.765 0.375 0.694720196 2
0 0.765 0.385 0.6338725026 2
0 0.765 0.395 0.5664451126 2
0 0.765 0.405 0 2
0 0.765 0.415 0 2
0 0.765 0.425 0 2
0 0.765 0.435 0 2
0 0.765 0.445 0 2
0 0.765 0.455 0 2
0 0.765 0.465 0 2
0 0.775 -0.455 0 2
0 0.775 -0.445 0 2
0 0.775 -0.435 0 2
0 0.775 -0.425 0 2
0 0.775 -0.415 0 2
0 0.775 -0.405 0 2
0 0.775 -0.395 0.5392242868 2
0 0.775 -0.385 0.6034114171 2
0 0.775 -0.375 0.6613350417 2
0 0.775 -0.365 0.7123939044 2
0 0.775 -0.355 0.756058006 2
0 0.775 -0.345 0.7918741063 2
0 0.775 -0.335 0.8194704285 2
0 0.775 -0.325 0.8385605185 1
0 0.775 -0.315 0.8489462181 1
0 0.775 -0.305 0.8505197221 1
0 0.775 -0.295 0.8432646972 2
0 0.775 -0.285 0.8272564519 2
0 0.775 -0.275 0.8026611541 2
0 0.775 -0.265 0.769734107 2
0 0.775 -0.255 0.7288170986 2
0 0.775 -0.245 0.6803348537 2
0 0.775 -0.235 0.6247906258 2
0 0.775 -0.225 0.5627609726 1
0 0.775 -0.215 0.4948897719 1
0 0.775 -0.205 0.4218815373 1
0 0.775 -0.195 0.3444941058 1
0 0.775 -0.185 0.2635307712 1
0 0.775 -0.175 0.1798319456 1
0 0.775 -0.165 0.09426643604 1
0 0.775 -0.155 0.007722426046 2
0 0.775 -0.145 -0.07890174395 2
0 0.775 -0.135 -0.1647069014 2
0 0.775 -0.125 -0.2488023753 2
0 0.775 -0.115 -0.3303152412 2
0 0.775 -0.105 -0.4083993829 2
0 0.775 -0.095 -0.4822442746 2
0 0.775 -0.085 -0.5510833947 2
0 0.775 -0.075 -0.6142021822 2
0 0.775 -0.065 -0.6709454543 2
0 0.775 -0.055 -0.7207242068 2
0 0.775 -0.045 -0.7630217284 2
0 0.775 -0.035 -0.7973989641 2
0 0.775 -0.025 -0.8234990728 2
0 0.775 -0.015 -0.8410511314 2
0 0.775 -0.005 -0.8498729465 2
0 0.775 0.005 -0.8498729465 2
0 0.775 0.015 -0.8410511314 2
0 0.775 0.025 -0.8234990728 2
0 0.775 0.035 -0.7973989641 2
0 0.775 0.045 -0.7630217284 2
0 0.775 0.055 -0.7207242068 2
0 0.775 0.065 -0.6709454543 2
0 0.775 0.075 -0.6142021822 2
0 0.775 0.085 -0.5510833947 2
0 0.775 0.095 -0.4822442746 2
0 0.775 0.105 -0.4083993829 2
0 0.775 0.115 -0.3303152412 2
0 0.775 0.125 -0.2488023753 2
0 0.775 0.135 -0.1647069014 2
0 0.775 0.145 -0.07890174395 2
0 0.775 0.155 0.007722426046 2
0 0.775 0.165 0.09426643604 2
0 0.775 0.175 0.1798319456 2
0 0.775 0.185 0.2635307712 2
0 0.775 0.195 0.3444941058 2
0 0.775 0.205 0.4218815373 2
0 0.775 0.215 0.4948897719 2
0 0.775 0.225 0.5627609726 2
0 0.775 0.235 0.6247906258 2
0 0.775 0.245 0.6803348537 2
0 0.775 0.255 0.7288170986 2
0 0.775 0.265 0.769734107 2
0 0.775 0.275 0.8026611541 2
0 0.775 0.285 0.8272564519 2
0 0.775 0.295 0.8432646972 2
0 0.775 0.305 0.8505197221 2
0 0.775 0.315 0.8489462181 2
0 0.775 0.325 0.8385605185 2
0 0.775 0.335 0.8194704285 2
0 0.775 0.345 0.7918741063 2
0 0.775 0.355 0.756058006 2
0 0.775 0.365 0.7123939044 2
0 0.775 0.375 0.6613350417 2
0 0.775 0.385 0.6034114171 2
0 0.775 0.395 0.5392242868 2
0 0.775 0.405 0 2
0 0.775 0.415 0 2
0 0.775 0.425 0 2
0 0.775 0.435 0 2
0 0.775 0.445 0 2
0 0.775 0.455 0 2
0 0.775 0.465 0 2
0 0.785 -0.455 0 2
0 0.785 -0.445 0 2
0 0.785 -0.435 0 2
0 0.785 -0.425 0 2
0 0.785 -0.415 0 2
0 0.785 -0.405 0 2
0 0.785 -0.395 0.5078106431 2
0 0.785 -0.385 0.5682584173 2
0 0.785 -0.375 0.6228075796 2
0 0.785 -0.365 0.6708919009 2
0 0.785 -0.355 0.7120122586 2
0 0.785 -0.345 0.7457418167 2
0 0.785 -0.335 0.7717304572 1
0 0.785 -0.325 0.7897084139 1
0 0.785 -0.315 0.7994890727 1
0 0.785 -0.305 0.8009709089 1
0 0.785 -0.295 0.7941385408 1
0 0.785 -0.285 0.7790628894 1
0 0.785 -0.275 0.7559004424 2
0 0.785 -0.265 0.7248916296 2
0 0.785 -0.255 0.6863583274 2
0 0.785 -0.245 0.6407005176 2
0 0.785 -0.235 0.5883921353 1
0 0.785 -0.225 0.5299761499 1
0 0.785 -0.215 0.4660589286 1
0 0.785 -0.205 0.397303942 1
0 0.785 -0.195 0.3244248779 1
0 0.785 -0.185 0.2481782325 1
0 0.785 -0.175 0.1693554578 1
0 0.785 -0.165 0.08877474678 1
0 0.785 -0.155 0.007272539894 1
0 0.785 -0.145 -0.0743051571 1
0 0.785 -0.135 -0.1551115549 1
0 0.785 -0.125 -0.2343078702 1
0 0.785 -0.115 -0.3110720329 2
0 0.785 -0.105 -0.3846072189 2
0 0.785 -0.095 -0.4541501213 2
0 0.785 -0.085 -0.5189788738 2
0 0.785 -0.075 -0.5784205438 2
0 0.785 -0.065 -0.6318581174 2
0 0.785 -0.055 -0.678736904 2
0 0.785 -0.045 -0.7185702946 2
0 0.785 -0.035 -0.7509448123 2
0 0.785 -0.025 -0.7755244044 2
0 0.785 -0.015 -0.7920539308 2
0 0.785 -0.005 -0.8003618127 2
0 0.785 0.005 -0.8003618127 2
0 0.785 0.015 -0.7920539308 2
0 0.785 0.025 -0.7755244044 2
0 0.785 0.035 -0.7509448123 2
0 0.785 0.045 -0.7185702946 2
0 0.785 0.055 -0.678736904 2
0 0.785 0.065 -0.6318581174 2
0 0.785 0.075 -0.5784205438 2
0 0.785 0.085 -0.5189788738 2
0 0.785 0.095 -0.4541501213 2
0 0.785 0.105 -0.3846072189 2
0 0.785 0.115 -0.3110720329 2
0 0.785 0.125 -0.2343078702 2
0 0.785 0.135 -0.1551115549 2
0 0.785 0.145 -0.0743051571 2
0 0.785 0.155 0.007272539894 2
0 0.785 0.165 0.08877474678 2
0 0.785 0.175 0.1693554578 2
0 0.785 0.185 0.2481782325 2
0 0.785 0.195 0.3244248779 2
0 0.785 0.205 0.397303942 2
0 0.785 0.215 0.4660589286 2
0 0.785 0.225 0.5299761499 2
0 0.785 0.235 0.5883921353 2
0 0.785 0.245 0.6407005176 2
0 0.785 0.255 0.6863583274 2
0 0.785 0.265 0.7248916296 2
0 0.785 0.275 0.7559004424 2
0 0.785 0.285 0.7790628894 2
0 0.785 0.295 0.7941385408 2
0 0.785 0.305 0.8009709089 2
0 0.785 0.315 0.7994890727 2
0 0.785 0.325 0.7897084139 2
0 0.785 0.335 0.7717304572 2
0 0.785 0.345 0.7457418167 2
0 0.785 0.355 0.7120122586 2
0 0.785 0.365 0.6708919009 2
0 0.785 0.375 0.6228075796 2
0 0.785 0.385 0.5682584173 2
0 0.785 0.395 0.5078106431 2
0 0.785 0.405 0 2
0 0.785 0.415 0 2
0 0.785 0.425 0 2
0 0.785 0.435 0 2
0 0.785 0.445 0 2
0 0.785 0.455 0 2
0 0.785 0.465 0 2
0 0.795 -0.455 0 2
0 0.795 -0.445 0 2
0 0.795 -0.435 0 2
0 0.795 -0.425 0 2
0 0.795 -0.415 0 2
0 0.795 -0.405 0 2
0 0.795 -0.395 0.4724484432 2
0 0.795 -0.385 0.5286868407 2
0 0.795 -0.375 0.5794373854 2
0 0.795 -0.365 0.6241732788 2
0 0.795 -0.355 0.6624301551 2
0 0.795 -0.345 0.6938109019 2
0 0.795 -0.335 0.7179897822 1
0 0.795 -0.325 0.7347158153 1
0 0.795 -0.315 0.7438153824 1
0 0.795 -0.305 0.7451940286 1
0 0.795 -0.295 0.7388374433 1
0 0.795 -0.285 0.7248116088 1
0 0.795 -0.275 0.7032621156 1
0 0.795 -0.265 0.6744126507 2
0 0.795 -0.255 0.6385626761 2
0 0.795 -0.245 0.5960843203 2
0 0.795 -0.235 0.5474185153 1
0 0.795 -0.225 0.4930704197 1
0 0.795 -0.215 0.4336041755 1
0 0.795 -0.205 0.3696370516 1
0 0.795 -0.195 0.3018330367 1
0 0.795 -0.185 0.2308959474 1
0 0.795 -0.175 0.1575621217 1
0 0.795 -0.165 0.08259277641 1
0 0.795 -0.155 0.006766105038 1
0 0.795 -0.145 -0.06913079957 1
0 0.795 -0.135 -0.1443101156 1
0 0.795 -0.125 -0.2179914698 1
0 0.795 -0.115 -0.2894100383 2
0 0.795 -0.105 -0.3578244849 2
0 0.795 -0.095 -0.4225246569 2
0 0.795 -0.085 -0.4828389564 2
0 0.795 -0.075 -0.5381413114 2
0 0.795 -0.065 -0.5878576747 2
0 0.795 -0.055 -0.6314719827 2
0 0.795 -0.045 -0.6685315119 2
0 0.795 -0.035 -0.6986515786 2
0 0.795 -0.025 -0.7215195318 2
0 0.795 -0.015 -0.7368979985 2
0 0.795 -0.005 -0.7446273478 2
0 0.795 0.005 -0.7446273478 2
0 0.795 0.015 -0.7368979985 2
0 0.795 0.025 -0.7215195318 2
0 0.795 0.035 -0.6986515786 2
0 0.795 0.045 -0.6685315119 2
0 0.795 0.055 -0.6314719827 2
0 0.795 0.065 -0.5878576747 2
0 0.795 0.075 -0.5381413114 2
0 0.795 0.085 -0.4828389564 2
0 0.795 0.095 -0.4225246569 2
0 0.795 0.105 -0.3578244849 2
0 0.795 0.115 -0.2894100383 2
0 0.795 0.125 -0.2179914698 2
0 0.795 0.135 -0.1443101156 2
0 0.795 0.145 -0.06913079957 2
0 0.795 0.155 0.006766105038 2
0 0.795 0.165 0.08259277641 2
0 0.795 0.175 0.1575621217 2
0 0.795 0.185 0.2308959474 2
0 0.795 0.195 0.3018330367 2
0 0.795 0.205 0.3696370516 2
0 0.795 0.215 0.4336041755 2
0 0.795 0.225 0.4930704197 2
0 0.795 0.235 0.5474185153 2
0 0.795 0.245 0.5960843203 2
0 0.795 0.255 0.6385626761 2
0 0.795 0.265 0.6744126507 2
0 0.795 0.275 0.7032621156 2
0 0.795 0.285 0.7248116088 2
0 0.795 0.295 0.7388374433 2
0 0.795 0.305 0.7451940286 2
0 0.795 0.315 0.7438153824 2
0 0.795 0.325 0.7347158153 2
0 0.795 0.335 0.7179897822 2
0 0.795 0.345 0.6938109019 2
0 0.795 0.355 0.6624301551 2
0 0.795 0.365 0.6241732788 2
0 0.795 0.375 0.5794373854 2
0 0.795 0.385 0.5286868407 2
0 0.795 0.395 0.4724484432 2
0 0.795 0.405 0 2
0 0.795 0.415 0 2
0 0.795 0.425 0 2
0 0.795 0.435 0 2
0 0.795 0.445 0 2
0 0.795 0.455 0 2
0 0.795 0.465 0 2
0 0.805 -0.455 0 2
0 0.805 -0.445 0 2
0 0.805 -0.435 0 2
0 0.805 -0.425 0 2
0 0.805 -0.415 0 2
0 0.805 -0.405 0 2
0 0.805 -0.395 0 2
0 0.805 -0.385 0 2
0 0.805 -0.375 0 2
0 0.805 -0.365 0 2
0 0.805 -0.355 0 2
0 0.805 -0.345 0 2
0 0.805 -0.335 0 1
0 0.805 -0.325 0 1
0 0.805 -0.315 0 1
0 0.805 -0.305 0 1
0 0.805 -0.295 0 1
0 0.805 -0.285 0 1
0 0.805 -0.275 0 1
0 0.805 -0.265 0 1
0 0.805 -0.255 0 2
0 0.805 -0.245 0 1
0 0.805 -0.235 0 1
0 0.805 -0.225 0 1
0 0.805 -0.215 0 1
0 0.805 -0.205 0 1
0 0.805 -0.195 0 1
0 0.805 -0.185 0 1
0 0.805 -0.175 0 1
0 0.805 -0.165 0 1
0 0.805 -0.155 0 1
0 0.805 -0.145 0 1
0 0.805 -0.135 0 1
0 0.805 -0.125 0 1
0 0.805 -0.115 0 1
0 0.805 -0.105 0 2
0 0.805 -0.095 0 2
0 0.805 -0.085 0 2
0 0.805 -0.075 0 2
0 0.805 -0.065 0 2
0 0.805 -0.055 0 2
0 0.805 -0.045 0 2
0 0.805 -0.035 0 2
0 0.805 -0.025 0 1
0 0.805 -0.015 0 1
0 0.805 -0.005 0 1
0 0.805 0.005 0 1
0 0.805 0.015 0 1
0 0.805 0.025 0 2
0 0.805 0.035 0 2
0 0.805 0.045 0 2
0 0.805 0.055 0 2
0 0.805 0.065 0 2
0 0.805 0.075 0 2
0 0.805 0.085 0 2
0 0.805 0.095 0 2
0 0.805 0.105 0 2
0 0.805 0.115 0 2
0 0.805 0.125 0 2
0 0.805 0.135 0 2
0 0.805 0.145 0 2
0 0.805 0.155 0 2
0 0.805 0.165 0 2
0 0.805 0.175 0 2
0 0.805 0.185 0 2
0 0.805 0.195 0 2
0 0.805 0.205 0 2
0 0.805 0.215 0 2
0 0.805 0.225 0 2
0 0.805 0.235 0 2
0 0.805 0.245 0 2
0 0.805 0.255 0 2
0 0.805 0.265 0 2
0 0.805 0.275 0 2
0 0.805 0.285 0 2
0 0.805 0.295 0 2
0 0.805 0.305 0 2
0 0.805 0.315 0 2
0 0.805 0.325 0 2
0 0.805 0.335 0 2
0 0.805 0.345 0 2
0 0.805 0.355 0 2
0 0.805 0.365 0 2
0 0.805 0.375 0 2
0 0.805 0.385 0 2
0 0.805 0.395 0 2
0 0.805 0.405 0 2
0 0.805 0.415 0 2
0 0.805 0.425 0 2
0 0.805 0.435 0 2
0 0.805 0.445 0 2
0 0.805 0.455 0 2
0 0.805 0.465 0 2
0 0.815 -0.455 0 2
0 0.815 -0.445 0 2
0 0.815 -0.435 0 2
0 0.815 -0.425 0 2
0 0.815 -0.415 0 2
0 0.815 -0.405 0 2
0 0.815 -0.395 0 2
0 0.815 -0.385 0 2
0 0.815 -0.375 0 2
0 0.815 -0.365 0 2
0 0.815 -0.355 0 2
0 0.815 -0.345 0 2
0 0.815 -0.335 0 1
0 0.815 -0.325 0 1
0 0.815 -0.315 0 1
0 0.815 -0.305 0 1
0 0.815 -0.295 0 1
0 0.815 -0.285 0 1
0 0.815 -0.275 0 1
0 0.815 -0.265 0 1
0 0.815 -0.255 0 2
0 0.815 -0.245 0 1
0 0.815 -0.235 0 1
0 0.815 -0.225 0 1
0 0.815 -0.215 0 1
0 0.815 -0.205 0 1
0 0.815 -0.195 0 1
0 0.815 -0.185 0 1
0 0.815 -0.175 0 1
0 0.815 -0.165 0 1
0 0.815 -0.155 0 1
0 0.815 -0.145 0 1
0 0.815 -0.135 0 1
0 0.815 -0.125 0 1
0 0.815 -0.115 0 1
0 0.815 -0.105 0 2
0 0.815 -0.095 0 2
0 0.815 -0.085 0 2
0 0.815 -0.075 0 2
0 0.815 -0.065 0 2
0 0.815 -0.055 0 2
0 0.815 -0.045 0 1
0 0.815 -0.035 0 1
0 0.815 -0.025 0 1
0 0.815 -0.015 0 1
0 0.815 -0.005 0 1
0 0.815 0.005 0 1
0 0.815 0.015 0 1
0 0.815 0.025 0 2
0 0.815 0.035 0 2
0 0.815 0.045 0 2
0 0.815 0.055 0 2
0 0.815 0.065 0 2
0 0.815 0.075 0 2
0 0.815 0.085 0 2
0 0.815 0.095 0 2
0 0.815 0.105 0 2
0 0.815 0.115 0 2
0 0.815 0.125 0 2
0 0.815 0.135 0 2
0 0.815 0.145 0 2
0 0.815 0.155 0 2
0 0.815 0.165 0 2
0 0.815 0.175 0 2
0 0.815 0.185 0 2
0 0.815 0.195 0 2
0 0.815 0.205 0 2
0 0.815 0.215 0 2
0 0.815 0.225 0 2
0 0.815 0.235 0 2
0 0.815 0.245 0 2
0 0.815 0.255 0 2
0 0.815 0.265 0 2
0 0.815 0.275 0 2
0 0.815 0.285 0 2
0 0.815 0.295 0 2
0 0.815 0.305 0 2
0 0.815 0.315 0 2
0 0.815 0.325 0 2
0 0.815 0.335 0 2
0 0.815 0.345 0 2
0 0.815 0.355 0 2
0 0.815 0.365 0 2
0 0.815 0.375 0 2
0 0.815 0.385 0 2
0 0.815 0.395 0 2
0 0.815 0.405 0 2
0 0.815 0.415 0 2
0 0.815 0.425 0 2
0 0.815 0.435 0 2
0 0.815 0.445 0 2
0 0.815 0.455 0 2
0 0.815 0.465 0 2
0 0.825 -0.455 0 2
0 0.825 -0.445 0 2
0 0.825 -0.435 0 2
0 0.825 -0.425 0 2
0 0.825 -0.415 0 2
0 0.825 -0.405 0 2
0 0.825 -0.395 0 2
0 0.825 -0.385 0 2
0 0.825 -0.375 0 2
0 0.825 -0.365 0 2
0 0.825 -0.355 0 2
0 0.825 -0.345 0 2
0 0.825 -0.335 0 1
0 0.825 -0.325 0 1
0 0.825 -0.315 0 1
0 0.825 -0.305 0 1
0 0.825 -0.295 0 1
0 0.825 -0.285 0 1
0 0.825 -0.275 0 1
0 0.825 -0.265 0 1
0 0.825 -0.255 0 1
0 0.825 -0.245 0 1
0 0.825 -0.235 0 1
0 0.825 -0.225 0 1
0 0.825 -0.215 0 1
0 0.825 -0.205 0 1
0 0.825 -0.195 0 1
0 0.825 -0.185 0 1
0 0.825 -0.175 0 1
0 0.825 -0.165 0 1
0 0.825 -0.155 0 1
0 0.825 -0.145 0 1
0 0.825 -0.135 0 1
0 0.825 -0.125 0 1
0 0.825 -0.115 0 1
0 0.825 -0.105 0 2
0 0.825 -0.095 0 2
0 0.825 -0.085 0 2
0 0.825 -0.075 0 2
0 0.825 -0.065 0 2
0 0.825 -0.055 0 1
0 0.825 -0.045 0 1
0 0.825 -0.035 0 1
0 0.825 -0.025 0 1
0 0.825 -0.015 0 1
0 0.825 -0.005 0 1
0 0.825 0.005 0 1
0 0.825 0.015 0 1
0 0.825 0.025 0 1
0 0.825 0.035 0 2
0 0.825 0.045 0 2
0 0.825 0.055 0 2
0 0.825 0.065 0 2
0 0.825 0.075 0 2
0 0.825 0.085 0 2
0 0.825 0.095 0 2
0 0.825 0.105 0 2
0 0.825 0.115 0 2
0 0.825 0.125 0 2
0 0.825 0.135 0 2
0 0.825 0.145 0 2
0 0.825 0.155 0 2
0 0.825 0.165 0 2
0 0.825 0.175 0 2
0 0.825 0.185 0 2
0 0.825 0.195 0 2
0 0.825 0.205 0 2
0 0.825 0.215 0 2
0 0.825 0.225 0 2
0 0.825 0.235 0 2
0 0.825 0.245 0 2
0 0.825 0.255 0 2
0 0.825 0.265 0 2
0 0.825 0.275 0 2
0 0.825 0.285 0 2
0 0.825 0.295 0 2
0 0.825 0.305 0 2
0 0.825 0.315 0 2
0 0.825 0.325 0 2
0 0.825 0.335 0 2
0 0.825 0.345 0 2
0 0.825 0.355 0 2
0 0.825 0.365 0 2
0 0.825 0.375 0 2
0 0.825 0.385 0 2
0 0.825 0.395 0 2
0 0.825 0.405 0 2
0 0.825 0.415 0 2
0 0.825 0.425 0 2
0 0.825 0.435 0 2
0 0.825 0.445 0 2
0 0.825 0.455 0 2
0 0.825 0.465 0 2
0 0.835 -0.455 0 2
0 0.835 -0.445 0 2
0 0.835 -0.435 0 2
0 0.835 -0.425 0 2
0 0.835 -0.415 0 2
0 0.835 -0.405 0 2
0 0.835 -0.395 0 2
0 0.835 -0.385 0 2
0 0.835 -0.375 0 2
0 0.835 -0.365 0 2
0 0.835 -0.355 0 2
0 0.835 -0.345 0 2
0 0.835 -0.335 0 2
0 0.835 -0.325 0 1
0 0.835 -0.315 0 1
0 0.835 -0.305 0 1
0 0.835 -0.295 0 1
0 0.835 -0.285 0 1
0 0.835 -0.275 0 1
0 0.835 -0.265 0 1
0 0.835 -0.255 0 1
0 0.835 -0.245 0 1
0 0.835 -0.235 0 1
0 0.835 -0.225 0 1
0 0.835 -0.215 0 1
0 0.835 -0.205 0 1
0 0.835 -0.195 0 1
0 0.835 -0.185 0 1
0 0.835 -0.175 0 1
0 0.835 -0.165 0 1
0 0.835 -0.155 0 1
0 0.835 -0.145 0 1
0 0.835 -0.135 0 1
0 0.835 -0.125 0 1
0 0.835 -0.115 0 2
0 0.835 -0.105 0 2
0 0.835 -0.095 0 2
0 0.835 -0.085 0 2
0 0.835 -0.075 0 2
0 0.835 -0.065 0 2
0 0.835 -0.055 0 1
0 0.835 -0.045 0 1
0 0.835 -0.035 0 1
0 0.835 -0.025 0 1
0 0.835 -0.015 0 1
0 0.835 -0.005 0 1
0 0.835 0.005 0 1
0 0.835 0.015 0 1
0 0.835 0.025 0 2
0 0.835 0.035 0 2
0 0.835 0.045 0 2
0 0.835 0.055 0 2
0 0.835 0.065 0 2
0 0.835 0.075 0 2
0 0.835 0.085 0 2
0 0.835 0.095 0 2
0 0.835 0.105 0 2
0 0.835 0.115 0 2
0 0.835 0.125 0 2
0 0.835 0.135 0 2
0 0.835 0.145 0 2
0 0.835 0.155 0 2
0 0.835 0.165 0 2
0 0.835 0.175 0 2
0 0.835 0.185 0 2
0 0.835 0.195 0 2
0 0.835 0.205 0 2
0 0.835 0.215 0 2
0 0.835 0.225 0 2
0 0.835 0.235 0 2
0 0.835 0.245 0 2
0 0.835 0.255 0 2
0 0.835 0.265 0 2
0 0.835 0.275 0 2
0 0.835 0.285 0 2
0 0.835 0.295 0 2
0 0.835 0.305 0 2
0 0.835 0.315 0 2
0 0.835 0.325 0 2
0 0.835 0.335 0 2
0 0.835 0.345 0 2
0 0.835 0.355 0 2
0 0.835 0.365 0 2
0 0.835 0.375 0 2
0 0.835 0.385 0 2
0 0.835 0.395 0 2
0 0.835 0.405 0 2
0 0.835 0.415 0 2
0 0.835 0.425 0 2
0 0.835 0.435 0 2
0 0.835 0.445 0 2
0 0.835 0.455 0 2
0 0.835 0.465 0 2
0 0.845 -0.455 0 2
0 0.845 -0.445 0 2
0 0.845 -0.435 0 2
0 0.845 -0.425 0 2
0 0.845 -0.415 0 2
0 0.845 -0.405 0 2
0 0.845 -0.395 0 2
0 0.845 -0.385 0 2
0 0.845 -0.375 0 2
0 0.845 -0.365 0 2
0 0.845 -0.355 0 2
0 0.845 -0.345 0 2
0 0.845 -0.335 0 2
0 0.845 -0.325 0 1
0 0.845 -0.315 0 1
0 0.845 -0.305 0 1
0 0.845 -0.295 0 1
0 0.845 -0.285 0 1
0 0.845 -0.275 0 1
0 0.845 -0.265 0 1
0 0.845 -0.255 0 1
0 0.845 -0.245 0 1
0 0.845 -0.235 0 1
0 0.845 -0.225 0 1
0 0.845 -0.215 0 1
0 0.845 -0.205 0 1
0 0.845 -0.195 0 1
0 0.845 -0.185 0 1
0 0.845 -0.175 0 1
0 0.845 -0.165 0 1
0 0.845 -0.155 0 1
0 0.845 -0.145 0 1
0 0.845 -0.135 0 1
0 0.845 -0.125 0 1
0 0.845 -0.115 0 2
0 0.845 -0.105 0 2
0 0.845 -0.095 0 2
0 0.845 -0.085 0 2
0 0.845 -0.075 0 2
0 0.845 -0.065 0 1
0 0.845 -0.055 0 1
0 0.845 -0.045 0 1
0 0.845 -0.035 0 1
0 0.845 -0.025 0 1
0 0.845 -0.015 0 1
0 0.845 -0.005 0 1
0 0.845 0.005 0 1
0 0.845 0.015 0 1
0 0.845 0.025 0 2
0 0.845 0.035 0 2
0 0.845 0.045 0 2
0 0.845 0.055 0 2
0 0.845 0.065 0 2
0 0.845 0.075 0 2
0 0.845 0.085 0 2
0 0.845 0.095 0 2
0 0.845 0.105 0 2
0 0.845 0.115 0 2
0 0.845 0.125 0 2
0 0.845 0.135 0 2
0 0.845 0.145 0 2
0 0.845 0.155 0 2
0 0.845 0.165 0 2
0 0.845 0.175 0 2
0 0.845 0.185 0 2
0 0.845 0.195 0 2
0 0.845 0.205 0 2
0 0.845 0.215 0 2
0 0.845 0.225 0 2
0 0.845 0.235 0 2
0 0.845 0.245 0 2
0 0.845 0.255 0 2
0 0.845 0.265 0 2
0 0.845 0.275 0 2
0 0.845 0.285 0 2
0 0.845 0.295 0 2
0 0.845 0.305 0 2
0 0.845 0.315 0 2
0 0.845 0.325 0 2
0 0.845 0.335 0 2
0 0.845 0.345 0 2
0 0.845 0.355 0 2
0 0.845 0.365 0 2
0 0.845 0.375 0 2
0 0.845 0.385 0 2
0 0.845 0.395 0 2
0 0.845 0.405 0 2
0 0.845 0.415 0 2
0 0.845 0.425 0 2
0 0.845 0.435 0 2
0 0.845 0.445 0 2
0 0.845 0.455 0 2
0 0.845 0.465 0 2
0 0.855 -0.455 0 2
0 0.855 -0.445 0 2
0 0.855 -0.435 0 2
0 0.855 -0.425 0 2
0 0.855 -0.415 0 2
0 0.855 -0.405 0 2
0 0.855 -0.395 0 2
0 0.855 -0.385 0 2
0 0.855 -0.375 0 2
0 0.855 -0.365 0 2
0 0.855 -0.355 0 2
0 0.855 -0.345 0 2
0 0.855 -0.335 0 2
0 0.855 -0.325 0 2
0 0.855 -0.315 0 1
0 0.855 -0.305 0 1
0 0.855 -0.295 0 1
0 0.855 -0.285 0 1
0 0.855 -0.275 0 1
0 0.855 -0.265 0 1
0 0.855 -0.255 0 1
0 0.855 -0.245 0 2
0 0.855 -0.235 0 1
0 0.855 -0.225 0 1
0 0.855 -0.215 0 1
0 0.855 -0.205 0 1
0 0.855 -0.195 0 1
0 0.855 -0.185 0 1
0 0.855 -0.175 0 1
0 0.855 -0.165 0 1
0 0.855 -0.155 0 1
0 0.855 -0.145 0 1
0 0.855 -0.135 0 1
0 0.855 -0.125 0 1
0 0.855 -0.115 0 2
0 0.855 -0.105 0 2
0 0.855 -0.095 0 2
0 0.855 -0.085 0 2
0 0.855 -0.075 0 2
0 0.855 -0.065 0 1
0 0.855 -0.055 0 1
0 0.855 -0.045 0 1
0 0.855 -0.035 0 1
0 0.855 -0.025 0 1
0 0.855 -0.015 0 1
0 0.855 -0.005 0 1
0 0.855 0.005 0 1
0 0.855 0.015 0 1
0 0.855 0.025 0 2
0 0.855 0.035 0 2
0 0.855 0.045 0 2
0 0.855 0.055 0 2
0 0.855 0.065 0 2
0 0.855 0.075 0 2
0 0.855 0.085 0 2
0 0.855 0.095 0 2
0 0.855 0.105 0 2
0 0.855 0.115 0 2
0 0.855 0.125 0 2
0 0.855 0.135 0 2
0 0.855 0.145 0 2
0 0.855 0.155 0 2
0 0.855 0.165 0 2
0 0.855 0.175 0 2
0 0.855 0.185 0 2
0 0.855 0.195 0 2
0 0.855 0.205 0 2
0 0.855 0.215 0 2
0 0.855 0.225 0 2
0 0.855 0.235 0 2
0 0.855 0.245 0 2
0 0.855 0.255 0 2
0 0.855 0.265 0 2
0 0.855 0.275 0 2
0 0.855 0.285 0 2
0 0.855 0.295 0 2
0 0.855 0.305 0 2
0 0.855 0.315 0 2
0 0.855 0.325 0 2
0 0.855 0.335 0 2
0 0.855 0.345 0 2
0 0.855 0.355 0 2
0 0.855 0.365 0 2
0 0.855 0.375 0 2
0 0.855 0.385 0 2
0 0.855 0.395 0 2
0 0.855 0.405 0 2
0 0.855 0.415 0 2
0 0.855 0.425 0 2
0 0.855 0.435 0 2
0 0.855 0.445 0 2
0 0.855 0.455 0 2
0 0.855 0.465 0 2
0 0.865 -0.455 0 2
0 0.865 -0.445 0 2
0 0.865 -0.435 0 2
0 0.865 -0.425 0 2
0 0.865 -0.415 0 2
0 0.865 -0.405 0 2
0 0.865 -0.395 0 2
0 0.865 -0.385 0 2
0 0.865 -0.375 0 2
0 0.865 -0.365 0 2
0 0.865 -0.355 0 2
0 0.865 -0.345 0 2
0 0.865 -0.335 0 2
0 0.865 -0.325 0 2
0 0.865 -0.315 0 2
0 0.865 -0.305 0 1
0 0.865 -0.295 0 1
0 0.865 -0.285 0 1
0 0.865 -0.275 0 1
0 0.865 -0.265 0 1
0 0.865 -0.255 0 1
0 0.865 -0.245 0 2
0 0.865 -0.235 0 2
0 0.865 -0.225 0 2
0 0.865 -0.215 0 2
0 0.865 -0.205 0 2
0 0.865 -0.195 0 1
0 0.865 -0.185 0 1
0 0.865 -0.175 0 1
0 0.865 -0.165 0 1
0 0.865 -0.155 0 1
0 0.865 -0.145 0 1
0 0.865 -0.135 0 1
0 0.865 -0.125 0 2
0 0.865 -0.115 0 2
0 0.865 -0.105 0 2
0 0.865 -0.095 0 2
0 0.865 -0.085 0 2
0 0.865 -0.075 0 1
0 0.865 -0.065 0 1
0 0.865 -0.055 0 1
0 0.865 -0.045 0 1
0 0.865 -0.035 0 1
0 0.865 -0.025 0 1
0 0.865 -0.015 0 1
0 0.865 -0.005 0 1
0 0.865 0.005 0 1
0 0.865 0.015 0 1
0 0.865 0.025 0 2
0 0.865 0.035 0 2
0 0.865 0.045 0 2
0 0.865 0.055 0 2
0 0.865 0.065 0 2
0 0.865 0.075 0 2
0 0.865 0.085 0 2
0 0.865 0.095 0 2
0 0.865 0.105 0 2
0 0.865 0.115 0 2
0 0.865 0.125 0 2
0 0.865 0.135 0 2
0 0.865 0.145 0 2
0 0.865 0.155 0 2
0 0.865 0.165 0 2
0 0.865 0.175 0 2
0 0.865 0.185 0 2
0 0.865 0.195 0 2
0 0.865 0.205 0 2
0 0.865 0.215 0 2
0 0.865 0.225 0 2
0 0.865 0.235 0 2
0 0.865 0.245 0 2
0 0.865 0.255 0 2
0 0.865 0.265 0 2
0 0.865 0.275 0 2
0 0.865 0.285 0 2
0 0.865 0.295 0 2
0 0.865 0.305 0 2
0 0.865 0.315 0 2
0 0.865 0.325 0 2
0 0.865 0.335 0 2
0 0.865 0.345 0 2
0 0.865 0.355 0 2
0 0.865 0.365 0 2
0 0.865 0.375 0 2
0 0.865 0.385 0 2
0 0.865 0.395 0 2
0 0.865 0.405 0 2
0 0.865 0.415 0 2
0 0.865 0.425 0 2
0 0.865 0.435 0 2
0 0.865 0.445 0 2
0 0.865 0.455 0 2
0 0.865 0.465 0 2
