t x y content type
0 -0.055 -0.455 0 2
0 -0.055 -0.445 0 2
0 -0.055 -0.435 0 2
0 -0.055 -0.425 0 2
0 -0.055 -0.415 0 2
0 -0.055 -0.405 0 2
0 -0.055 -0.395 0 2
0 -0.055 -0.385 0 2
0 -0.055 -0.375 0 2
0 -0.055 -0.365 0 2
0 -0.055 -0.355 0 2
0 -0.055 -0.345 0 2
0 -0.055 -0.335 0 1
0 -0.055 -0.325 0 1
0 -0.055 -0.315 0 1
0 -0.055 -0.305 0 1
0 -0.055 -0.295 0 1
0 -0.055 -0.285 0 1
0 -0.055 -0.275 0 1
0 -0.055 -0.265 0 2
0 -0.055 -0.255 0 2
0 -0.055 -0.245 0 2
0 -0.055 -0.235 0 2
0 -0.055 -0.225 0 2
0 -0.055 -0.215 0 2
0 -0.055 -0.205 0 2
0 -0.055 -0.195 0 2
0 -0.055 -0.185 0 2
0 -0.055 -0.175 0 2
0 -0.055 -0.165 0 2
0 -0.055 -0.155 0 2
0 -0.055 -0.145 0 2
0 -0.055 -0.135 0 2
0 -0.055 -0.125 0 2
0 -0.055 -0.115 0 2
0 -0.055 -0.105 0 2
0 -0.055 -0.095 0 2
0 -0.055 -0.085 0 2
0 -0.055 -0.075 0 2
0 -0.055 -0.065 0 2
0 -0.055 -0.055 0 1
0 -0.055 -0.045 0 1
0 -0.055 -0.035 0 1
0 -0.055 -0.025 0 1
0 -0.055 -0.015 0 1
0 -0.055 -0.005 0 1
0 -0.055 0.005 0 1
0 -0.055 0.015 0 1
0 -0.055 0.025 0 1
0 -0.055 0.035 0 1
0 -0.055 0.045 0 1
0 -0.055 0.055 0 1
0 -0.055 0.065 0 1
0 -0.055 0.075 0 2
0 -0.055 0.085 0 2
0 -0.055 0.095 0 2
0 -0.055 0.105 0 2
0 -0.055 0.115 0 2
0 -0.055 0.125 0 2
0 -0.055 0.135 0 2
0 -0.055 0.145 0 1
0 -0.055 0.155 0 1
0 -0.055 0.165 0 1
0 -0.055 0.175 0 1
0 -0.055 0.185 0 1
0 -0.055 0.195 0 1
0 -0.055 0.205 0 1
0 -0.055 0.215 0 1
0 -0.055 0.225 0 1
0 -0.055 0.235 0 1
0 -0.055 0.245 0 2
0 -0.055 0.255 0 2
0 -0.055 0.265 0 2
0 -0.055 0.275 0 2
0 -0.055 0.285 0 1
0 -0.055 0.295 0 1
0 -0.055 0.305 0 1
0 -0.055 0.315 0 1
0 -0.055 0.325 0 1
0 -0.055 0.335 0 1
0 -0.055 0.345 0 1
0 -0.055 0.355 0 1
0 -0.055 0.365 0 1
0 -0.055 0.375 0 2
0 -0.055 0.385 0 2
0 -0.055 0.395 0 2
0 -0.055 0.405 0 2
0 -0.055 0.415 0 2
0 -0.055 0.425 0 2
0 -0.055 0.435 0 2
0 -0.055 0.445 0 2
0 -0.055 0.455 0 2
0 -0.055 0.465 0 1
0 -0.045 -0.455 0 2
0 -0.045 -0.445 0 2
0 -0.045 -0.435 0 2
0 -0.045 -0.425 0 2
0 -0.045 -0.415 0 2
0 -0.045 -0.405 0 2
0 -0.045 -0.395 0 2
0 -0.045 -0.385 0 2
0 -0.045 -0.375 0 2
0 -0.045 -0.365 0 2
0 -0.045 -0.355 0 2
0 -0.045 -0.345 0 2
0 -0.045 -0.335 0 2
0 -0.045 -0.325 0 2
0 -0.045 -0.315 0 2
0 -0.045 -0.305 0 1
0 -0.045 -0.295 0 1
0 -0.045 -0.285 0 2
0 -0.045 -0.275 0 2
0 -0.045 -0.265 0 2
0 -0.045 -0.255 0 2
0 -0.045 -0.245 0 2
0 -0.045 -0.235 0 2
0 -0.045 -0.225 0 2
0 -0.045 -0.215 0 2
0 -0.045 -0.205 0 2
0 -0.045 -0.195 0 2
0 -0.045 -0.185 0 2
0 -0.045 -0.175 0 2
0 -0.045 -0.165 0 2
0 -0.045 -0.155 0 2
0 -0.045 -0.145 0 2
0 -0.045 -0.135 0 2
0 -0.045 -0.125 0 2
0 -0.045 -0.115 0 2
0 -0.045 -0.105 0 2
0 -0.045 -0.095 0 2
0 -0.045 -0.085 0 2
0 -0.045 -0.075 0 2
0 -0.045 -0.065 0 2
0 -0.045 -0.055 0 1
0 -0.045 -0.045 0 1
0 -0.045 -0.035 0 1
0 -0.045 -0.025 0 1
0 -0.045 -0.015 0 1
0 -0.045 -0.005 0 1
0 -0.045 0.005 0 1
0 -0.045 0.015 0 1
0 -0.045 0.025 0 1
0 -0.045 0.035 0 1
0 -0.045 0.045 0 1
0 -0.045 0.055 0 1
0 -0.045 0.065 0 1
0 -0.045 0.075 0 2
0 -0.045 0.085 0 2
0 -0.045 0.095 0 2
0 -0.045 0.105 0 2
0 -0.045 0.115 0 2
0 -0.045 0.125 0 2
0 -0.045 0.135 0 2
0 -0.045 0.145 0 2
0 -0.045 0.155 0 1
0 -0.045 0.165 0 1
0 -0.045 0.175 0 1
0 -0.045 0.185 0 1
0 -0.045 0.195 0 1
0 -0.045 0.205 0 1
0 -0.045 0.215 0 1
0 -0.045 0.225 0 1
0 -0.045 0.235 0 1
0 -0.045 0.245 0 2
0 -0.045 0.255 0 2
0 -0.045 0.265 0 2
0 -0.045 0.275 0 2
0 -0.045 0.285 0 2
0 -0.045 0.295 0 1
0 -0.045 0.305 0 1
0 -0.045 0.315 0 1
0 -0.045 0.325 0 1
0 -0.045 0.335 0 1
0 -0.045 0.345 0 1
0 -0.045 0.355 0 1
0 -0.045 0.365 0 1
0 -0.045 0.375 0 2
0 -0.045 0.385 0 2
0 -0.045 0.395 0 2
0 -0.045 0.405 0 2
0 -0.045 0.415 0 2
0 -0.045 0.425 0 2
0 -0.045 0.435 0 2
0 -0.045 0.445 0 2
0 -0.045 0.455 0 2
0 -0.045 0.465 0 2
0 -0.035 -0.455 0 2
0 -0.035 -0.445 0 2
0 -0.035 -0.435 0 2
0 -0.035 -0.425 0 2
0 -0.035 -0.415 0 2
0 -0.035 -0.405 0 2
0 -0.035 -0.395 0 2
0 -0.035 -0.385 0 2
0 -0.035 -0.375 0 2
0 -0.035 -0.365 0 2
0 -0.035 -0.355 0 2
0 -0.035 -0.345 0 2
0 -0.035 -0.335 0 2
0 -0.035 -0.325 0 2
0 -0.035 -0.315 0 2
0 -0.035 -0.305 0 2
0 -0.035 -0.295 0 2
0 -0.035 -0.285 0 2
0 -0.035 -0.275 0 2
0 -0.035 -0.265 0 2
0 -0.035 -0.255 0 2
0 -0.035 -0.245 0 2
0 -0.035 -0.235 0 2
0 -0.035 -0.225 0 2
0 -0.035 -0.215 0 2
0 -0.035 -0.205 0 2
0 -0.035 -0.195 0 2
0 -0.035 -0.185 0 2
0 -0.035 -0.175 0 2
0 -0.035 -0.165 0 2
0 -0.035 -0.155 0 2
0 -0.035 -0.145 0 2
0 -0.035 -0.135 0 2
0 -0.035 -0.125 0 2
0 -0.035 -0.115 0 2
0 -0.035 -0.105 0 2
0 -0.035 -0.095 0 2
0 -0.035 -0.085 0 2
0 -0.035 -0.075 0 2
0 -0.035 -0.065 0 2
0 -0.035 -0.055 0 1
0 -0.035 -0.045 0 1
0 -0.035 -0.035 0 1
0 -0.035 -0.025 0 1
0 -0.035 -0.015 0 1
0 -0.035 -0.005 0 1
0 -0.035 0.005 0 1
0 -0.035 0.015 0 1
0 -0.035 0.025 0 1
0 -0.035 0.035 0 1
0 -0.035 0.045 0 1
0 -0.035 0.055 0 1
0 -0.035 0.065 0 1
0 -0.035 0.075 0 2
0 -0.035 0.085 0 2
0 -0.035 0.095 0 2
0 -0.035 0.105 0 2
0 -0.035 0.115 0 2
0 -0.035 0.125 0 2
0 -0.035 0.135 0 2
0 -0.035 0.145 0 2
0 -0.035 0.155 0 2
0 -0.035 0.165 0 1
0 -0.035 0.175 0 1
0 -0.035 0.185 0 1
0 -0.035 0.195 0 1
0 -0.035 0.205 0 1
0 -0.035 0.215 0 1
0 -0.035 0.225 0 1
0 -0.035 0.235 0 1
0 -0.035 0.245 0 2
0 -0.035 0.255 0 2
0 -0.035 0.265 0 2
0 -0.035 0.275 0 2
0 -0.035 0.285 0 2
0 -0.035 0.295 0 2
0 -0.035 0.305 0 2
0 -0.035 0.315 0 1
0 -0.035 0.325 0 1
0 -0.035 0.335 0 1
0 -0.035 0.345 0 1
0 -0.035 0.355 0 1
0 -0.035 0.365 0 2
0 -0.035 0.375 0 2
0 -0.035 0.385 0 2
0 -0.035 0.395 0 2
0 -0.035 0.405 0 2
0 -0.035 0.415 0 2
0 -0.035 0.425 0 2
0 -0.035 0.435 0 2
0 -0.035 0.445 0 2
0 -0.035 0.455 0 2
0 -0.035 0.465 0 2
0 -0.025 -0.455 0 2
0 -0.025 -0.445 0 2
0 -0.025 -0.435 0 2
0 -0.025 -0.425 0 2
0 -0.025 -0.415 0 2
0 -0.025 -0.405 0 2
0 -0.025 -0.395 0 2
0 -0.025 -0.385 0 2
0 -0.025 -0.375 0 2
0 -0.025 -0.365 0 2
0 -0.025 -0.355 0 2
0 -0.025 -0.345 0 2
0 -0.025 -0.335 0 2
0 -0.025 -0.325 0 2
0 -0.025 -0.315 0 2
0 -0.025 -0.305 0 2
0 -0.025 -0.295 0 2
0 -0.025 -0.285 0 2
0 -0.025 -0.275 0 2
0 -0.025 -0.265 0 2
0 -0.025 -0.255 0 2
0 -0.025 -0.245 0 2
0 -0.025 -0.235 0 2
0 -0.025 -0.225 0 2
0 -0.025 -0.215 0 2
0 -0.025 -0.205 0 2
0 -0.025 -0.195 0 2
0 -0.025 -0.185 0 2
0 -0.025 -0.175 0 2
0 -0.025 -0.165 0 2
0 -0.025 -0.155 0 2
0 -0.025 -0.145 0 2
0 -0.025 -0.135 0 2
0 -0.025 -0.125 0 2
0 -0.025 -0.115 0 2
0 -0.025 -0.105 0 2
0 -0.025 -0.095 0 2
0 -0.025 -0.085 0 2
0 -0.025 -0.075 0 2
0 -0.025 -0.065 0 2
0 -0.025 -0.055 0 1
0 -0.025 -0.045 0 1
0 -0.025 -0.035 0 1
0 -0.025 -0.025 0 1
0 -0.025 -0.015 0 1
0 -0.025 -0.005 0 1
0 -0.025 0.005 0 1
0 -0.025 0.015 0 1
0 -0.025 0.025 0 1
0 -0.025 0.035 0 1
0 -0.025 0.045 0 1
0 -0.025 0.055 0 1
0 -0.025 0.065 0 2
0 -0.025 0.075 0 2
0 -0.025 0.085 0 2
0 -0.025 0.095 0 2
0 -0.025 0.105 0 2
0 -0.025 0.115 0 2
0 -0.025 0.125 0 2
0 -0.025 0.135 0 2
0 -0.025 0.145 0 2
0 -0.025 0.155 0 2
0 -0.025 0.165 0 2
0 -0.025 0.175 0 2
0 -0.025 0.185 0 2
0 -0.025 0.195 0 1
0 -0.025 0.205 0 1
0 -0.025 0.215 0 1
0 -0.025 0.225 0 2
0 -0.025 0.235 0 2
0 -0.025 0.245 0 2
0 -0.025 0.255 0 2
0 -0.025 0.265 0 2
0 -0.025 0.275 0 2
0 -0.025 0.285 0 2
0 -0.025 0.295 0 2
0 -0.025 0.305 0 2
0 -0.025 0.315 0 2
0 -0.025 0.325 0 2
0 -0.025 0.335 0 2
0 -0.025 0.345 0 2
0 -0.025 0.355 0 2
0 -0.025 0.365 0 2
0 -0.025 0.375 0 1
0 -0.025 0.385 0 1
0 -0.025 0.395 0 1
0 -0.025 0.405 0 2
0 -0.025 0.415 0 2
0 -0.025 0.425 0 2
0 -0.025 0.435 0 2
0 -0.025 0.445 0 2
0 -0.025 0.455 0 2
0 -0.025 0.465 0 2
0 -0.015 -0.455 0 2
0 -0.015 -0.445 0 2
0 -0.015 -0.435 0 2
0 -0.015 -0.425 0 2
0 -0.015 -0.415 0.0003922578364 2
0 -0.015 -0.405 0.00107765396 2
0 -0.015 -0.395 0.002046521957 2
0 -0.015 -0.385 0.003016835549 2
0 -0.015 -0.375 0.003965862943 2
0 -0.015 -0.365 0.005028513979 2
0 -0.015 -0.355 0.006114511858 2
0 -0.015 -0.345 0.007214644827 2
0 -0.015 -0.335 0.008294363601 2
0 -0.015 -0.325 0.009338542331 2
0 -0.015 -0.315 0.01033697353 2
0 -0.015 -0.305 0.01129055184 2
0 -0.015 -0.295 0.01221850293 2
0 -0.015 -0.285 0.01314277852 2
0 -0.015 -0.275 0.01406958704 2
0 -0.015 -0.265 0.01491339477 2
0 -0.015 -0.255 0.01557245972 2
0 -0.015 -0.245 0.01586823095 2
0 -0.015 -0.235 0.01576330413 2
0 -0.015 -0.225 0.01520467135 2
0 -0.015 -0.215 0.01431857843 2
0 -0.015 -0.205 0.01317251877 2
0 -0.015 -0.195 0.01188744849 2
0 -0.015 -0.185 0.0104831214 2
0 -0.015 -0.175 0.008987632294 2
0 -0.015 -0.165 0.007407000102 2
0 -0.015 -0.155 0.005767757835 2
0 -0.015 -0.145 0.004090276328 2
0 -0.015 -0.135 0.002393727683 2
0 -0.015 -0.125 0.0006971512981 2
0 -0.015 -0.115 -0.0009790038152 2
0 -0.015 -0.105 -0.002613376599 2
0 -0.015 -0.095 -0.004184056577 2
0 -0.015 -0.085 -0.005668096257 2
0 -0.015 -0.075 -0.007035275824 2
0 -0.015 -0.065 -0.008227247927 2
0 -0.015 -0.055 -0.009202833579 2
0 -0.015 -0.045 -0.00996694568 1
0 -0.015 -0.035 -0.01062654479 1
0 -0.015 -0.025 -0.01120597231 1
0 -0.015 -0.015 -0.0116147725 2
0 -0.015 -0.005 -0.01160541813 2
0 -0.015 0.005 -0.01117587383 1
0 -0.015 0.015 -0.01045824742 1
0 -0.015 0.025 -0.009768395833 1
0 -0.015 0.035 -0.009239063561 1
0 -0.015 0.045 -0.008840024884 1
0 -0.015 0.055 -0.008409699492 1
0 -0.015 0.065 -0.007727638141 2
0 -0.015 0.075 -0.006734872434 2
0 -0.015 0.085 -0.005453091105 2
0 -0.015 0.095 -0.004005014488 2
0 -0.015 0.105 -0.002457452019 2
0 -0.015 0.115 -0.0008492817634 2
0 -0.015 0.125 0.0007949787364 2
0 -0.015 0.135 0.00247725626 2
0 -0.015 0.145 0.004200352216 2
0 -0.015 0.155 0.005947633769 2
0 -0.015 0.165 0.007696965445 2
0 -0.015 0.175 0.009351304332 2
0 -0.015 0.185 0.01085389117 2
0 -0.015 0.195 0.01210357393 2
0 -0.015 0.205 0.01315507161 2
0 -0.015 0.215 0.01400514419 2
0 -0.015 0.225 0.01469377095 2
0 -0.015 0.235 0.01511187163 2
0 -0.015 0.245 0.01524578623 2
0 -0.015 0.255 0.01504578087 2
0 -0.015 0.265 0.01459434698 2
0 -0.015 0.275 0.01393797356 2
0 -0.015 0.285 0.01316777056 2
0 -0.015 0.295 0.01231776083 2
0 -0.015 0.305 0.01138206846 2
0 -0.015 0.315 0.01034489453 2
0 -0.015 0.325 0.009196177361 2
0 -0.015 0.335 0.007941894376 2
0 -0.015 0.345 0.006574373766 2
0 -0.015 0.355 0.005197398272 2
0 -0.015 0.365 0.003946518796 1
0 -0.015 0.375 0.002938052057 1
0 -0.015 0.385 0.002184330186 1
0 -0.015 0.395 0.001488285011 1
0 -0.015 0.405 0.0007868757139 1
0 -0.015 0.415 0.000288187678 2
0 -0.015 0.425 0 2
0 -0.015 0.435 0 2
0 -0.015 0.445 0 2
0 -0.015 0.455 0 2
0 -0.015 0.465 0 2
0 -0.005 -0.455 0 2
0 -0.005 -0.445 0 2
0 -0.005 -0.435 0 2
0 -0.005 -0.425 0 2
0 -0.005 -0.415 0.001042581709 2
0 -0.005 -0.405 0.002728219919 2
0 -0.005 -0.395 0.005223423048 2
0 -0.005 -0.385 0.00764215946 2
0 -0.005 -0.375 0.009910512853 2
0 -0.005 -0.365 0.01250375569 2
0 -0.005 -0.355 0.01513801284 2
0 -0.005 -0.345 0.01780204034 2
0 -0.005 -0.335 0.02040907428 2
0 -0.005 -0.325 0.02292323592 2
0 -0.005 -0.315 0.02531831138 2
0 -0.005 -0.305 0.02760932142 2
0 -0.005 -0.295 0.02983832999 2
0 -0.005 -0.285 0.03206462094 2
0 -0.005 -0.275 0.03428382358 2
0 -0.005 -0.265 0.03633255439 2
0 -0.005 -0.255 0.03798623062 2
0 -0.005 -0.245 0.0387472218 2
0 -0.005 -0.235 0.03855568207 2
0 -0.005 -0.225 0.03722367676 2
0 -0.005 -0.215 0.03514802203 2
0 -0.005 -0.205 0.03238173838 2
0 -0.005 -0.195 0.02921986195 2
0 -0.005 -0.185 0.02571646482 2
0 -0.005 -0.175 0.02200387217 2
0 -0.005 -0.165 0.01811292733 2
0 -0.005 -0.155 0.01409736642 2
0 -0.005 -0.145 0.009989234236 2
0 -0.005 -0.135 0.005837156523 2
0 -0.005 -0.125 0.001687489258 2
0 -0.005 -0.115 -0.002410877885 2
0 -0.005 -0.105 -0.006406601089 2
0 -0.005 -0.095 -0.01024666403 2
0 -0.005 -0.085 -0.01387586412 2
0 -0.005 -0.075 -0.01723221224 2
0 -0.005 -0.065 -0.02022344738 2
0 -0.005 -0.055 -0.02277035491 2
0 -0.005 -0.045 -0.02484243145 2
0 -0.005 -0.035 -0.02658169819 2
0 -0.005 -0.025 -0.02799454426 2
0 -0.005 -0.015 -0.02893838349 2
0 -0.005 -0.005 -0.02898311484 2
0 -0.005 0.005 -0.02811967034 2
0 -0.005 0.015 -0.02655842699 1
0 -0.005 0.025 -0.02500749299 1
0 -0.005 0.035 -0.02367278763 1
0 -0.005 0.045 -0.02249005838 1
0 -0.005 0.055 -0.0211831488 2
0 -0.005 0.065 -0.01923281938 2
0 -0.005 0.075 -0.01659457506 2
0 -0.005 0.085 -0.01337223873 2
0 -0.005 0.095 -0.009800397351 2
0 -0.005 0.105 -0.006004865855 2
0 -0.005 0.115 -0.002071278106 2
0 -0.005 0.125 0.00193762972 2
0 -0.005 0.135 0.00600776171 2
0 -0.005 0.145 0.01012303949 2
0 -0.005 0.155 0.01425607196 2
0 -0.005 0.165 0.01830983832 2
0 -0.005 0.175 0.02208273222 2
0 -0.005 0.185 0.0254045776 2
0 -0.005 0.195 0.02812166267 2
0 -0.005 0.205 0.03044207785 2
0 -0.005 0.215 0.03253611587 2
0 -0.005 0.225 0.03443697171 2
0 -0.005 0.235 0.03590267899 2
0 -0.005 0.245 0.03665625528 2
0 -0.005 0.255 0.03645814331 2
0 -0.005 0.265 0.03549702133 2
0 -0.005 0.275 0.03402398337 2
0 -0.005 0.285 0.03222001622 2
0 -0.005 0.295 0.03017798906 2
0 -0.005 0.305 0.02791514018 2
0 -0.005 0.315 0.02540551365 2
0 -0.005 0.325 0.02262060703 2
0 -0.005 0.335 0.01951351889 2
0 -0.005 0.345 0.01613415484 2
0 -0.005 0.355 0.01272982901 2
0 -0.005 0.365 0.009714819345 1
0 -0.005 0.375 0.007274022097 1
0 -0.005 0.385 0.005494738138 1
0 -0.005 0.395 0.003757956728 1
0 -0.005 0.405 0.001967230658 1
0 -0.005 0.415 0.0007532445525 1
0 -0.005 0.425 0 2
0 -0.005 0.435 0 2
0 -0.005 0.445 0 2
0 -0.005 0.455 0 2
0 -0.005 0.465 0 2
0 0.005 -0.455 0 1
0 0.005 -0.445 0 2
0 0.005 -0.435 0 2
0 0.005 -0.425 0 2
0 0.005 -0.415 0.001974041404 2
0 0.005 -0.405 0.005259738612 2
0 0.005 -0.395 0.009428094623 2
0 0.005 -0.385 0.0128469705 2
0 0.005 -0.375 0.01577072418 2
0 0.005 -0.365 0.01932203842 2
0 0.005 -0.355 0.02292911412 2
0 0.005 -0.345 0.02660415254 2
0 0.005 -0.335 0.03021209741 2
0 0.005 -0.325 0.03370252456 2
0 0.005 -0.315 0.03703377736 2
0 0.005 -0.305 0.04022497723 2
0 0.005 -0.295 0.04330129339 2
0 0.005 -0.285 0.04633480691 2
0 0.005 -0.275 0.04917583251 2
0 0.005 -0.265 0.05169014157 2
0 0.005 -0.255 0.05353929407 2
0 0.005 -0.245 0.05440933434 2
0 0.005 -0.235 0.05427910074 2
0 0.005 -0.225 0.05283884874 2
0 0.005 -0.215 0.05033997839 2
0 0.005 -0.205 0.04667415836 2
0 0.005 -0.195 0.04226690637 2
0 0.005 -0.185 0.03727106714 2
0 0.005 -0.175 0.03190708195 2
0 0.005 -0.165 0.0262764676 2
0 0.005 -0.155 0.02047814722 2
0 0.005 -0.145 0.01456018548 2
0 0.005 -0.135 0.008580896961 2
0 0.005 -0.125 0.00260923285 2
0 0.005 -0.115 -0.003284518059 2
0 0.005 -0.105 -0.0090275954 2
0 0.005 -0.095 -0.01454470794 2
0 0.005 -0.085 -0.0197584793 2
0 0.005 -0.075 -0.02459316089 2
0 0.005 -0.065 -0.02895005746 2
0 0.005 -0.055 -0.03271811312 2
0 0.005 -0.045 -0.03585284058 2
0 0.005 -0.035 -0.03845031985 2
0 0.005 -0.025 -0.04056027714 2
0 0.005 -0.015 -0.04198774325 2
0 0.005 -0.005 -0.04231039048 2
0 0.005 0.005 -0.04146140303 2
0 0.005 0.015 -0.03973180298 2
0 0.005 0.025 -0.03771513484 2
0 0.005 0.035 -0.03564501483 2
0 0.005 0.045 -0.03348097036 2
0 0.005 0.055 -0.03097900233 2
0 0.005 0.065 -0.02773461154 2
0 0.005 0.075 -0.02369850429 2
0 0.005 0.085 -0.01901254617 2
0 0.005 0.095 -0.01388545971 2
0 0.005 0.105 -0.008447078995 2
0 0.005 0.115 -0.002809184251 2
0 0.005 0.125 0.002938839328 2
0 0.005 0.135 0.008754934739 2
0 0.005 0.145 0.01460016223 2
0 0.005 0.155 0.02034503773 2
0 0.005 0.165 0.02576243928 2
0 0.005 0.175 0.03061661859 2
0 0.005 0.185 0.03469475457 1
0 0.005 0.195 0.03814594266 1
0 0.005 0.205 0.04116230263 1
0 0.005 0.215 0.04398872055 1
0 0.005 0.225 0.04655875094 1
0 0.005 0.235 0.04884912893 2
0 0.005 0.245 0.05038703973 2
0 0.005 0.255 0.05100311993 2
0 0.005 0.265 0.05044819508 2
0 0.005 0.275 0.04890793397 2
0 0.005 0.285 0.04666106747 2
0 0.005 0.295 0.04390181173 2
0 0.005 0.305 0.04079344902 2
0 0.005 0.315 0.03731672231 2
0 0.005 0.325 0.03346486423 2
0 0.005 0.335 0.02915299489 2
0 0.005 0.345 0.02444303604 2
0 0.005 0.355 0.01951434489 1
0 0.005 0.365 0.01518949845 1
0 0.005 0.375 0.01164521655 1
0 0.005 0.385 0.009234958937 1
0 0.005 0.395 0.00673648549 1
0 0.005 0.405 0.003763405973 1
0 0.005 0.415 0.00140702846 1
0 0.005 0.425 0 1
0 0.005 0.435 0 2
0 0.005 0.445 0 2
0 0.005 0.455 0 2
0 0.005 0.465 0 2
0 0.015 -0.455 0 1
0 0.015 -0.445 0 2
0 0.015 -0.435 0 2
0 0.015 -0.425 0 2
0 0.015 -0.415 0.002685382718 2
0 0.015 -0.405 0.007000581078 2
0 0.015 -0.395 0.01199843534 2
0 0.015 -0.385 0.0157459837 2
0 0.015 -0.375 0.01848855866 2
0 0.015 -0.365 0.02204888332 2
0 0.015 -0.355 0.02562574512 2
0 0.015 -0.345 0.02928578258 2
0 0.015 -0.335 0.03287370469 2
0 0.015 -0.325 0.03634021085 2
0 0.015 -0.315 0.03963599388 2
0 0.015 -0.305 0.0427650271 2
0 0.015 -0.295 0.04571752496 2
0 0.015 -0.285 0.04850157146 2
0 0.015 -0.275 0.05079421789 2
0 0.015 -0.265 0.05267965552 2
0 0.015 -0.255 0.05372447801 2
0 0.015 -0.245 0.05434941583 2
0 0.015 -0.235 0.05433329859 2
0 0.015 -0.225 0.05357231857 2
0 0.015 -0.215 0.05171020722 2
0 0.015 -0.205 0.04862021636 2
0 0.015 -0.195 0.0444389927 2
0 0.015 -0.185 0.03942072412 2
0 0.015 -0.175 0.03381542878 2
0 0.015 -0.165 0.02786681059 2
0 0.015 -0.155 0.02172774348 2
0 0.015 -0.145 0.01548015769 2
0 0.015 -0.135 0.009184341996 2
0 0.015 -0.125 0.002900696438 2
0 0.015 -0.115 -0.00329609949 2
0 0.015 -0.105 -0.009331474091 2
0 0.015 -0.095 -0.01512835608 2
0 0.015 -0.085 -0.0206086425 2
0 0.015 -0.075 -0.02570096108 2
0 0.015 -0.065 -0.03033012766 2
0 0.015 -0.055 -0.03441826339 2
0 0.015 -0.045 -0.03793900407 2
0 0.015 -0.035 -0.04081838521 2
0 0.015 -0.025 -0.04305308746 2
0 0.015 -0.015 -0.04452511513 2
0 0.015 -0.005 -0.04513519023 2
0 0.015 0.005 -0.04476581304 2
0 0.015 0.015 -0.04359718056 2
0 0.015 0.025 -0.04171185375 2
0 0.015 0.035 -0.03941547717 2
0 0.015 0.045 -0.03669801151 2
0 0.015 0.055 -0.03336635682 2
0 0.015 0.065 -0.02944718554 2
0 0.015 0.075 -0.02489315214 2
0 0.015 0.085 -0.01984084283 2
0 0.015 0.095 -0.0144066276 2
0 0.015 0.105 -0.008680287757 2
0 0.015 0.115 -0.002764154204 2
0 0.015 0.125 0.003244010997 2
0 0.015 0.135 0.009265650325 2
0 0.015 0.145 0.0152295408 2
0 0.015 0.155 0.02091275974 2
0 0.015 0.165 0.02609508845 2
0 0.015 0.175 0.03051973924 2
0 0.015 0.185 0.03414932681 1
0 0.015 0.195 0.0373047155 1
0 0.015 0.205 0.04015915032 1
0 0.015 0.215 0.04290511428 1
0 0.015 0.225 0.04548259126 1
0 0.015 0.235 0.04793951181 1
0 0.015 0.245 0.04982921126 1
0 0.015 0.255 0.05117893005 2
0 0.015 0.265 0.05158143588 2
0 0.015 0.275 0.05084959673 2
0 0.015 0.285 0.0492118139 2
0 0.015 0.295 0.04671363301 2
0 0.015 0.305 0.04371541686 2
0 0.015 0.315 0.0402998505 2
0 0.015 0.325 0.03648557586 2
0 0.015 0.335 0.03214005305 2
0 0.015 0.345 0.02731037708 2
0 0.015 0.355 0.02219476057 1
0 0.015 0.365 0.01756924888 1
0 0.015 0.375 0.01370103603 1
0 0.015 0.385 0.01120265585 1
0 0.015 0.395 0.00842845289 1
0 0.015 0.405 0.004923536453 1
0 0.015 0.415 0.001876764086 1
0 0.015 0.425 0 1
0 0.015 0.435 0 2
0 0.015 0.445 0 2
0 0.015 0.455 0 2
0 0.015 0.465 0 2
0 0.025 -0.455 0 1
0 0.025 -0.445 0 1
0 0.025 -0.435 0 2
0 0.025 -0.425 0 2
0 0.025 -0.415 0.003165122021 2
0 0.025 -0.405 0.008062094811 2
0 0.025 -0.395 0.01329467484 2
0 0.025 -0.385 0.01663360736 2
0 0.025 -0.375 0.0184062017 2
0 0.025 -0.365 0.02108061332 2
0 0.025 -0.355 0.02369506273 2
0 0.025 -0.345 0.02639549063 2
0 0.025 -0.335 0.02903411369 2
0 0.025 -0.325 0.03157739646 2
0 0.025 -0.315 0.03397799783 2
0 0.025 -0.305 0.03619433189 2
0 0.025 -0.295 0.0381611105 2
0 0.025 -0.285 0.03970207601 2
0 0.025 -0.275 0.0404868331 2
0 0.025 -0.265 0.040767715 2
0 0.025 -0.255 0.04047239245 1
0 0.025 -0.245 0.0405031503 1
0 0.025 -0.235 0.04049974844 1
0 0.025 -0.225 0.04062267406 2
0 0.025 -0.215 0.04002802075 2
0 0.025 -0.205 0.03870775278 2
0 0.025 -0.195 0.0361920302 2
0 0.025 -0.185 0.03264401477 2
0 0.025 -0.175 0.02826434335 2
0 0.025 -0.165 0.0233902046 2
0 0.025 -0.155 0.01829536121 2
0 0.025 -0.145 0.01309830014 2
0 0.025 -0.135 0.007877423747 2
0 0.025 -0.125 0.002668362173 2
0 0.025 -0.115 -0.002463562625 2
0 0.025 -0.105 -0.007457712342 2
0 0.025 -0.095 -0.01225347037 2
0 0.025 -0.085 -0.01679031825 2
0 0.025 -0.075 -0.021018755 2
0 0.025 -0.065 -0.02489970945 2
0 0.025 -0.055 -0.02837160528 2
0 0.025 -0.045 -0.03138571923 2
0 0.025 -0.035 -0.03385473697 2
0 0.025 -0.025 -0.03577666731 2
0 0.025 -0.015 -0.03710631495 2
0 0.025 -0.005 -0.03788852025 2
0 0.025 0.005 -0.03803730346 2
0 0.025 0.015 -0.03759069436 2
0 0.025 0.025 -0.03632192959 2
0 0.025 0.035 -0.03429085035 2
0 0.025 0.045 -0.0315477645 2
0 0.025 0.055 -0.02818937733 2
0 0.025 0.065 -0.02448131385 2
0 0.025 0.075 -0.02043375768 2
0 0.025 0.085 -0.01613528103 2
0 0.025 0.095 -0.01159265423 2
0 0.025 0.105 -0.006840137541 2
0 0.025 0.115 -0.001951659216 2
0 0.025 0.125 0.002984941204 2
0 0.025 0.135 0.007863093965 2
0 0.025 0.145 0.01256933218 2
0 0.025 0.155 0.01693662674 2
0 0.025 0.165 0.02075031934 2
0 0.025 0.175 0.02373520727 1
0 0.025 0.185 0.02618701475 1
0 0.025 0.195 0.02841488375 1
0 0.025 0.205 0.03057908068 1
0 0.025 0.215 0.03261830191 1
0 0.025 0.225 0.03442308326 1
0 0.025 0.235 0.03608016836 1
0 0.025 0.245 0.03777975739 1
0 0.025 0.255 0.03944412519 1
0 0.025 0.265 0.04087523335 2
0 0.025 0.275 0.04143387893 2
0 0.025 0.285 0.04106299385 2
0 0.025 0.295 0.0396951896 2
0 0.025 0.305 0.03764248931 2
0 0.025 0.315 0.03520010082 2
0 0.025 0.325 0.03243954263 2
0 0.025 0.335 0.02924117113 2
0 0.025 0.345 0.025467864 2
0 0.025 0.355 0.02134457729 2
0 0.025 0.365 0.01722745965 1
0 0.025 0.375 0.01376910429 1
0 0.025 0.385 0.01167945292 1
0 0.025 0.395 0.009127704226 1
0 0.025 0.405 0.005520983992 1
0 0.025 0.415 0.002151388746 1
0 0.025 0.425 0 1
0 0.025 0.435 0 2
0 0.025 0.445 0 2
0 0.025 0.455 0 2
0 0.025 0.465 0 2
0 0.035 -0.455 0 1
0 0.035 -0.445 0 1
0 0.035 -0.435 0 2
0 0.035 -0.425 0 2
0 0.035 -0.415 0.003431676842 2
0 0.035 -0.405 0.008700676582 2
0 0.035 -0.395 0.01422550239 2
0 0.035 -0.385 0.0175274548 2
0 0.035 -0.375 0.01895071786 2
0 0.035 -0.365 0.02121713647 2
0 0.035 -0.355 0.02330920895 2
0 0.035 -0.345 0.02543530471 2
0 0.035 -0.335 0.02747658312 2
0 0.035 -0.325 0.02942256569 2
0 0.035 -0.315 0.03125103592 2
0 0.035 -0.305 0.03285569418 2
0 0.035 -0.295 0.03415317592 2
0 0.035 -0.285 0.03486885394 2
0 0.035 -0.275 0.03487073902 2
0 0.035 -0.265 0.03415219276 1
0 0.035 -0.255 0.03325571352 1
0 0.035 -0.245 0.0327058452 1
0 0.035 -0.235 0.03254933122 1
0 0.035 -0.225 0.03276398042 1
0 0.035 -0.215 0.03267912933 1
0 0.035 -0.205 0.03223288312 2
0 0.035 -0.195 0.0308877711 2
0 0.035 -0.185 0.02850472455 2
0 0.035 -0.175 0.02516116548 2
0 0.035 -0.165 0.02104010844 2
0 0.035 -0.155 0.01652314997 2
0 0.035 -0.145 0.01185633501 2
0 0.035 -0.135 0.007168960317 2
0 0.035 -0.125 0.00250346356 2
0 0.035 -0.115 -0.002093158481 2
0 0.035 -0.105 -0.006565055046 2
0 0.035 -0.095 -0.01086069991 2
0 0.035 -0.085 -0.0149276319 2
0 0.035 -0.075 -0.01871498222 2
0 0.035 -0.065 -0.02217480976 2
0 0.035 -0.055 -0.02525848775 2
0 0.035 -0.045 -0.02792606513 2
0 0.035 -0.035 -0.0301310986 2
0 0.035 -0.025 -0.03185970258 2
0 0.035 -0.015 -0.03309035267 2
0 0.035 -0.005 -0.0338260393 2
0 0.035 0.005 -0.03399635963 2
0 0.035 0.015 -0.03357070929 2
0 0.035 0.025 -0.03244614104 2
0 0.035 0.035 -0.03064253911 2
0 0.035 0.045 -0.02821224679 2
0 0.035 0.055 -0.0252458629 2
0 0.035 0.065 -0.02189739085 2
0 0.035 0.075 -0.01822727149 2
0 0.035 0.085 -0.01431057628 2
0 0.035 0.095 -0.01017576285 2
0 0.035 0.105 -0.005871240689 2
0 0.035 0.115 -0.001467118196 2
0 0.035 0.125 0.00295070456 2
0 0.035 0.135 0.007266992794 2
0 0.035 0.145 0.01135887615 2
0 0.035 0.155 0.01516088157 2
0 0.035 0.165 0.01843418962 2
0 0.035 0.175 0.02113686444 2
0 0.035 0.185 0.02342759855 1
0 0.035 0.195 0.02569087633 1
0 0.035 0.205 0.02779046333 1
0 0.035 0.215 0.02958146134 1
0 0.035 0.225 0.03096308188 1
0 0.035 0.235 0.03194555866 1
0 0.035 0.245 0.03296231126 1
0 0.035 0.255 0.03412786664 1
0 0.035 0.265 0.03555832638 1
0 0.035 0.275 0.03677115754 2
0 0.035 0.285 0.03700047229 2
0 0.035 0.295 0.0363766352 2
0 0.035 0.305 0.03495037778 2
0 0.035 0.315 0.03311368277 2
0 0.035 0.325 0.0309486174 2
0 0.035 0.335 0.02843648491 2
0 0.035 0.345 0.02530919871 2
0 0.035 0.355 0.02168870125 2
0 0.035 0.365 0.01775626914 1
0 0.035 0.375 0.01430229607 1
0 0.035 0.385 0.01212562046 1
0 0.035 0.395 0.009465416894 1
0 0.035 0.405 0.005729858376 1
0 0.035 0.415 0.002241843892 1
0 0.035 0.425 0 1
0 0.035 0.435 0 1
0 0.035 0.445 0 2
0 0.035 0.455 0 2
0 0.035 0.465 0 2
0 0.045 -0.455 0 1
0 0.045 -0.445 0 1
0 0.045 -0.435 0 2
0 0.045 -0.425 0 2
0 0.045 -0.415 0.00358349377 2
0 0.045 -0.405 0.009056318053 2
0 0.045 -0.395 0.01469501144 2
0 0.045 -0.385 0.01785654452 2
0 0.045 -0.375 0.01889938812 2
0 0.045 -0.365 0.02070922358 2
0 0.045 -0.355 0.02224928089 2
0 0.045 -0.345 0.02378330993 2
0 0.045 -0.335 0.02520877129 2
0 0.045 -0.325 0.02653881954 2
0 0.045 -0.315 0.02780284098 2
0 0.045 -0.305 0.02884418245 2
0 0.045 -0.295 0.02960920828 2
0 0.045 -0.285 0.0297829947 2
0 0.045 -0.275 0.02940686861 2
0 0.045 -0.265 0.02830710463 1
0 0.045 -0.255 0.02744699165 1
0 0.045 -0.245 0.02663504983 1
0 0.045 -0.235 0.02617882837 1
0 0.045 -0.225 0.02583071188 1
0 0.045 -0.215 0.0257265474 1
0 0.045 -0.205 0.02551999834 1
0 0.045 -0.195 0.02492075835 2
0 0.045 -0.185 0.02352387591 2
0 0.045 -0.175 0.02122408444 2
0 0.045 -0.165 0.01807499117 2
0 0.045 -0.155 0.01429131435 2
0 0.045 -0.145 0.01029142326 2
0 0.045 -0.135 0.006237978783 2
0 0.045 -0.125 0.002221252534 2
0 0.045 -0.115 -0.001739854724 2
0 0.045 -0.105 -0.005593450502 2
0 0.045 -0.095 -0.009297613645 2
0 0.045 -0.085 -0.01280831041 2
0 0.045 -0.075 -0.01608335563 2
0 0.045 -0.065 -0.0190814569 2
0 0.045 -0.055 -0.02176067483 2
0 0.045 -0.045 -0.02408366235 2
0 0.045 -0.035 -0.02601383335 2
0 0.045 -0.025 -0.02752397565 2
0 0.045 -0.015 -0.02858319147 2
0 0.045 -0.005 -0.02916974939 2
0 0.045 0.005 -0.02924738404 2
0 0.045 0.015 -0.02879929817 2
0 0.045 0.025 -0.0277980189 2
0 0.045 0.035 -0.02625666721 2
0 0.045 0.045 -0.02420858304 2
0 0.045 0.055 -0.0217074933 2
0 0.045 0.065 -0.01883083276 2
0 0.045 0.075 -0.01563836419 2
0 0.045 0.085 -0.012194247 2
0 0.045 0.095 -0.00855159249 2
0 0.045 0.105 -0.00476899084 2
0 0.045 0.115 -0.0009124849031 2
0 0.045 0.125 0.002936966612 2
0 0.045 0.135 0.00667270671 2
0 0.045 0.145 0.01017716742 2
0 0.045 0.155 0.01346521924 2
0 0.045 0.165 0.01636280465 2
0 0.045 0.175 0.01890308349 2
0 0.045 0.185 0.02094946192 1
0 0.045 0.195 0.02301932306 1
0 0.045 0.205 0.02497176032 1
0 0.045 0.215 0.02660553626 1
0 0.045 0.225 0.0278456311 1
0 0.045 0.235 0.028627776 1
0 0.045 0.245 0.02921446395 1
0 0.045 0.255 0.02987644831 1
0 0.045 0.265 0.0307615156 1
0 0.045 0.275 0.03201353841 2
0 0.045 0.285 0.03258692815 2
0 0.045 0.295 0.03251479524 2
0 0.045 0.305 0.03167323596 2
0 0.045 0.315 0.03038201891 2
0 0.045 0.325 0.02879410348 2
0 0.045 0.335 0.02691983511 2
0 0.045 0.345 0.02449949033 2
0 0.045 0.355 0.02146205488 2
0 0.045 0.365 0.01804900432 1
0 0.045 0.375 0.01468028574 1
0 0.045 0.385 0.01240307836 1
0 0.045 0.395 0.00954018663 1
0 0.045 0.405 0.005694178156 1
0 0.045 0.415 0.002224426593 1
0 0.045 0.425 0 1
0 0.045 0.435 0 1
0 0.045 0.445 0 2
0 0.045 0.455 0 2
0 0.045 0.465 0 2
0 0.055 -0.455 0 1
0 0.055 -0.445 0 2
0 0.055 -0.435 0 2
0 0.055 -0.425 0 2
0 0.055 -0.415 0.003666164646 2
0 0.055 -0.405 0.009231732733 2
0 0.055 -0.395 0.01484984528 2
0 0.055 -0.385 0.01776609887 2
0 0.055 -0.375 0.01835551126 2
0 0.055 -0.365 0.01965738042 2
0 0.055 -0.355 0.02068603714 2
0 0.055 -0.345 0.02177716395 2
0 0.055 -0.335 0.02281906451 2
0 0.055 -0.325 0.02382100538 2
0 0.055 -0.315 0.02474288457 2
0 0.055 -0.305 0.02548847527 2
0 0.055 -0.295 0.02601470984 2
0 0.055 -0.285 0.02606308449 2
0 0.055 -0.275 0.02574817735 2
0 0.055 -0.265 0.02488428573 1
0 0.055 -0.255 0.0243088013 1
0 0.055 -0.245 0.02352259246 1
0 0.055 -0.235 0.02282561223 1
0 0.055 -0.225 0.02191744296 1
0 0.055 -0.215 0.02132199109 1
0 0.055 -0.205 0.02080878419 1
0 0.055 -0.195 0.02026597717 1
0 0.055 -0.185 0.01939648833 2
0 0.055 -0.175 0.01766897868 2
0 0.055 -0.165 0.01532043213 2
0 0.055 -0.155 0.01225017991 2
0 0.055 -0.145 0.0088585431 2
0 0.055 -0.135 0.005352857986 2
0 0.055 -0.125 0.001893151334 2
0 0.055 -0.115 -0.001524603146 2
0 0.055 -0.105 -0.004851113075 2
0 0.055 -0.095 -0.008051707389 2
0 0.055 -0.085 -0.01108886146 2
0 0.055 -0.075 -0.01392694244 2
0 0.055 -0.065 -0.01653100111 2
0 0.055 -0.055 -0.01886588718 2
0 0.055 -0.045 -0.02089789557 2
0 0.055 -0.035 -0.02259378616 2
0 0.055 -0.025 -0.02392404614 2
0 0.055 -0.015 -0.02485887333 2
0 0.055 -0.005 -0.02537236367 2
0 0.055 0.005 -0.02543687503 2
0 0.055 0.015 -0.02503592689 2
0 0.055 0.025 -0.02415843847 2
0 0.055 0.035 -0.02281492936 2
0 0.055 0.045 -0.02103128017 2
0 0.055 0.055 -0.01884779354 2
0 0.055 0.065 -0.0163182385 2
0 0.055 0.075 -0.01349552856 2
0 0.055 0.085 -0.01043575355 2
0 0.055 0.095 -0.007192307843 2
0 0.055 0.105 -0.003821947128 2
0 0.055 0.115 -0.0003872727463 2
0 0.055 0.125 0.003038371956 2
0 0.055 0.135 0.006369545065 2
0 0.055 0.145 0.009490943185 2
0 0.055 0.155 0.01243638694 2
0 0.055 0.165 0.01518484447 2
0 0.055 0.175 0.01767050187 2
0 0.055 0.185 0.01972552448 1
0 0.055 0.195 0.02139107324 1
0 0.055 0.205 0.02301359806 1
0 0.055 0.215 0.02440385468 1
0 0.055 0.225 0.02553254479 1
0 0.055 0.235 0.02627941791 1
0 0.055 0.245 0.02675754758 1
0 0.055 0.255 0.0272356622 1
0 0.055 0.265 0.02787037548 1
0 0.055 0.275 0.02876071084 2
0 0.055 0.285 0.02948275359 2
0 0.055 0.295 0.02961287459 2
0 0.055 0.305 0.02912479433 2
0 0.055 0.315 0.02817432623 2
0 0.055 0.325 0.02696396092 2
0 0.055 0.335 0.02552047819 2
0 0.055 0.345 0.02368687581 2
0 0.055 0.355 0.02124576298 2
0 0.055 0.365 0.0184420064 2
0 0.055 0.375 0.01528356154 1
0 0.055 0.385 0.01283277897 1
0 0.055 0.395 0.00967588358 1
0 0.055 0.405 0.005624634579 1
0 0.055 0.415 0.002171855606 1
0 0.055 0.425 0 1
0 0.055 0.435 0 2
0 0.055 0.445 0 2
0 0.055 0.455 0 2
0 0.055 0.465 0 2
0 0.065 -0.455 0 2
0 0.065 -0.445 0 2
0 0.065 -0.435 0 2
0 0.065 -0.425 0 2
0 0.065 -0.415 0.003653382906 2
0 0.065 -0.405 0.009140477274 2
0 0.065 -0.395 0.01453846129 2
0 0.065 -0.385 0.01699690998 2
0 0.065 -0.375 0.01700773888 2
0 0.065 -0.365 0.01771168401 2
0 0.065 -0.355 0.01825945301 2
0 0.065 -0.345 0.01900102334 2
0 0.065 -0.335 0.01985608001 2
0 0.065 -0.325 0.02084647309 2
0 0.065 -0.315 0.02170603159 2
0 0.065 -0.305 0.02242673478 2
0 0.065 -0.295 0.02294485577 2
0 0.065 -0.285 0.02317391411 2
0 0.065 -0.275 0.02311906389 2
0 0.065 -0.265 0.02263070799 1
0 0.065 -0.255 0.02219633168 1
0 0.065 -0.245 0.02150529301 1
0 0.065 -0.235 0.02069773897 1
0 0.065 -0.225 0.01961194622 1
0 0.065 -0.215 0.01858820598 1
0 0.065 -0.205 0.01767628465 1
0 0.065 -0.195 0.01675372138 1
0 0.065 -0.185 0.01588810269 2
0 0.065 -0.175 0.01445737949 2
0 0.065 -0.165 0.01263624652 2
0 0.065 -0.155 0.01021217661 2
0 0.065 -0.145 0.007399000116 2
0 0.065 -0.135 0.004434156898 2
0 0.065 -0.125 0.001510239349 2
0 0.065 -0.115 -0.001384799373 2
0 0.065 -0.105 -0.004205222145 2
0 0.065 -0.095 -0.006922037038 2
0 0.065 -0.085 -0.009505691473 2
0 0.065 -0.075 -0.01192830551 2
0 0.065 -0.065 -0.01416252463 2
0 0.065 -0.055 -0.01617875875 2
0 0.065 -0.045 -0.01794591073 2
0 0.065 -0.035 -0.01943122871 2
0 0.065 -0.025 -0.02060253941 2
0 0.065 -0.015 -0.02142895018 2
0 0.065 -0.005 -0.02188364093 2
0 0.065 0.005 -0.02194402295 2
0 0.065 0.015 -0.02159650196 2
0 0.065 0.025 -0.02083588653 2
0 0.065 0.035 -0.01967046424 2
0 0.065 0.045 -0.01812024724 2
0 0.065 0.055 -0.01621605948 2
0 0.065 0.065 -0.01399801936 2
0 0.065 0.075 -0.01151014595 2
0 0.065 0.085 -0.00880033027 2
0 0.065 0.095 -0.005917920208 2
0 0.065 0.105 -0.002915338061 2
0 0.065 0.115 0.0001515071884 2
0 0.065 0.125 0.003219867226 2
0 0.065 0.135 0.006230255103 2
0 0.065 0.145 0.009085689099 2
0 0.065 0.155 0.01182462784 2
0 0.065 0.165 0.01451103804 2
0 0.065 0.175 0.0169865906 2
0 0.065 0.185 0.01925899388 2
0 0.065 0.195 0.02097505825 1
0 0.065 0.205 0.02229095969 1
0 0.065 0.215 0.02332960542 1
0 0.065 0.225 0.02405618408 1
0 0.065 0.235 0.02458240151 1
0 0.065 0.245 0.02491656552 1
0 0.065 0.255 0.02529782872 1
0 0.065 0.265 0.02588532694 1
0 0.065 0.275 0.02660299192 1
0 0.065 0.285 0.02722931161 2
0 0.065 0.295 0.02728790471 2
0 0.065 0.305 0.02688895468 2
0 0.065 0.315 0.02611954427 2
0 0.065 0.325 0.02512347043 2
0 0.065 0.335 0.0239677955 2
0 0.065 0.345 0.02262400094 2
0 0.065 0.355 0.02082080961 2
0 0.065 0.365 0.01860119376 2
0 0.065 0.375 0.01583960309 2
0 0.065 0.385 0.01336507955 1
0 0.065 0.395 0.009981020884 1
0 0.065 0.405 0.005675232653 1
0 0.065 0.415 0.002173893727 1
0 0.065 0.425 0 1
0 0.065 0.435 0 2
0 0.065 0.445 0 2
0 0.065 0.455 0 2
0 0.065 0.465 0 2
0 0.075 -0.455 0 2
0 0.075 -0.445 0 2
0 0.075 -0.435 0 2
0 0.075 -0.425 0 2
0 0.075 -0.415 0.003468493279 2
0 0.075 -0.405 0.008633230758 2
0 0.075 -0.395 0.01354828527 2
0 0.075 -0.385 0.01550443724 2
0 0.075 -0.375 0.0150633542 2
0 0.075 -0.365 0.01525214879 1
0 0.075 -0.355 0.01540872631 1
0 0.075 -0.345 0.0158996905 1
0 0.075 -0.335 0.01670336684 1
0 0.075 -0.325 0.01779799852 2
0 0.075 -0.315 0.01889737899 2
0 0.075 -0.305 0.01978706451 2
0 0.075 -0.295 0.02049656532 2
0 0.075 -0.285 0.02102632917 2
0 0.075 -0.275 0.0212061047 2
0 0.075 -0.265 0.02112367481 1
0 0.075 -0.255 0.02055925178 1
0 0.075 -0.245 0.019950892 1
0 0.075 -0.235 0.01905744841 1
0 0.075 -0.225 0.01796054274 1
0 0.075 -0.215 0.01675459633 1
0 0.075 -0.205 0.0155729695 1
0 0.075 -0.195 0.01437469069 1
0 0.075 -0.185 0.01315500256 1
0 0.075 -0.175 0.01180789013 2
0 0.075 -0.165 0.0101865869 2
0 0.075 -0.155 0.00824387397 2
0 0.075 -0.145 0.005960966862 2
0 0.075 -0.135 0.003514265282 2
0 0.075 -0.125 0.001085348052 2
0 0.075 -0.115 -0.001323226352 2
0 0.075 -0.105 -0.003671280294 2
0 0.075 -0.095 -0.0059330689 2
0 0.075 -0.085 -0.008089959314 2
0 0.075 -0.075 -0.01012363638 2
0 0.075 -0.065 -0.01201749288 2
0 0.075 -0.055 -0.01374789985 2
0 0.075 -0.045 -0.01528540384 2
0 0.075 -0.035 -0.01659492921 2
0 0.075 -0.025 -0.01764024402 2
0 0.075 -0.015 -0.01838832144 2
0 0.075 -0.005 -0.01881085897 2
0 0.075 0.005 -0.0188861593 2
0 0.075 0.015 -0.01860069573 2
0 0.075 0.025 -0.01795013144 2
0 0.075 0.035 -0.01694066682 2
0 0.075 0.045 -0.01558832455 2
0 0.075 0.055 -0.0139179593 2
0 0.075 0.065 -0.01196193518 2
0 0.075 0.075 -0.009757556646 2
0 0.075 0.085 -0.007346066215 2
0 0.075 0.095 -0.004771099217 2
0 0.075 0.105 -0.002078731968 2
0 0.075 0.115 0.0006836058972 2
0 0.075 0.125 0.003464646802 2
0 0.075 0.135 0.006223571897 2
0 0.075 0.145 0.008890109112 2
0 0.075 0.155 0.01149275365 2
0 0.075 0.165 0.01413113596 2
0 0.075 0.175 0.01672295421 2
0 0.075 0.185 0.01921838279 2
0 0.075 0.195 0.02131045722 2
0 0.075 0.205 0.02276103708 1
0 0.075 0.215 0.02384824731 1
0 0.075 0.225 0.02428999897 1
0 0.075 0.235 0.02467689681 1
0 0.075 0.245 0.02491294797 1
0 0.075 0.255 0.02517985727 1
0 0.075 0.265 0.02546190454 1
0 0.075 0.275 0.02588411852 2
0 0.075 0.285 0.02600125369 2
0 0.075 0.295 0.02578087785 2
0 0.075 0.305 0.02516804212 2
0 0.075 0.315 0.02433890458 2
0 0.075 0.325 0.02338108201 2
0 0.075 0.335 0.02236344367 2
0 0.075 0.345 0.02130971698 2
0 0.075 0.355 0.02003657414 2
0 0.075 0.365 0.01840665798 2
0 0.075 0.375 0.01615430801 2
0 0.075 0.385 0.01393256276 2
0 0.075 0.395 0.01052327407 1
0 0.075 0.405 0.005958920096 1
0 0.075 0.415 0.00228756529 1
0 0.075 0.425 0 2
0 0.075 0.435 0 2
0 0.075 0.445 0 2
0 0.075 0.455 0 2
0 0.075 0.465 0 2
0 0.085 -0.455 0 1
0 0.085 -0.445 0 1
0 0.085 -0.435 0 1
0 0.085 -0.425 0 1
0 0.085 -0.415 0.003078385389 1
0 0.085 -0.405 0.007619927289 1
0 0.085 -0.395 0.01183605594 1
0 0.085 -0.385 0.01349928488 2
0 0.085 -0.375 0.0129003656 1
0 0.085 -0.365 0.01292487429 1
0 0.085 -0.355 0.01299499181 1
0 0.085 -0.345 0.01343121687 1
0 0.085 -0.335 0.0142315125 1
0 0.085 -0.325 0.01527082562 1
0 0.085 -0.315 0.0165528135 2
0 0.085 -0.305 0.01761769826 2
0 0.085 -0.295 0.0186140747 2
0 0.085 -0.285 0.01949572019 2
0 0.085 -0.275 0.01995460638 2
0 0.085 -0.265 0.02022973011 2
0 0.085 -0.255 0.01956294338 1
0 0.085 -0.245 0.01888356563 1
0 0.085 -0.235 0.01783513412 1
0 0.085 -0.225 0.01662041015 1
0 0.085 -0.215 0.0153752061 1
0 0.085 -0.205 0.01401480226 1
0 0.085 -0.195 0.01261934623 1
0 0.085 -0.185 0.01105620772 1
0 0.085 -0.175 0.009651481653 2
0 0.085 -0.165 0.008061472803 2
0 0.085 -0.155 0.006404194414 2
0 0.085 -0.145 0.004560691614 2
0 0.085 -0.135 0.00261140028 2
0 0.085 -0.125 0.0006425972414 2
0 0.085 -0.115 -0.001308798647 2
0 0.085 -0.105 -0.003211915912 2
0 0.085 -0.095 -0.005036704602 2
0 0.085 -0.085 -0.006781244885 2
0 0.085 -0.075 -0.008440849531 2
0 0.085 -0.065 -0.01001511528 2
0 0.085 -0.055 -0.01148578692 2
0 0.085 -0.045 -0.01282444279 2
0 0.085 -0.035 -0.01399119272 2
0 0.085 -0.025 -0.01494225459 2
0 0.085 -0.015 -0.01563966155 2
0 0.085 -0.005 -0.01605140978 2
0 0.085 0.005 -0.01615518054 2
0 0.085 0.015 -0.01593655638 2
0 0.085 0.025 -0.01539085926 2
0 0.085 0.035 -0.01452247778 2
0 0.085 0.045 -0.01334457344 2
0 0.085 0.055 -0.01187786701 2
0 0.085 0.065 -0.01014947849 2
0 0.085 0.075 -0.008191300634 2
0 0.085 0.085 -0.006038868719 2
0 0.085 0.095 -0.003730057943 2
0 0.085 0.105 -0.00130444608 2
0 0.085 0.115 0.00119857652 2
0 0.085 0.125 0.003738785072 2
0 0.085 0.135 0.006285730102 2
0 0.085 0.145 0.008804290536 2
0 0.085 0.155 0.01130773406 2
0 0.085 0.165 0.01386198646 2
0 0.085 0.175 0.01652493799 2
0 0.085 0.185 0.01923413318 2
0 0.085 0.195 0.02173385401 2
0 0.085 0.205 0.02365214154 2
0 0.085 0.215 0.02502274638 2
0 0.085 0.225 0.02576342495 1
0 0.085 0.235 0.02626150207 1
0 0.085 0.245 0.02641027989 1
0 0.085 0.255 0.02640308054 1
0 0.085 0.265 0.02623146135 1
0 0.085 0.275 0.02596566012 2
0 0.085 0.285 0.02537719376 2
0 0.085 0.295 0.0246324152 2
0 0.085 0.305 0.02368073504 2
0 0.085 0.315 0.02267352424 2
0 0.085 0.325 0.0216214414 2
0 0.085 0.335 0.02060391045 2
0 0.085 0.345 0.01967598763 2
0 0.085 0.355 0.01876168809 2
0 0.085 0.365 0.01772725945 2
0 0.085 0.375 0.01614669882 2
0 0.085 0.385 0.01449236671 2
0 0.085 0.395 0.01134968999 2
0 0.085 0.405 0.006575291111 2
0 0.085 0.415 0.002568565224 2
0 0.085 0.425 0 2
0 0.085 0.435 0 2
0 0.085 0.445 0 2
0 0.085 0.455 0 2
0 0.085 0.465 0 2
0 0.095 -0.455 0 1
0 0.095 -0.445 0 1
0 0.095 -0.435 0 1
0 0.095 -0.425 0 1
0 0.095 -0.415 0.002573841429 1
0 0.095 -0.405 0.006348932506 1
0 0.095 -0.395 0.009856112971 1
0 0.095 -0.385 0.01133718767 1
0 0.095 -0.375 0.01094529145 1
0 0.095 -0.365 0.01118848163 1
0 0.095 -0.355 0.01145244647 1
0 0.095 -0.345 0.01200348606 1
0 0.095 -0.335 0.01272879323 1
0 0.095 -0.325 0.01358617027 1
0 0.095 -0.315 0.01478864056 2
0 0.095 -0.305 0.01604980607 2
0 0.095 -0.295 0.01723749709 2
0 0.095 -0.285 0.0183695557 2
0 0.095 -0.275 0.01920067907 2
0 0.095 -0.265 0.01977338336 2
0 0.095 -0.255 0.01940717249 1
0 0.095 -0.245 0.01848009085 1
0 0.095 -0.235 0.01721819527 1
0 0.095 -0.225 0.01576341465 1
0 0.095 -0.215 0.01435472805 1
0 0.095 -0.205 0.01280113272 1
0 0.095 -0.195 0.01118421996 1
0 0.095 -0.185 0.00939262874 1
0 0.095 -0.175 0.007778289518 2
0 0.095 -0.165 0.006156013964 2
0 0.095 -0.155 0.004685271711 2
0 0.095 -0.145 0.003202789447 2
0 0.095 -0.135 0.001708255335 2
0 0.095 -0.125 0.0001396483434 2
0 0.095 -0.115 -0.001394131831 2
0 0.095 -0.105 -0.002867190597 2
0 0.095 -0.095 -0.004233956127 2
0 0.095 -0.085 -0.005533378384 2
0 0.095 -0.075 -0.006783895575 2
0 0.095 -0.065 -0.008052523159 2
0 0.095 -0.055 -0.009315876015 2
0 0.095 -0.045 -0.01051537983 2
0 0.095 -0.035 -0.01158956137 2
0 0.095 -0.025 -0.01247955337 2
0 0.095 -0.015 -0.0131561341 2
0 0.095 -0.005 -0.01358045778 2
0 0.095 0.005 -0.01372759474 2
0 0.095 0.015 -0.01358119484 2
0 0.095 0.025 -0.01313644666 2
0 0.095 0.035 -0.01239660998 2
0 0.095 0.045 -0.01137302738 2
0 0.095 0.055 -0.01008373281 2
0 0.095 0.065 -0.008552303874 2
0 0.095 0.075 -0.006806548666 2
0 0.095 0.085 -0.004877402969 2
0 0.095 0.095 -0.002797696852 2
0 0.095 0.105 -0.0006012059691 2
0 0.095 0.115 0.00167929924 2
0 0.095 0.125 0.004012497429 2
0 0.095 0.135 0.006374856615 2
0 0.095 0.145 0.008750975396 2
0 0.095 0.155 0.01114470376 2
0 0.095 0.165 0.01358747818 2
0 0.095 0.175 0.0161460258 2
0 0.095 0.185 0.01882194478 2
0 0.095 0.195 0.02149470398 2
0 0.095 0.205 0.02397730601 2
0 0.095 0.215 0.02587350484 2
0 0.095 0.225 0.02724732029 2
0 0.095 0.235 0.02799099271 2
0 0.095 0.245 0.02824757695 2
0 0.095 0.255 0.02796592705 2
0 0.095 0.265 0.02731595573 2
0 0.095 0.275 0.02620559347 2
0 0.095 0.285 0.02496307408 2
0 0.095 0.295 0.02362118456 2
0 0.095 0.305 0.02232310668 2
0 0.095 0.315 0.02106919824 2
0 0.095 0.325 0.01984334001 2
0 0.095 0.335 0.01873273758 2
0 0.095 0.345 0.01782224804 2
0 0.095 0.355 0.01713063546 2
0 0.095 0.365 0.01655616332 2
0 0.095 0.375 0.01565547343 2
0 0.095 0.385 0.01480163286 2
0 0.095 0.395 0.0121130794 2
0 0.095 0.405 0.007198889151 2
0 0.095 0.415 0.002880120565 2
0 0.095 0.425 0 2
0 0.095 0.435 0 2
0 0.095 0.445 0 2
0 0.095 0.455 0 2
0 0.095 0.465 0 2
0 0.105 -0.455 0 1
0 0.105 -0.445 0 1
0 0.105 -0.435 0 1
0 0.105 -0.425 0 1
0 0.105 -0.415 0.002038665865 1
0 0.105 -0.405 0.005029814002 1
0 0.105 -0.395 0.007985626814 1
0 0.105 -0.385 0.009393520228 1
0 0.105 -0.375 0.009445457495 1
0 0.105 -0.365 0.0100280302 1
0 0.105 -0.355 0.01063483277 1
0 0.105 -0.345 0.01136596831 1
0 0.105 -0.335 0.01202090644 1
0 0.105 -0.325 0.01276669607 1
0 0.105 -0.315 0.01370279368 1
0 0.105 -0.305 0.0150217197 2
0 0.105 -0.295 0.01628448371 2
0 0.105 -0.285 0.01760195167 2
0 0.105 -0.275 0.01876904206 2
0 0.105 -0.265 0.0195656979 2
0 0.105 -0.255 0.01970648914 2
0 0.105 -0.245 0.01898593006 1
0 0.105 -0.235 0.01763248409 1
0 0.105 -0.225 0.01595037816 1
0 0.105 -0.215 0.01410123752 1
0 0.105 -0.205 0.01217209344 1
0 0.105 -0.195 0.01017518835 1
0 0.105 -0.185 0.008151207752 1
0 0.105 -0.175 0.006235461157 2
0 0.105 -0.165 0.004512985222 2
0 0.105 -0.155 0.003123201585 2
0 0.105 -0.145 0.001952338405 2
0 0.105 -0.135 0.0008995729264 2
0 0.105 -0.125 -0.0002610575961 2
0 0.105 -0.115 -0.001401207622 2
0 0.105 -0.105 -0.002494310116 2
0 0.105 -0.095 -0.003459195143 2
0 0.105 -0.085 -0.004365648367 2
0 0.105 -0.075 -0.005211075958 2
0 0.105 -0.065 -0.006165086293 2
0 0.105 -0.055 -0.007212189752 2
0 0.105 -0.045 -0.008295210144 2
0 0.105 -0.035 -0.00932489283 2
0 0.105 -0.025 -0.01020392398 2
0 0.105 -0.015 -0.01089994402 2
0 0.105 -0.005 -0.01135933052 2
0 0.105 0.005 -0.0115647355 2
0 0.105 0.015 -0.0114963434 2
0 0.105 0.025 -0.01114963514 2
0 0.105 0.035 -0.01052796969 2
0 0.105 0.045 -0.009642067455 2
0 0.105 0.055 -0.008508483981 2
0 0.105 0.065 -0.00714853803 2
0 0.105 0.075 -0.005587072652 2
0 0.105 0.085 -0.003851459057 2
0 0.105 0.095 -0.001970454337 2
0 0.105 0.105 2.683804488e-05 2
0 0.105 0.115 0.00211261005 2
0 0.105 0.125 0.004261665126 2
0 0.105 0.135 0.006454678999 2
0 0.105 0.145 0.008681340095 2
0 0.105 0.155 0.01094066822 2
0 0.105 0.165 0.01324020284 2
0 0.105 0.175 0.01562540567 2
0 0.105 0.185 0.01809679038 2
0 0.105 0.195 0.02059782613 2
0 0.105 0.205 0.02312204443 2
0 0.105 0.215 0.02527920283 2
0 0.105 0.225 0.02709296362 2
0 0.105 0.235 0.0281539812 2
0 0.105 0.245 0.02856927041 2
0 0.105 0.255 0.02816392511 2
0 0.105 0.265 0.02721176276 2
0 0.105 0.275 0.02566487998 2
0 0.105 0.285 0.02408957698 2
0 0.105 0.295 0.02245610434 2
0 0.105 0.305 0.02093884593 2
0 0.105 0.315 0.01945558971 2
0 0.105 0.325 0.01805108128 2
0 0.105 0.335 0.01683703259 2
0 0.105 0.345 0.01590624564 2
0 0.105 0.355 0.01529524418 2
0 0.105 0.365 0.0149678512 2
0 0.105 0.375 0.01454680063 2
0 0.105 0.385 0.01452661554 2
0 0.105 0.395 0.01245542976 2
0 0.105 0.405 0.007687846064 2
0 0.105 0.415 0.003138529749 2
0 0.105 0.425 0 2
0 0.105 0.435 0 2
0 0.105 0.445 0 2
0 0.105 0.455 0 2
0 0.105 0.465 0 2
0 0.115 -0.455 0 1
0 0.115 -0.445 0 1
0 0.115 -0.435 0 1
0 0.115 -0.425 0 1
0 0.115 -0.415 0.001517943696 1
0 0.115 -0.405 0.003813868638 1
0 0.115 -0.395 0.00631137621 1
0 0.115 -0.385 0.007772974216 1
0 0.115 -0.375 0.008376758581 1
0 0.115 -0.365 0.009295567275 1
0 0.115 -0.355 0.01015735605 1
0 0.115 -0.345 0.01097580285 1
0 0.115 -0.335 0.01163488841 1
0 0.115 -0.325 0.01237823218 1
0 0.115 -0.315 0.01320987602 1
0 0.115 -0.305 0.01447554017 2
0 0.115 -0.295 0.01574780358 2
0 0.115 -0.285 0.01712879945 2
0 0.115 -0.275 0.01846045139 2
0 0.115 -0.265 0.0195362941 2
0 0.115 -0.255 0.02007583917 2
0 0.115 -0.245 0.01984596237 2
0 0.115 -0.235 0.01874215519 1
0 0.115 -0.225 0.01714268663 1
0 0.115 -0.215 0.01490552658 1
0 0.115 -0.205 0.01256225788 1
0 0.115 -0.195 0.0100473119 1
0 0.115 -0.185 0.007642761721 1
0 0.115 -0.175 0.005214896664 2
0 0.115 -0.165 0.003245325039 2
0 0.115 -0.155 0.001866986376 2
0 0.115 -0.145 0.0009842157664 2
0 0.115 -0.135 0.0002642838894 2
0 0.115 -0.125 -0.0005083929661 2
0 0.115 -0.115 -0.001200093 2
0 0.115 -0.105 -0.001919887147 2
0 0.115 -0.095 -0.002613446086 2
0 0.115 -0.085 -0.003257851582 2
0 0.115 -0.075 -0.003788820317 2
0 0.115 -0.065 -0.004421387266 2
0 0.115 -0.055 -0.005227559217 2
0 0.115 -0.045 -0.006186613944 2
0 0.115 -0.035 -0.007181986738 2
0 0.115 -0.025 -0.008085263911 2
0 0.115 -0.015 -0.008845168059 2
0 0.115 -0.005 -0.009369271092 2
0 0.115 0.005 -0.009645653131 2
0 0.115 0.015 -0.009660339793 2
0 0.115 0.025 -0.009408661819 2
0 0.115 0.035 -0.008895368064 2
0 0.115 0.045 -0.008132091708 2
0 0.115 0.055 -0.007134964549 2
0 0.115 0.065 -0.005924146344 2
0 0.115 0.075 -0.004522520575 2
0 0.115 0.085 -0.002954871022 2
0 0.115 0.095 -0.001246898986 2
0 0.115 0.105 0.0005757386234 2
0 0.115 0.115 0.002488684974 2
0 0.115 0.125 0.004470195963 2
0 0.115 0.135 0.006502839967 2
0 0.115 0.145 0.008574699073 2
0 0.115 0.155 0.01068209996 2
0 0.115 0.165 0.01282174606 2
0 0.115 0.175 0.01500284911 2
0 0.115 0.185 0.0172240211 2
0 0.115 0.195 0.01945161864 2
0 0.115 0.205 0.02167160981 2
0 0.115 0.215 0.02366807847 2
0 0.115 0.225 0.02540042709 2
0 0.115 0.235 0.02649723606 2
0 0.115 0.245 0.02693804103 2
0 0.115 0.255 0.02660099139 2
0 0.115 0.265 0.02569094986 2
0 0.115 0.275 0.02426356374 2
0 0.115 0.285 0.02272312518 2
0 0.115 0.295 0.02110067567 2
0 0.115 0.305 0.01949310825 2
0 0.115 0.315 0.01786323624 2
0 0.115 0.325 0.01631263513 2
0 0.115 0.335 0.01498506125 2
0 0.115 0.345 0.01401665411 2
0 0.115 0.355 0.01332308562 2
0 0.115 0.365 0.01304441655 2
0 0.115 0.375 0.01286764055 2
0 0.115 0.385 0.01347543342 2
0 0.115 0.395 0.01197885609 2
0 0.115 0.405 0.007691427704 2
0 0.115 0.415 0.003184501354 2
0 0.115 0.425 0 2
0 0.115 0.435 0 2
0 0.115 0.445 0 2
0 0.115 0.455 0 2
0 0.115 0.465 0 2
0 0.125 -0.455 0 1
0 0.125 -0.445 0 1
0 0.125 -0.435 0 1
0 0.125 -0.425 0 1
0 0.125 -0.415 0.0009606293216 1
0 0.125 -0.405 0.002580723163 1
0 0.125 -0.395 0.00466358826 1
0 0.125 -0.385 0.006299134528 1
0 0.125 -0.375 0.00750602477 1
0 0.125 -0.365 0.008714627845 1
0 0.125 -0.355 0.009711619796 1
0 0.125 -0.345 0.01057118219 1
0 0.125 -0.335 0.01127890241 1
0 0.125 -0.325 0.01207817942 1
0 0.125 -0.315 0.01301394081 1
0 0.125 -0.305 0.01424560606 2
0 0.125 -0.295 0.01550981545 2
0 0.125 -0.285 0.01682766646 2
0 0.125 -0.275 0.01810913102 2
0 0.125 -0.265 0.01931711726 2
0 0.125 -0.255 0.02015415205 2
0 0.125 -0.245 0.02039567919 2
0 0.125 -0.235 0.01980294358 2
0 0.125 -0.225 0.01846537916 2
0 0.125 -0.215 0.0163274941 1
0 0.125 -0.205 0.01374532513 1
0 0.125 -0.195 0.01069518995 1
0 0.125 -0.185 0.007696734026 2
0 0.125 -0.175 0.004752490428 2
0 0.125 -0.165 0.002541643868 2
0 0.125 -0.155 0.001099330015 2
0 0.125 -0.145 0.0003763018354 2
0 0.125 -0.135 -0.0001118916758 2
0 0.125 -0.125 -0.0005028099041 2
0 0.125 -0.115 -0.0007959074851 2
0 0.125 -0.105 -0.001210567453 2
0 0.125 -0.095 -0.001702372717 2
0 0.125 -0.085 -0.002147771832 2
0 0.125 -0.075 -0.002525035838 2
0 0.125 -0.065 -0.002935083999 2
0 0.125 -0.055 -0.00352409894 2
0 0.125 -0.045 -0.004285629357 2
0 0.125 -0.035 -0.005203089775 2
0 0.125 -0.025 -0.006129867574 2
0 0.125 -0.015 -0.006973608129 2
0 0.125 -0.005 -0.007593241298 2
0 0.125 0.005 -0.007956816184 2
0 0.125 0.015 -0.008056548398 2
0 0.125 0.025 -0.007895639391 2
0 0.125 0.035 -0.007480515345 2
0 0.125 0.045 -0.006825403117 2
0 0.125 0.055 -0.005947074142 2
0 0.125 0.065 -0.004865431614 2
0 0.125 0.075 -0.003602254102 2
0 0.125 0.085 -0.002180568022 2
0 0.125 0.095 -0.000623912156 2
0 0.125 0.105 0.001044433521 2
0 0.125 0.115 0.002802330065 2
0 0.125 0.125 0.004629691336 2
0 0.125 0.135 0.006509420843 2
0 0.125 0.145 0.008427587697 2
0 0.125 0.155 0.01037432631 2
0 0.125 0.165 0.0123409933 2
0 0.125 0.175 0.01431537477 2
0 0.125 0.185 0.01628022234 2
0 0.125 0.195 0.0182067821 2
0 0.125 0.205 0.02006570686 2
0 0.125 0.215 0.02173707524 2
0 0.125 0.225 0.02314242655 2
0 0.125 0.235 0.02408653743 2
0 0.125 0.245 0.0245032647 2
0 0.125 0.255 0.02431305997 2
0 0.125 0.265 0.023621092 2
0 0.125 0.275 0.02251148725 2
0 0.125 0.285 0.02117992295 2
0 0.125 0.295 0.01969400104 2
0 0.125 0.305 0.01807285852 2
0 0.125 0.315 0.01638255915 2
0 0.125 0.325 0.01475620842 2
0 0.125 0.335 0.0132892209 2
0 0.125 0.345 0.01214054066 2
0 0.125 0.355 0.01127040946 1
0 0.125 0.365 0.01096105465 1
0 0.125 0.375 0.01088796058 1
0 0.125 0.385 0.01184877275 1
0 0.125 0.395 0.0108981939 1
0 0.125 0.405 0.007263046431 2
0 0.125 0.415 0.003036901744 2
0 0.125 0.425 0 2
0 0.125 0.435 0 2
0 0.125 0.445 0 2
0 0.125 0.455 0 2
0 0.125 0.465 0 2
0 0.135 -0.455 0 1
0 0.135 -0.445 0 1
0 0.135 -0.435 0 1
0 0.135 -0.425 0 1
0 0.135 -0.415 0.0003997698374 1
0 0.135 -0.405 0.001281941258 1
0 0.135 -0.395 0.002952230778 1
0 0.135 -0.385 0.004726276424 1
0 0.135 -0.375 0.006489652824 1
0 0.135 -0.365 0.007995874501 1
0 0.135 -0.355 0.009186763874 1
0 0.135 -0.345 0.01014144529 1
0 0.135 -0.335 0.01091005268 1
0 0.135 -0.325 0.01180018709 1
0 0.135 -0.315 0.01290482529 1
0 0.135 -0.305 0.0142023166 2
0 0.135 -0.295 0.01546208149 2
0 0.135 -0.285 0.01665607785 2
0 0.135 -0.275 0.01776779585 2
0 0.135 -0.265 0.01882947278 2
0 0.135 -0.255 0.01969729351 2
0 0.135 -0.245 0.02019973701 2
0 0.135 -0.235 0.0201217509 2
0 0.135 -0.225 0.01913417501 2
0 0.135 -0.215 0.01734577074 2
0 0.135 -0.205 0.01476310767 2
0 0.135 -0.195 0.01159873519 2
0 0.135 -0.185 0.008168390057 2
0 0.135 -0.175 0.004900579155 2
0 0.135 -0.165 0.002510349631 2
0 0.135 -0.155 0.0008747211634 2
0 0.135 -0.145 0.0001344977731 2
0 0.135 -0.135 -9.352102855e-05 1
0 0.135 -0.125 -0.00015558321 2
0 0.135 -0.115 -0.0003618235399 2
0 0.135 -0.105 -0.0007094061689 1
0 0.135 -0.095 -0.0009520942743 1
0 0.135 -0.085 -0.001113528411 1
0 0.135 -0.075 -0.001340275623 2
0 0.135 -0.065 -0.001668826761 2
0 0.135 -0.055 -0.002166611405 2
0 0.135 -0.045 -0.002722128708 2
0 0.135 -0.035 -0.003481375085 2
0 0.135 -0.025 -0.004398570835 2
0 0.135 -0.015 -0.005307758259 2
0 0.135 -0.005 -0.006034252542 2
0 0.135 0.005 -0.006496652901 2
0 0.135 0.015 -0.006676953284 2
0 0.135 0.025 -0.006598958501 2
0 0.135 0.035 -0.006270125368 2
0 0.135 0.045 -0.005708166784 2
0 0.135 0.055 -0.004931601876 2
0 0.135 0.065 -0.003960683278 2
0 0.135 0.075 -0.002816727536 2
0 0.135 0.085 -0.001521621738 2
0 0.135 0.095 -9.742596464e-05 2
0 0.135 0.105 0.001434159977 2
0 0.135 0.115 0.003052346738 2
0 0.135 0.125 0.004737768251 2
0 0.135 0.135 0.006472946476 2
0 0.135 0.145 0.008242152077 2
0 0.135 0.155 0.01003099761 2
0 0.135 0.165 0.01182487688 2
0 0.135 0.175 0.01360600428 2
0 0.135 0.185 0.0153512892 2
0 0.135 0.195 0.01702222062 2
0 0.135 0.205 0.01857202477 2
0 0.135 0.215 0.01992389282 2
0 0.135 0.225 0.02101027642 2
0 0.135 0.235 0.02173999813 2
0 0.135 0.245 0.0220721968 2
0 0.135 0.255 0.02198084251 2
0 0.135 0.265 0.02150466178 2
0 0.135 0.275 0.02068857247 2
0 0.135 0.285 0.0196057129 2
0 0.135 0.295 0.01830932325 2
0 0.135 0.305 0.0167555503 2
0 0.135 0.315 0.01510083141 2
0 0.135 0.325 0.01350203189 2
0 0.135 0.335 0.01199439403 2
0 0.135 0.345 0.01064052193 2
0 0.135 0.355 0.009699184481 1
0 0.135 0.365 0.009311034236 1
0 0.135 0.375 0.009214929712 1
0 0.135 0.385 0.01008701304 1
0 0.135 0.395 0.009362278028 1
0 0.135 0.405 0.006328351573 2
0 0.135 0.415 0.002673301185 2
0 0.135 0.425 0 2
0 0.135 0.435 0 2
0 0.135 0.445 0 2
0 0.135 0.455 0 2
0 0.135 0.465 0 2
0 0.145 -0.455 0 2
0 0.145 -0.445 0 2
0 0.145 -0.435 0 1
0 0.145 -0.425 0 1
0 0.145 -0.415 -7.360880839e-05 1
0 0.145 -0.405 0.0001056595137 1
0 0.145 -0.395 0.001392045642 1
0 0.145 -0.385 0.00319585865 1
0 0.145 -0.375 0.005321860836 1
0 0.145 -0.365 0.006998953613 1
0 0.145 -0.355 0.00840406288 1
0 0.145 -0.345 0.009540552453 1
0 0.145 -0.335 0.01049421512 1
0 0.145 -0.325 0.01159005744 1
0 0.145 -0.315 0.01288657316 1
0 0.145 -0.305 0.01431671438 2
0 0.145 -0.295 0.01553640741 2
0 0.145 -0.285 0.01653988625 2
0 0.145 -0.275 0.01737224874 2
0 0.145 -0.265 0.01814067917 2
0 0.145 -0.255 0.01881709139 2
0 0.145 -0.245 0.01924963159 2
0 0.145 -0.235 0.01932110794 2
0 0.145 -0.225 0.01865091219 2
0 0.145 -0.215 0.01727954139 2
0 0.145 -0.205 0.01498988096 2
0 0.145 -0.195 0.01198213684 2
0 0.145 -0.185 0.008544864793 2
0 0.145 -0.175 0.005364163344 2
0 0.145 -0.165 0.002981995098 2
0 0.145 -0.155 0.001261374653 1
0 0.145 -0.145 0.0004792730747 1
0 0.145 -0.135 0.0002595353361 1
0 0.145 -0.125 0.0002464433045 1
0 0.145 -0.115 9.298736097e-05 1
0 0.145 -0.105 -0.000247586044 1
0 0.145 -0.095 -0.000440533169 1
0 0.145 -0.085 -0.0006371647347 1
0 0.145 -0.075 -0.0008340870621 1
0 0.145 -0.065 -0.0009597652793 1
0 0.145 -0.055 -0.001177239616 2
0 0.145 -0.045 -0.001552839264 2
0 0.145 -0.035 -0.002147181216 2
0 0.145 -0.025 -0.002973495961 2
0 0.145 -0.015 -0.003896674607 2
0 0.145 -0.005 -0.004701339801 2
0 0.145 0.005 -0.005262674747 2
0 0.145 0.015 -0.005518550431 2
0 0.145 0.025 -0.00551038711 2
0 0.145 0.035 -0.00525337641 2
0 0.145 0.045 -0.004768302472 2
0 0.145 0.055 -0.004076490393 2
0 0.145 0.065 -0.003198797163 2
0 0.145 0.075 -0.002156435581 2
0 0.145 0.085 -0.0009705114412 2
0 0.145 0.095 0.0003379601655 2
0 0.145 0.105 0.00174836174 2
0 0.145 0.115 0.003240749358 2
0 0.145 0.125 0.004796101699 2
0 0.145 0.135 0.006396440567 2
0 0.145 0.145 0.008024612052 2
0 0.145 0.155 0.00966356941 2
0 0.145 0.165 0.01129518452 2
0 0.145 0.175 0.01289831837 2
0 0.145 0.185 0.01444742353 2
0 0.145 0.195 0.01590814124 2
0 0.145 0.205 0.0172389608 2
0 0.145 0.215 0.01838560426 2
0 0.145 0.225 0.01929653432 2
0 0.145 0.235 0.01991719517 2
0 0.145 0.245 0.02021632048 2
0 0.145 0.255 0.02017811085 2
0 0.145 0.265 0.01981722298 2
0 0.145 0.275 0.01915976093 2
0 0.145 0.285 0.01823653592 2
0 0.145 0.295 0.01708659847 2
0 0.145 0.305 0.01563764402 2
0 0.145 0.315 0.01408824924 2
0 0.145 0.325 0.01254835558 2
0 0.145 0.335 0.01107534441 2
0 0.145 0.345 0.009646354034 1
0 0.145 0.355 0.008725120534 1
0 0.145 0.365 0.008209440291 1
0 0.145 0.375 0.007967022687 1
0 0.145 0.385 0.008431944622 1
0 0.145 0.395 0.00765682405 1
0 0.145 0.405 0.00512663425 1
0 0.145 0.415 0.002169980323 2
0 0.145 0.425 0 2
0 0.145 0.435 0 2
0 0.145 0.445 0 2
0 0.145 0.455 0 2
0 0.145 0.465 0 2
0 0.155 -0.455 0 2
0 0.155 -0.445 0 2
0 0.155 -0.435 0 2
0 0.155 -0.425 0 2
0 0.155 -0.415 -0.0003531307169 2
0 0.155 -0.405 -0.0006342343031 2
0 0.155 -0.395 0.0002853903937 2
0 0.155 -0.385 0.001947870087 2
0 0.155 -0.375 0.004171769095 2
0 0.155 -0.365 0.005844894316 1
0 0.155 -0.355 0.007398782394 1
0 0.155 -0.345 0.008801897121 1
0 0.155 -0.335 0.01020137333 1
0 0.155 -0.325 0.01164857109 1
0 0.155 -0.315 0.01316872235 1
0 0.155 -0.305 0.01459806673 2
0 0.155 -0.295 0.01569063719 2
0 0.155 -0.285 0.01644558847 2
0 0.155 -0.275 0.016968941 2
0 0.155 -0.265 0.01740078063 2
0 0.155 -0.255 0.01780135931 2
0 0.155 -0.245 0.01802704912 2
0 0.155 -0.235 0.01798875817 2
0 0.155 -0.225 0.0174325078 2
0 0.155 -0.215 0.01630101931 2
0 0.155 -0.205 0.01440669628 2
0 0.155 -0.195 0.01188600058 2
0 0.155 -0.185 0.00900970468 2
0 0.155 -0.175 0.006264656433 2
0 0.155 -0.165 0.003979876238 2
0 0.155 -0.155 0.002192458999 1
0 0.155 -0.145 0.001222549089 1
0 0.155 -0.135 0.0007952986426 1
0 0.155 -0.125 0.0006221903903 1
0 0.155 -0.115 0.0003804439599 1
0 0.155 -0.105 -2.724353995e-05 1
0 0.155 -0.095 -0.0003493537121 1
0 0.155 -0.085 -0.0006517157045 1
0 0.155 -0.075 -0.0008536710199 1
0 0.155 -0.065 -0.0008922702365 1
0 0.155 -0.055 -0.0008509286599 1
0 0.155 -0.045 -0.0009486543502 2
0 0.155 -0.035 -0.001348108865 2
0 0.155 -0.025 -0.001957489658 2
0 0.155 -0.015 -0.002806638922 2
0 0.155 -0.005 -0.003635057526 2
0 0.155 0.005 -0.004264453724 2
0 0.155 0.015 -0.004583324442 2
0 0.155 0.025 -0.004624423724 2
0 0.155 0.035 -0.00442083883 2
0 0.155 0.045 -0.003994607499 2
0 0.155 0.055 -0.003370216192 2
0 0.155 0.065 -0.00256889584 2
0 0.155 0.075 -0.001611733378 2
0 0.155 0.085 -0.0005191296214 2
0 0.155 0.095 0.0006887593695 2
0 0.155 0.105 0.001992156553 2
0 0.155 0.115 0.003371744759 2
0 0.155 0.125 0.004808765734 2
0 0.155 0.135 0.006284985401 2
0 0.155 0.145 0.00778243497 2
0 0.155 0.155 0.009282829822 2
0 0.155 0.165 0.01076670416 2
0 0.155 0.175 0.01221203488 2
0 0.155 0.185 0.01359320354 2
0 0.155 0.195 0.01487941919 2
0 0.155 0.205 0.01603571255 2
0 0.155 0.215 0.01702252908 2
0 0.155 0.225 0.01780229847 2
0 0.155 0.235 0.01834022262 2
0 0.155 0.245 0.01861405244 2
0 0.155 0.255 0.01861306357 2
0 0.155 0.265 0.01834140452 2
0 0.155 0.275 0.01781230592 2
0 0.155 0.285 0.01703606546 2
0 0.155 0.295 0.01603971812 2
0 0.155 0.305 0.01475296166 2
0 0.155 0.315 0.01336910419 2
0 0.155 0.325 0.01191395814 2
0 0.155 0.335 0.01051727396 2
0 0.155 0.345 0.009188339371 1
0 0.155 0.355 0.008275823925 1
0 0.155 0.365 0.007595716135 1
0 0.155 0.375 0.00708943963 1
0 0.155 0.385 0.007018011403 1
0 0.155 0.395 0.006073866764 1
0 0.155 0.405 0.003944389966 1
0 0.155 0.415 0.001647181259 2
0 0.155 0.425 0 2
0 0.155 0.435 0 2
0 0.155 0.445 0 2
0 0.155 0.455 0 2
0 0.155 0.465 0 2
0 0.165 -0.455 0 2
0 0.165 -0.445 0 2
0 0.165 -0.435 0 2
0 0.165 -0.425 0 2
0 0.165 -0.415 -0.0004487699492 2
0 0.165 -0.405 -0.0009564440734 2
0 0.165 -0.395 -0.0004042995135 2
0 0.165 -0.385 0.001004219343 2
0 0.165 -0.375 0.003171408962 2
0 0.165 -0.365 0.004867347375 1
0 0.165 -0.355 0.006565046529 1
0 0.165 -0.345 0.008328764714 1
0 0.165 -0.335 0.01025694001 1
0 0.165 -0.325 0.01203840719 1
0 0.165 -0.315 0.01375968295 1
0 0.165 -0.305 0.01497462314 2
0 0.165 -0.295 0.01586941555 2
0 0.165 -0.285 0.01631645934 2
0 0.165 -0.275 0.01651988432 2
0 0.165 -0.265 0.01665006153 2
0 0.165 -0.255 0.01678690981 2
0 0.165 -0.245 0.01679359156 2
0 0.165 -0.235 0.01659950297 2
0 0.165 -0.225 0.01605004716 2
0 0.165 -0.215 0.01508451138 2
0 0.165 -0.205 0.01362874099 2
0 0.165 -0.195 0.01177930852 2
0 0.165 -0.185 0.009625043923 2
0 0.165 -0.175 0.007390305082 2
0 0.165 -0.165 0.005284399998 2
0 0.165 -0.155 0.003457709089 1
0 0.165 -0.145 0.002187125113 1
0 0.165 -0.135 0.001374590988 1
0 0.165 -0.125 0.00090326179 1
0 0.165 -0.115 0.0005350538829 1
0 0.165 -0.105 0.0001002966577 1
0 0.165 -0.095 -0.0004447667534 1
0 0.165 -0.085 -0.0009775415563 1
0 0.165 -0.075 -0.001316877313 1
0 0.165 -0.065 -0.001324755376 1
0 0.165 -0.055 -0.001088175582 1
0 0.165 -0.045 -0.0008854007554 1
0 0.165 -0.035 -0.001015017086 2
0 0.165 -0.025 -0.001384948009 2
0 0.165 -0.015 -0.002073940402 2
0 0.165 -0.005 -0.002866324759 2
0 0.165 0.005 -0.003511664398 2
0 0.165 0.015 -0.003870249186 2
0 0.165 0.025 -0.003934257755 2
0 0.165 0.035 -0.003762039952 2
0 0.165 0.045 -0.003375202205 2
0 0.165 0.055 -0.002800786496 2
0 0.165 0.065 -0.002059697995 2
0 0.165 0.075 -0.001172484972 2
0 0.165 0.085 -0.0001586714579 2
0 0.165 0.095 0.0009624591671 2
0 0.165 0.105 0.002171907051 2
0 0.165 0.115 0.003450939793 2
0 0.165 0.125 0.00478113779 2
0 0.165 0.135 0.006144333853 2
0 0.165 0.145 0.0075223981 2
0 0.165 0.155 0.008896809594 2
0 0.165 0.165 0.01024806848 2
0 0.165 0.175 0.01155491786 2
0 0.165 0.185 0.01279377062 2
0 0.165 0.195 0.01393818158 2
0 0.165 0.205 0.01495956279 2
0 0.165 0.215 0.01582796043 2
0 0.165 0.225 0.01651534868 2
0 0.165 0.235 0.01699738639 2
0 0.165 0.245 0.01725755226 2
0 0.165 0.255 0.01728753891 2
0 0.165 0.265 0.0170876982 2
0 0.165 0.275 0.01666500984 2
0 0.165 0.285 0.01602368619 2
0 0.165 0.295 0.0151817728 2
0 0.165 0.305 0.01409031622 2
0 0.165 0.315 0.01288383753 2
0 0.165 0.325 0.0115519621 2
0 0.165 0.335 0.01021471981 2
0 0.165 0.345 0.008932832665 1
0 0.165 0.355 0.007920008065 1
0 0.165 0.365 0.007067284503 1
0 0.165 0.375 0.006297817006 1
0 0.165 0.385 0.005789742826 1
0 0.165 0.395 0.004732175772 1
0 0.165 0.405 0.002914264836 1
0 0.165 0.415 0.001195874072 2
0 0.165 0.425 0 2
0 0.165 0.435 0 2
0 0.165 0.445 0 2
0 0.165 0.455 0 2
0 0.165 0.465 0 2
0 0.175 -0.455 0 2
0 0.175 -0.445 0 2
0 0.175 -0.435 0 2
0 0.175 -0.425 0 2
0 0.175 -0.415 -0.0004167758143 2
0 0.175 -0.405 -0.0009671071605 2
0 0.175 -0.395 -0.00071752595 2
0 0.175 -0.385 0.0003347097254 2
0 0.175 -0.375 0.002249771706 2
0 0.175 -0.365 0.00402583356 2
0 0.175 -0.355 0.005981646321 1
0 0.175 -0.345 0.00819647058 1
0 0.175 -0.335 0.01056469281 1
0 0.175 -0.325 0.01260334747 1
0 0.175 -0.315 0.01431833969 2
0 0.175 -0.305 0.01528695453 2
0 0.175 -0.295 0.01591362023 2
0 0.175 -0.285 0.01602803518 2
0 0.175 -0.275 0.01596613584 2
0 0.175 -0.265 0.01589377205 2
0 0.175 -0.255 0.01586282432 2
0 0.175 -0.245 0.01572567762 2
0 0.175 -0.235 0.01542506455 2
0 0.175 -0.225 0.01488739492 2
0 0.175 -0.215 0.01409287879 2
0 0.175 -0.205 0.01302476701 2
0 0.175 -0.195 0.01179703678 2
0 0.175 -0.185 0.01033082049 2
0 0.175 -0.175 0.008631868156 2
0 0.175 -0.165 0.006765741719 2
0 0.175 -0.155 0.004898509701 1
0 0.175 -0.145 0.003239947604 1
0 0.175 -0.135 0.001980980821 1
0 0.175 -0.125 0.001086404505 1
0 0.175 -0.115 0.0004979073686 1
0 0.175 -0.105 -2.36349798e-06 1
0 0.175 -0.095 -0.0005996516656 1
0 0.175 -0.085 -0.001197813906 1
0 0.175 -0.075 -0.001704833354 1
0 0.175 -0.065 -0.001900090122 1
0 0.175 -0.055 -0.001673157948 1
0 0.175 -0.045 -0.001296523322 1
0 0.175 -0.035 -0.001089199289 2
0 0.175 -0.025 -0.001322036076 2
0 0.175 -0.015 -0.001785225877 2
0 0.175 -0.005 -0.002438378029 2
0 0.175 0.005 -0.003025031599 2
0 0.175 0.015 -0.003377111567 2
0 0.175 0.025 -0.003430271622 2
0 0.175 0.035 -0.003263920892 2
0 0.175 0.045 -0.002896458354 2
0 0.175 0.055 -0.002355090907 2
0 0.175 0.065 -0.001659167921 2
0 0.175 0.075 -0.0008279282658 2
0 0.175 0.085 0.0001203279851 2
0 0.175 0.095 0.001167319679 2
0 0.175 0.105 0.002294846427 2
0 0.175 0.115 0.003484789235 2
0 0.175 0.125 0.004719192881 2
0 0.175 0.135 0.005980262111 2
0 0.175 0.145 0.007250241099 2
0 0.175 0.155 0.008511139985 2
0 0.175 0.165 0.009744355614 2
0 0.175 0.175 0.0109302328 2
0 0.175 0.185 0.01204778923 2
0 0.175 0.195 0.01307464253 2
0 0.175 0.205 0.01398759667 2
0 0.175 0.215 0.0147635358 2
0 0.175 0.225 0.0153812951 2
0 0.175 0.235 0.01582315208 2
0 0.175 0.245 0.01607687182 2
0 0.175 0.255 0.01613626799 2
0 0.175 0.265 0.01600129341 2
0 0.175 0.275 0.01567663146 2
0 0.175 0.285 0.01516800571 2
0 0.175 0.295 0.0144840982 2
0 0.175 0.305 0.01361370401 2
0 0.175 0.315 0.01259278413 2
0 0.175 0.325 0.01138468865 2
0 0.175 0.335 0.01004427106 2
0 0.175 0.345 0.008657901137 1
0 0.175 0.355 0.007441072227 1
0 0.175 0.365 0.006411051095 1
0 0.175 0.375 0.005480929999 1
0 0.175 0.385 0.004694905224 1
0 0.175 0.395 0.003628768513 1
0 0.175 0.405 0.002073836595 1
0 0.175 0.415 0.0008353184726 2
0 0.175 0.425 0 2
0 0.175 0.435 0 2
0 0.175 0.445 0 2
0 0.175 0.455 0 2
0 0.175 0.465 0 2
0 0.185 -0.455 0 2
0 0.185 -0.445 0 2
0 0.185 -0.435 0 2
0 0.185 -0.425 0 2
0 0.185 -0.415 -0.0003541318836 2
0 0.185 -0.405 -0.0008775862629 2
0 0.185 -0.395 -0.0008640755828 2
0 0.185 -0.385 -0.0001741771896 2
0 0.185 -0.375 0.001428475578 2
0 0.185 -0.365 0.003326727349 2
0 0.185 -0.355 0.005606074161 2
0 0.185 -0.345 0.008133455975 2
0 0.185 -0.335 0.01066276452 2
0 0.185 -0.325 0.01280841936 2
0 0.185 -0.315 0.01437530002 2
0 0.185 -0.305 0.01521364858 2
0 0.185 -0.295 0.01554933225 2
0 0.185 -0.285 0.01543941468 2
0 0.185 -0.275 0.01525139769 2
0 0.185 -0.265 0.0150878911 2
0 0.185 -0.255 0.01496882347 2
0 0.185 -0.245 0.01477568432 2
0 0.185 -0.235 0.01447078252 2
0 0.185 -0.225 0.01401416204 2
0 0.185 -0.215 0.01340894929 2
0 0.185 -0.205 0.0126593979 2
0 0.185 -0.195 0.01191282872 2
0 0.185 -0.185 0.01101889428 2
0 0.185 -0.175 0.009794636542 2
0 0.185 -0.165 0.008168444111 2
0 0.185 -0.155 0.006403767369 1
0 0.185 -0.145 0.00436488569 1
0 0.185 -0.135 0.00263164264 1
0 0.185 -0.125 0.001257930016 1
0 0.185 -0.115 0.0004452329231 1
0 0.185 -0.105 -0.00012544649 1
0 0.185 -0.095 -0.0007221362544 1
0 0.185 -0.085 -0.001326104336 1
0 0.185 -0.075 -0.001898064933 1
0 0.185 -0.065 -0.002260074314 1
0 0.185 -0.055 -0.002213647634 1
0 0.185 -0.045 -0.001956168651 1
0 0.185 -0.035 -0.001579890769 1
0 0.185 -0.025 -0.001633283114 2
0 0.185 -0.015 -0.00184880709 2
0 0.185 -0.005 -0.002323088027 2
0 0.185 0.005 -0.002793155096 2
0 0.185 0.015 -0.003085729527 2
0 0.185 0.025 -0.003093905074 2
0 0.185 0.035 -0.00290837489 2
0 0.185 0.045 -0.002541903261 2
0 0.185 0.055 -0.002018441105 2
0 0.185 0.065 -0.001354352022 2
0 0.185 0.075 -0.000566669667 2
0 0.185 0.085 0.0003278987514 2
0 0.185 0.095 0.0013121963 2
0 0.185 0.105 0.002368825066 2
0 0.185 0.115 0.003480282025 2
0 0.185 0.125 0.004629163395 2
0 0.185 0.135 0.005798276096 2
0 0.185 0.145 0.006970634628 2
0 0.185 0.155 0.008129321899 2
0 0.185 0.165 0.009257256344 2
0 0.185 0.175 0.01033692729 2
0 0.185 0.185 0.01135024199 2
0 0.185 0.195 0.01227856769 2
0 0.185 0.205 0.01310316884 2
0 0.185 0.215 0.0138059441 2
0 0.185 0.225 0.01437062661 2
0 0.185 0.235 0.01478393613 2
0 0.185 0.245 0.01503687451 2
0 0.185 0.255 0.01512527958 2
0 0.185 0.265 0.0150504144 2
0 0.185 0.275 0.01481722997 2
0 0.185 0.285 0.01443715231 2
0 0.185 0.295 0.01391202635 2
0 0.185 0.305 0.01327605574 2
0 0.185 0.315 0.01245319821 2
0 0.185 0.325 0.01136118302 2
0 0.185 0.335 0.01000498784 2
0 0.185 0.345 0.00845619151 1
0 0.185 0.355 0.007026506383 1
0 0.185 0.365 0.005789369619 1
0 0.185 0.375 0.004686027457 1
0 0.185 0.385 0.003600157837 1
0 0.185 0.395 0.002516307113 1
0 0.185 0.405 0.001218661161 1
0 0.185 0.415 0.0004674184601 2
0 0.185 0.425 0 2
0 0.185 0.435 0 2
0 0.185 0.445 0 2
0 0.185 0.455 0 2
0 0.185 0.465 0 2
0 0.195 -0.455 0 2
0 0.195 -0.445 0 2
0 0.195 -0.435 0 2
0 0.195 -0.425 0 2
0 0.195 -0.415 -0.0002302859223 2
0 0.195 -0.405 -0.0006011171888 2
0 0.195 -0.395 -0.000726170616 2
0 0.195 -0.385 -0.0003716278958 2
0 0.195 -0.375 0.0008087078203 2
0 0.195 -0.365 0.002572493223 2
0 0.195 -0.355 0.004959927999 2
0 0.195 -0.345 0.007623930817 2
0 0.195 -0.335 0.01015604724 2
0 0.195 -0.325 0.01226316269 2
0 0.195 -0.315 0.0136845139 2
0 0.195 -0.305 0.01442672439 2
0 0.195 -0.295 0.01465028697 2
0 0.195 -0.285 0.01455140656 2
0 0.195 -0.275 0.01438158362 2
0 0.195 -0.265 0.01422931368 2
0 0.195 -0.255 0.0140856433 2
0 0.195 -0.245 0.01388317068 2
0 0.195 -0.235 0.01360488151 2
0 0.195 -0.225 0.01323682468 2
0 0.195 -0.215 0.01279925713 2
0 0.195 -0.205 0.01230958435 2
0 0.195 -0.195 0.01191787958 2
0 0.195 -0.185 0.01148790342 2
0 0.195 -0.175 0.01075291277 2
0 0.195 -0.165 0.009460753938 2
0 0.195 -0.155 0.007869731423 2
0 0.195 -0.145 0.005721303781 1
0 0.195 -0.135 0.003631972245 1
0 0.195 -0.125 0.001804153218 1
0 0.195 -0.115 0.0006066292445 1
0 0.195 -0.105 -0.0001607214415 1
0 0.195 -0.095 -0.000841375903 1
0 0.195 -0.085 -0.001495920971 1
0 0.195 -0.075 -0.00211708824 1
0 0.195 -0.065 -0.002559820214 1
0 0.195 -0.055 -0.002675365328 1
0 0.195 -0.045 -0.002581156296 1
0 0.195 -0.035 -0.002271340158 1
0 0.195 -0.025 -0.002203987696 2
0 0.195 -0.015 -0.00226393618 2
0 0.195 -0.005 -0.002530869612 2
0 0.195 0.005 -0.002803757208 2
0 0.195 0.015 -0.002966077206 2
0 0.195 0.025 -0.002898297129 2
0 0.195 0.035 -0.002672376572 2
0 0.195 0.045 -0.002292344934 2
0 0.195 0.055 -0.001774769912 2
0 0.195 0.065 -0.001131603701 2
0 0.195 0.075 -0.0003769012733 2
0 0.195 0.085 0.0004744405051 2
0 0.195 0.095 0.001406367004 2
0 0.195 0.105 0.002402158998 2
0 0.195 0.115 0.003444820109 2
0 0.195 0.125 0.004517481969 2
0 0.195 0.135 0.0056036791 2
0 0.195 0.145 0.006687476238 2
0 0.195 0.155 0.007753429054 2
0 0.195 0.165 0.008786419314 2
0 0.195 0.175 0.009771430613 2
0 0.195 0.185 0.01069338055 2
0 0.195 0.195 0.01153710763 2
0 0.195 0.205 0.01228763481 2
0 0.195 0.215 0.01293070679 2
0 0.195 0.225 0.01345364073 2
0 0.195 0.235 0.0138462638 2
0 0.195 0.245 0.0141019919 2
0 0.195 0.255 0.01421844893 2
0 0.195 0.265 0.01419875577 2
0 0.195 0.275 0.01404949155 2
0 0.195 0.285 0.01378900452 2
0 0.195 0.295 0.01341843702 2
0 0.195 0.305 0.01301295799 2
0 0.195 0.315 0.01240102388 2
0 0.195 0.325 0.01146001463 2
0 0.195 0.335 0.01015436558 2
0 0.195 0.345 0.008558626508 1
0 0.195 0.355 0.00690816302 1
0 0.195 0.365 0.00534881116 1
0 0.195 0.375 0.003862921418 1
0 0.195 0.385 0.002280648424 1
0 0.195 0.395 0.001073464364 1
0 0.195 0.405 0.0001097823703 1
0 0.195 0.415 -1.600591895e-05 2
0 0.195 0.425 0 2
0 0.195 0.435 0 2
0 0.195 0.445 0 2
0 0.195 0.455 0 2
0 0.195 0.465 0 2
0 0.205 -0.455 0 2
0 0.205 -0.445 0 2
0 0.205 -0.435 0 2
0 0.205 -0.425 0 2
0 0.205 -0.415 -1.737015962e-05 2
0 0.205 -0.405 -0.0001167148129 2
0 0.205 -0.395 -0.0002131251525 2
0 0.205 -0.385 -0.0001410476723 2
0 0.205 -0.375 0.000532864177 2
0 0.205 -0.365 0.001986259803 2
0 0.205 -0.355 0.004167088489 2
0 0.205 -0.345 0.006665971649 2
0 0.205 -0.335 0.009044341597 2
0 0.205 -0.325 0.01099425857 2
0 0.205 -0.315 0.01233210222 2
0 0.205 -0.305 0.01308518287 2
0 0.205 -0.295 0.01340598624 2
0 0.205 -0.285 0.01346427824 2
0 0.205 -0.275 0.01341162362 2
0 0.205 -0.265 0.01332551683 2
0 0.205 -0.255 0.0131978359 2
0 0.205 -0.245 0.01301413117 2
0 0.205 -0.235 0.01277607169 2
0 0.205 -0.225 0.01248999685 2
0 0.205 -0.215 0.01218687534 2
0 0.205 -0.205 0.01189341221 2
0 0.205 -0.195 0.01173478552 2
0 0.205 -0.185 0.01164524534 2
0 0.205 -0.175 0.0113894252 2
0 0.205 -0.165 0.01053134389 2
0 0.205 -0.155 0.009095620793 2
0 0.205 -0.145 0.007167527464 1
0 0.205 -0.135 0.004960807128 1
0 0.205 -0.125 0.002840172984 1
0 0.205 -0.115 0.001131825119 1
0 0.205 -0.105 -3.308922672e-05 1
0 0.205 -0.095 -0.000890699853 1
0 0.205 -0.085 -0.001645862854 1
0 0.205 -0.075 -0.002330884627 1
0 0.205 -0.065 -0.002848795536 1
0 0.205 -0.055 -0.003133332783 1
0 0.205 -0.045 -0.003226325436 1
0 0.205 -0.035 -0.003083582961 1
0 0.205 -0.025 -0.002968734935 2
0 0.205 -0.015 -0.002897127881 2
0 0.205 -0.005 -0.00293460686 2
0 0.205 0.005 -0.002978514672 2
0 0.205 0.015 -0.002964764503 2
0 0.205 0.025 -0.00280531609 2
0 0.205 0.035 -0.002527941653 2
0 0.205 0.045 -0.002126517798 2
0 0.205 0.055 -0.001607322508 2
0 0.205 0.065 -0.0009771531061 2
0 0.205 0.075 -0.0002468172325 2
0 0.205 0.085 0.0005704514127 2
0 0.205 0.095 0.001459387237 2
0 0.205 0.105 0.002403592413 2
0 0.205 0.115 0.003386276627 2
0 0.205 0.125 0.004390936845 2
0 0.205 0.135 0.005401837353 2
0 0.205 0.145 0.00640427957 2
0 0.205 0.155 0.007384629049 2
0 0.205 0.165 0.008330142973 2
0 0.205 0.175 0.009228664927 2
0 0.205 0.185 0.01006831061 2
0 0.205 0.195 0.0108372703 2
0 0.205 0.205 0.01152385177 2
0 0.205 0.215 0.01211681994 2
0 0.205 0.225 0.01260605879 2
0 0.205 0.235 0.01298343203 2
0 0.205 0.245 0.0132438872 2
0 0.205 0.255 0.01338624477 2
0 0.205 0.265 0.01341511218 2
0 0.205 0.275 0.01333894924 2
0 0.205 0.285 0.01318177242 2
0 0.205 0.295 0.01294926337 2
0 0.205 0.305 0.01275398204 2
0 0.205 0.315 0.01238876034 2
0 0.205 0.325 0.01166211051 2
0 0.205 0.335 0.01047319817 2
0 0.205 0.345 0.009008264586 1
0 0.205 0.355 0.007071357073 1
0 0.205 0.365 0.005106846337 1
0 0.205 0.375 0.003103211983 1
0 0.205 0.385 0.0008472963527 1
0 0.205 0.395 -0.0005977898039 1
0 0.205 0.405 -0.001153817154 1
0 0.205 0.415 -0.0005741334307 2
0 0.205 0.425 0 2
0 0.205 0.435 0 2
0 0.205 0.445 0 2
0 0.205 0.455 0 2
0 0.205 0.465 0 2
0 0.215 -0.455 0 2
0 0.215 -0.445 0 2
0 0.215 -0.435 0 2
0 0.215 -0.425 0 2
0 0.215 -0.415 0.0002233825824 2
0 0.215 -0.405 0.0004092323996 2
0 0.215 -0.395 0.0004239564679 2
0 0.215 -0.385 0.0002658200497 2
0 0.215 -0.375 0.0004434338985 2
0 0.215 -0.365 0.00153097852 2
0 0.215 -0.355 0.003353843281 2
0 0.215 -0.345 0.005549896409 2
0 0.215 -0.335 0.007689607426 2
0 0.215 -0.325 0.009456557847 2
0 0.215 -0.315 0.01075584875 2
0 0.215 -0.305 0.01160328646 2
0 0.215 -0.295 0.01208685292 2
0 0.215 -0.285 0.01232674014 2
0 0.215 -0.275 0.01241238996 2
0 0.215 -0.265 0.01239817039 2
0 0.215 -0.255 0.01229987195 2
0 0.215 -0.245 0.01213849104 2
0 0.215 -0.235 0.01193304713 2
0 0.215 -0.225 0.01170731104 2
0 0.215 -0.215 0.0114992411 2
0 0.215 -0.205 0.01134210171 2
0 0.215 -0.195 0.01131526484 2
0 0.215 -0.185 0.01144152727 2
0 0.215 -0.175 0.01153258427 2
0 0.215 -0.165 0.01114811888 2
0 0.215 -0.155 0.01002664983 2
0 0.215 -0.145 0.008379083999 2
0 0.215 -0.135 0.006225620327 1
0 0.215 -0.125 0.003958483735 1
0 0.215 -0.115 0.001940766008 1
0 0.215 -0.105 0.0003379501155 1
0 0.215 -0.095 -0.0008714274 1
0 0.215 -0.085 -0.001826101467 1
0 0.215 -0.075 -0.002524602685 1
0 0.215 -0.065 -0.003043211567 1
0 0.215 -0.055 -0.003564148353 1
0 0.215 -0.045 -0.003886967601 1
0 0.215 -0.035 -0.003936109516 1
0 0.215 -0.025 -0.003771747847 2
0 0.215 -0.015 -0.003581951233 2
0 0.215 -0.005 -0.003393408904 2
0 0.215 0.005 -0.003214031054 2
0 0.215 0.015 -0.003018957716 2
0 0.215 0.025 -0.002772138996 2
0 0.215 0.035 -0.002445711661 2
0 0.215 0.045 -0.002023295327 2
0 0.215 0.055 -0.001500115131 2
0 0.215 0.065 -0.0008780876294 2
0 0.215 0.075 -0.0001652445193 2
0 0.215 0.085 0.0006261760778 2
0 0.215 0.095 0.001480966324 2
0 0.215 0.105 0.002382362371 2
0 0.215 0.115 0.003313213039 2
0 0.215 0.125 0.004257010315 2
0 0.215 0.135 0.005198612625 2
0 0.215 0.145 0.006124680007 2
0 0.215 0.155 0.007023737841 2
0 0.215 0.165 0.007885922288 2
0 0.215 0.175 0.008702462578 2
0 0.215 0.185 0.009465065911 2
0 0.215 0.195 0.0101653898 2
0 0.215 0.205 0.01079477852 2
0 0.215 0.215 0.0113443964 2
0 0.215 0.225 0.01180579174 2
0 0.215 0.235 0.01217180978 2
0 0.215 0.245 0.01243786445 2
0 0.215 0.255 0.01260299706 2
0 0.215 0.265 0.01267222535 2
0 0.215 0.275 0.0126550822 2
0 0.215 0.285 0.01257836199 2
0 0.215 0.295 0.01245425535 2
0 0.215 0.305 0.01241388419 2
0 0.215 0.315 0.01228949238 2
0 0.215 0.325 0.01185533013 2
0 0.215 0.335 0.01085320717 2
0 0.215 0.345 0.009492919434 2
0 0.215 0.355 0.007371939836 1
0 0.215 0.365 0.005078738604 1
0 0.215 0.375 0.002596046042 1
0 0.215 0.385 -0.000367178082 1
0 0.215 0.395 -0.002083471802 1
0 0.215 0.405 -0.002286319093 2
0 0.215 0.415 -0.001057231499 2
0 0.215 0.425 0 2
0 0.215 0.435 0 2
0 0.215 0.445 0 2
0 0.215 0.455 0 2
0 0.215 0.465 0 2
0 0.225 -0.455 0 2
0 0.225 -0.445 0 2
0 0.225 -0.435 0 2
0 0.225 -0.425 0 1
0 0.225 -0.415 0.0003993565147 1
0 0.225 -0.405 0.0007676530311 1
0 0.225 -0.395 0.0008170249661 1
0 0.225 -0.385 0.0005716963882 2
0 0.225 -0.375 0.0004770072691 2
0 0.225 -0.365 0.001224378932 2
0 0.225 -0.355 0.002657032997 2
0 0.225 -0.345 0.004551732148 2
0 0.225 -0.335 0.0064637526 2
0 0.225 -0.325 0.008097999261 2
0 0.225 -0.315 0.009363095191 2
0 0.225 -0.305 0.01029175041 2
0 0.225 -0.295 0.01090864245 2
0 0.225 -0.285 0.01127588379 2
0 0.225 -0.275 0.01144883995 2
0 0.225 -0.265 0.01147646524 2
0 0.225 -0.255 0.01139609537 2
0 0.225 -0.245 0.01123949545 2
0 0.225 -0.235 0.01104142741 2
0 0.225 -0.225 0.01084236283 2
0 0.225 -0.215 0.01068908438 2
0 0.225 -0.205 0.0106221184 2
0 0.225 -0.195 0.01067525963 2
0 0.225 -0.185 0.01090624874 2
0 0.225 -0.175 0.01117630172 2
0 0.225 -0.165 0.01118777217 2
0 0.225 -0.155 0.01054335983 2
0 0.225 -0.145 0.009177553728 2
0 0.225 -0.135 0.007190115369 2
0 0.225 -0.125 0.004886546215 1
0 0.225 -0.115 0.002691103081 1
0 0.225 -0.105 0.0007451743748 1
0 0.225 -0.095 -0.0007753168405 1
0 0.225 -0.085 -0.001946084767 1
0 0.225 -0.075 -0.002729156452 1
0 0.225 -0.065 -0.003313702041 1
0 0.225 -0.055 -0.004025704363 1
0 0.225 -0.045 -0.004463288646 1
0 0.225 -0.035 -0.004649877773 1
0 0.225 -0.025 -0.004388404936 2
0 0.225 -0.015 -0.004119345338 2
0 0.225 -0.005 -0.003750704889 2
0 0.225 0.005 -0.003391276407 2
0 0.225 0.015 -0.003063984879 2
0 0.225 0.025 -0.002757424928 2
0 0.225 0.035 -0.00239911281 2
0 0.225 0.045 -0.001964526681 2
0 0.225 0.055 -0.001439859284 2
0 0.225 0.065 -0.0008235931085 2
0 0.225 0.075 -0.000122356318 2
0 0.225 0.085 0.0006513026415 2
0 0.225 0.095 0.001480979004 2
0 0.225 0.105 0.00234846196 2
0 0.225 0.115 0.003235346737 2
0 0.225 0.125 0.004124500138 2
0 0.225 0.135 0.005001062462 2
0 0.225 0.145 0.005853120532 2
0 0.225 0.155 0.006671796556 2
0 0.225 0.165 0.007450846225 2
0 0.225 0.175 0.008185757257 2
0 0.225 0.185 0.008872608404 2
0 0.225 0.195 0.009506988915 2
0 0.225 0.205 0.01008326548 2
0 0.225 0.215 0.01059447594 2
0 0.225 0.225 0.01103286827 2
0 0.225 0.235 0.01139103492 2
0 0.225 0.245 0.0116635037 2
0 0.225 0.255 0.01184818789 2
0 0.225 0.265 0.01194895391 2
0 0.225 0.275 0.01197476237 2
0 0.225 0.285 0.01195114987 2
0 0.225 0.295 0.01189475658 2
0 0.225 0.305 0.0119198092 2
0 0.225 0.315 0.01194063742 2
0 0.225 0.325 0.01177618752 2
0 0.225 0.335 0.01103255787 2
0 0.225 0.345 0.00970952852 2
0 0.225 0.355 0.007654695585 1
0 0.225 0.365 0.005157221074 1
0 0.225 0.375 0.002364415678 1
0 0.225 0.385 -0.00109523514 1
0 0.225 0.395 -0.002977621333 1
0 0.225 0.405 -0.002950565845 2
0 0.225 0.415 -0.001326767258 2
0 0.225 0.425 0 2
0 0.225 0.435 0 2
0 0.225 0.445 0 2
0 0.225 0.455 0 2
0 0.225 0.465 0 2
0 0.235 -0.455 0 2
0 0.235 -0.445 0 2
0 0.235 -0.435 0 1
0 0.235 -0.425 0 1
0 0.235 -0.415 0.0004462914253 1
0 0.235 -0.405 0.0008468292912 1
0 0.235 -0.395 0.0008878964186 1
0 0.235 -0.385 0.0006590374343 1
0 0.235 -0.375 0.0004833845294 2
0 0.235 -0.365 0.001065112531 2
0 0.235 -0.355 0.002197214352 2
0 0.235 -0.345 0.003829516734 2
0 0.235 -0.335 0.005591961873 2
0 0.235 -0.325 0.007164165075 2
0 0.235 -0.315 0.008373090474 2
0 0.235 -0.305 0.009295195267 2
0 0.235 -0.295 0.009937494155 2
0 0.235 -0.285 0.01034267177 2
0 0.235 -0.275 0.0105473428 2
0 0.235 -0.265 0.01058778372 2
0 0.235 -0.255 0.01049763861 2
0 0.235 -0.245 0.01031420464 2
0 0.235 -0.235 0.01008547978 2
0 0.235 -0.225 0.009869195459 2
0 0.235 -0.215 0.009727684314 2
0 0.235 -0.205 0.009711862274 2
0 0.235 -0.195 0.009829253129 2
0 0.235 -0.185 0.0101027323 2
0 0.235 -0.175 0.01044228499 2
0 0.235 -0.165 0.01065328654 2
0 0.235 -0.155 0.01036856117 2
0 0.235 -0.145 0.009294157033 2
0 0.235 -0.135 0.007469439816 2
0 0.235 -0.125 0.005256240059 2
0 0.235 -0.115 0.003039296017 2
0 0.235 -0.105 0.000965348768 2
0 0.235 -0.095 -0.0007169706848 1
0 0.235 -0.085 -0.001902061322 2
0 0.235 -0.075 -0.00266439464 2
0 0.235 -0.065 -0.003318033791 1
0 0.235 -0.055 -0.004043627974 1
0 0.235 -0.045 -0.004523362191 1
0 0.235 -0.035 -0.004771313755 2
0 0.235 -0.025 -0.00456359831 2
0 0.235 -0.015 -0.004294480329 2
0 0.235 -0.005 -0.003851826523 2
0 0.235 0.005 -0.003417703972 2
0 0.235 0.015 -0.003049408043 2
0 0.235 0.025 -0.002730064469 2
0 0.235 0.035 -0.002369121751 2
0 0.235 0.045 -0.001938069863 2
0 0.235 0.055 -0.001418065738 2
0 0.235 0.065 -0.0008064274368 2
0 0.235 0.075 -0.0001106162808 2
0 0.235 0.085 0.0006545284795 2
0 0.235 0.095 0.001469475869 2
0 0.235 0.105 0.002312996707 2
0 0.235 0.115 0.003164141998 2
0 0.235 0.125 0.004004254773 2
0 0.235 0.135 0.004818220339 2
0 0.235 0.145 0.005595553928 2
0 0.235 0.155 0.006330551534 2
0 0.235 0.165 0.007021737445 2
0 0.235 0.175 0.007670336272 2
0 0.235 0.185 0.008278234849 2
0 0.235 0.195 0.008845957799 2
0 0.235 0.205 0.009371144074 2
0 0.235 0.215 0.009848153821 2
0 0.235 0.225 0.01026869093 2
0 0.235 0.235 0.01062347609 2
0 0.235 0.245 0.01090441189 2
0 0.235 0.255 0.01110662867 2
0 0.235 0.265 0.01123109363 2
0 0.235 0.275 0.01128432542 2
0 0.235 0.285 0.01128656089 2
0 0.235 0.295 0.01125544425 2
0 0.235 0.305 0.01126262503 2
0 0.235 0.315 0.01131878111 2
0 0.235 0.325 0.01126987521 2
0 0.235 0.335 0.01073740654 2
0 0.235 0.345 0.009512024854 2
0 0.235 0.355 0.007664907751 2
0 0.235 0.365 0.005153101178 2
0 0.235 0.375 0.002315004807 2
0 0.235 0.385 -0.001211423959 2
0 0.235 0.395 -0.003063999117 2
0 0.235 0.405 -0.002909488055 2
0 0.235 0.415 -0.001321516211 2
0 0.235 0.425 0 2
0 0.235 0.435 0 2
0 0.235 0.445 0 2
0 0.235 0.455 0 2
0 0.235 0.465 0 2
0 0.245 -0.455 0 2
0 0.245 -0.445 0 2
0 0.245 -0.435 0 1
0 0.245 -0.425 0 1
0 0.245 -0.415 0.0003960399025 1
0 0.245 -0.405 0.0007439972217 1
0 0.245 -0.395 0.0008137112953 1
0 0.245 -0.385 0.0006760044837 1
0 0.245 -0.375 0.0005778115888 2
0 0.245 -0.365 0.001139893021 2
0 0.245 -0.355 0.0020494837 2
0 0.245 -0.345 0.003401906039 2
0 0.245 -0.335 0.004997929926 2
0 0.245 -0.325 0.006488736947 2
0 0.245 -0.315 0.007621161611 2
0 0.245 -0.305 0.008503900453 2
0 0.245 -0.295 0.009131786335 2
0 0.245 -0.285 0.009534869018 2
0 0.245 -0.275 0.009734717539 2
0 0.245 -0.265 0.009754605614 2
0 0.245 -0.255 0.009621613327 2
0 0.245 -0.245 0.009361252795 2
0 0.245 -0.235 0.009029314764 2
0 0.245 -0.225 0.008710747042 2
0 0.245 -0.215 0.008508088782 2
0 0.245 -0.205 0.008525879014 2
0 0.245 -0.195 0.008780735347 2
0 0.245 -0.185 0.009203864126 2
0 0.245 -0.175 0.009642560018 2
0 0.245 -0.165 0.009904460251 2
0 0.245 -0.155 0.009674026445 2
0 0.245 -0.145 0.008751981655 2
0 0.245 -0.135 0.007141066761 2
0 0.245 -0.125 0.005081648908 2
0 0.245 -0.115 0.002905531799 2
0 0.245 -0.105 0.0009781705685 2
0 0.245 -0.095 -0.0004287375829 2
0 0.245 -0.085 -0.001367733089 2
0 0.245 -0.075 -0.002161806776 2
0 0.245 -0.065 -0.002867720229 2
0 0.245 -0.055 -0.003377583244 2
0 0.245 -0.045 -0.003811545104 2
0 0.245 -0.035 -0.004121006894 2
0 0.245 -0.025 -0.004148442666 2
0 0.245 -0.015 -0.003968944967 2
0 0.245 -0.005 -0.00361783705 2
0 0.245 0.005 -0.003258775512 2
0 0.245 0.015 -0.002951588781 2
0 0.245 0.025 -0.002676843315 2
0 0.245 0.035 -0.00234989348 2
0 0.245 0.045 -0.001941961174 2
0 0.245 0.055 -0.001433609232 2
0 0.245 0.065 -0.0008239238236 2
0 0.245 0.075 -0.0001247862612 2
0 0.245 0.085 0.0006439655151 2
0 0.245 0.095 0.001457207104 2
0 0.245 0.105 0.002288972262 2
0 0.245 0.115 0.003114027865 2
0 0.245 0.125 0.003910873981 2
0 0.245 0.135 0.004663098105 2
0 0.245 0.145 0.005361373945 2
0 0.245 0.155 0.006003844897 2
0 0.245 0.165 0.006595630622 2
0 0.245 0.175 0.007146272031 2
0 0.245 0.185 0.007666107494 2
0 0.245 0.195 0.008162572013 2
0 0.245 0.205 0.008637208956 2
0 0.245 0.215 0.009084954046 2
0 0.245 0.225 0.009495024547 2
0 0.245 0.235 0.009853844161 2
0 0.245 0.245 0.01014829515 2
0 0.245 0.255 0.01036879888 2
0 0.245 0.265 0.0105118379 2
0 0.245 0.275 0.01058005047 2
0 0.245 0.285 0.01058604054 2
0 0.245 0.295 0.01054543748 2
0 0.245 0.305 0.01048408241 2
0 0.245 0.315 0.01045918105 2
0 0.245 0.325 0.01033538661 2
0 0.245 0.335 0.009885239407 2
0 0.245 0.345 0.008864203789 2
0 0.245 0.355 0.007254518408 2
0 0.245 0.365 0.004880081028 2
0 0.245 0.375 0.002194852697 2
0 0.245 0.385 -0.001028214853 2
0 0.245 0.395 -0.00274363224 2
0 0.245 0.405 -0.002530575163 2
0 0.245 0.415 -0.001167032021 2
0 0.245 0.425 0 2
0 0.245 0.435 0 2
0 0.245 0.445 0 2
0 0.245 0.455 0 2
0 0.245 0.465 0 2
0 0.255 -0.455 0 2
0 0.255 -0.445 0 2
0 0.255 -0.435 0 1
0 0.255 -0.425 0 1
0 0.255 -0.415 0.0002961170498 1
0 0.255 -0.405 0.0005854364167 1
0 0.255 -0.395 0.0007463686814 1
0 0.255 -0.385 0.0007491877406 1
0 0.255 -0.375 0.0008024578896 1
0 0.255 -0.365 0.001318796608 2
0 0.255 -0.355 0.002121718932 2
0 0.255 -0.345 0.003289515019 2
0 0.255 -0.335 0.004695586087 2
0 0.255 -0.325 0.00606194122 2
0 0.255 -0.315 0.007095392194 2
0 0.255 -0.305 0.007909301345 2
0 0.255 -0.295 0.008490052972 2
0 0.255 -0.285 0.008858625327 2
0 0.255 -0.275 0.009024719332 2
0 0.255 -0.265 0.00899869027 2
0 0.255 -0.255 0.008797990761 2
0 0.255 -0.245 0.008419512315 2
0 0.255 -0.235 0.007928983988 2
0 0.255 -0.225 0.007444414079 2
0 0.255 -0.215 0.007112929402 2
0 0.255 -0.205 0.007112132594 2
0 0.255 -0.195 0.007489510308 2
0 0.255 -0.185 0.008097670683 2
0 0.255 -0.175 0.008694759542 2
0 0.255 -0.165 0.008988950255 2
0 0.255 -0.155 0.008655314215 2
0 0.255 -0.145 0.007689560159 2
0 0.255 -0.135 0.006225693506 2
0 0.255 -0.125 0.004440326906 2
0 0.255 -0.115 0.002695315957 2
0 0.255 -0.105 0.001298314118 2
0 0.255 -0.095 0.000274697902 2
0 0.255 -0.085 -0.0004281273025 2
0 0.255 -0.075 -0.0009889187196 2
0 0.255 -0.065 -0.001573787673 2
0 0.255 -0.055 -0.002045586918 2
0 0.255 -0.045 -0.002518679119 2
0 0.255 -0.035 -0.002891489528 2
0 0.255 -0.025 -0.00313439859 2
0 0.255 -0.015 -0.003174827311 2
0 0.255 -0.005 -0.003089163435 2
0 0.255 0.005 -0.002933680034 2
0 0.255 0.015 -0.002773360825 2
0 0.255 0.025 -0.00259998387 2
0 0.255 0.035 -0.002347077709 2
0 0.255 0.045 -0.001984734775 2
0 0.255 0.055 -0.001495360069 2
0 0.255 0.065 -0.0008816489375 2
0 0.255 0.075 -0.0001647993909 2
0 0.255 0.085 0.000626100593 2
0 0.255 0.095 0.001455983758 2
0 0.255 0.105 0.002292130141 2
0 0.255 0.115 0.003103103361 2
0 0.255 0.125 0.003863188883 2
0 0.255 0.135 0.004552907318 2
0 0.255 0.145 0.005163391139 2
0 0.255 0.155 0.005697221468 2
0 0.255 0.165 0.006168850661 2
0 0.255 0.175 0.006600512901 2
0 0.255 0.185 0.007015719851 2
0 0.255 0.195 0.00743240036 2
0 0.255 0.205 0.00785691312 2
0 0.255 0.215 0.008283274815 2
0 0.255 0.225 0.008694805463 2
0 0.255 0.235 0.009069980859 2
0 0.255 0.245 0.009387493778 2
0 0.255 0.255 0.00963102173 2
0 0.255 0.265 0.009791429131 2
0 0.255 0.275 0.009866855159 2
0 0.255 0.285 0.009862274922 2
0 0.255 0.295 0.009788263414 2
0 0.255 0.305 0.009642339027 2
0 0.255 0.315 0.0094670895 2
0 0.255 0.325 0.00917874262 2
0 0.255 0.335 0.008659901926 2
0 0.255 0.345 0.00771078334 2
0 0.255 0.355 0.006258855828 2
0 0.255 0.365 0.004175509802 2
0 0.255 0.375 0.001862660516 2
0 0.255 0.385 -0.0008018126105 2
0 0.255 0.395 -0.002213814725 2
0 0.255 0.405 -0.002035459643 2
0 0.255 0.415 -0.0009485217286 2
0 0.255 0.425 0 2
0 0.255 0.435 0 2
0 0.255 0.445 0 2
0 0.255 0.455 0 2
0 0.255 0.465 0 2
0 0.265 -0.455 0 2
0 0.265 -0.445 0 2
0 0.265 -0.435 0 1
0 0.265 -0.425 0 1
0 0.265 -0.415 0.000156153294 1
0 0.265 -0.405 0.0003247098151 1
0 0.265 -0.395 0.0005687609319 1
0 0.265 -0.385 0.0007733505298 1
0 0.265 -0.375 0.001076064269 1
0 0.265 -0.365 0.001571612794 2
0 0.265 -0.355 0.002357200021 2
0 0.265 -0.345 0.003436760356 2
0 0.265 -0.335 0.004646595494 2
0 0.265 -0.325 0.005840799766 2
0 0.265 -0.315 0.006754204146 2
0 0.265 -0.305 0.007477485445 2
0 0.265 -0.295 0.0079917183 2
0 0.265 -0.285 0.00830806366 2
0 0.265 -0.275 0.008425299473 2
0 0.265 -0.265 0.008341563675 2
0 0.265 -0.255 0.00805438305 2
0 0.265 -0.245 0.007532714197 2
0 0.265 -0.235 0.006858739468 2
0 0.265 -0.225 0.006174523772 2
0 0.265 -0.215 0.005680472816 2
0 0.265 -0.205 0.005556436516 2
0 0.265 -0.195 0.005939596694 2
0 0.265 -0.185 0.006656922473 2
0 0.265 -0.175 0.007405827967 2
0 0.265 -0.165 0.007806435141 2
0 0.265 -0.155 0.007514805272 2
0 0.265 -0.145 0.006569911842 2
0 0.265 -0.135 0.005249116368 2
0 0.265 -0.125 0.003863947948 2
0 0.265 -0.115 0.002694537261 2
0 0.265 -0.105 0.001827086294 2
0 0.265 -0.095 0.001149483468 2
0 0.265 -0.085 0.0006274316189 2
0 0.265 -0.075 0.0002595773003 2
0 0.265 -0.065 -0.0001675458181 2
0 0.265 -0.055 -0.0006554033784 2
0 0.265 -0.045 -0.001186060357 2
0 0.265 -0.035 -0.001590289143 2
0 0.265 -0.025 -0.001931275603 2
0 0.265 -0.015 -0.0021929316 2
0 0.265 -0.005 -0.002380803249 2
0 0.265 0.005 -0.002493483099 2
0 0.265 0.015 -0.002545916649 2
0 0.265 0.025 -0.002537896543 2
0 0.265 0.035 -0.00240200554 2
0 0.265 0.045 -0.002098575755 2
0 0.265 0.055 -0.001619918898 2
0 0.265 0.065 -0.0009820307967 2
0 0.265 0.075 -0.0002277972872 2
0 0.265 0.085 0.0006095164225 2
0 0.265 0.095 0.001479557518 2
0 0.265 0.105 0.002341183428 2
0 0.265 0.115 0.003155074624 2
0 0.265 0.125 0.003890066458 2
0 0.265 0.135 0.004518969251 2
0 0.265 0.145 0.005029764402 2
0 0.265 0.155 0.005428114954 2
0 0.265 0.165 0.005742090024 2
0 0.265 0.175 0.006015151834 2
0 0.265 0.185 0.006293921121 2
0 0.265 0.195 0.006614841214 2
0 0.265 0.205 0.006990982981 2
0 0.265 0.215 0.007412295318 2
0 0.265 0.225 0.007848431002 2
0 0.265 0.235 0.008262513836 2
0 0.265 0.245 0.00861984489 2
0 0.265 0.255 0.008895963613 2
0 0.265 0.265 0.009076667864 2
0 0.265 0.275 0.009156763644 2
0 0.265 0.285 0.009136199734 2
0 0.265 0.295 0.009020002397 2
0 0.265 0.305 0.008803786444 2
0 0.265 0.315 0.008493104938 2
0 0.265 0.325 0.008038902202 2
0 0.265 0.335 0.007372341356 2
0 0.265 0.345 0.006377122886 2
0 0.265 0.355 0.005026150034 2
0 0.265 0.365 0.003270825003 2
0 0.265 0.375 0.00139115343 2
0 0.265 0.385 -0.0007589186594 2
0 0.265 0.395 -0.001865429199 2
0 0.265 0.405 -0.001730101407 2
0 0.265 0.415 -0.0007938467777 2
0 0.265 0.425 0 2
0 0.265 0.435 0 2
0 0.265 0.445 0 2
0 0.265 0.455 0 2
0 0.265 0.465 0 2
0 0.275 -0.455 0 2
0 0.275 -0.445 0 2
0 0.275 -0.435 0 1
0 0.275 -0.425 0 1
0 0.275 -0.415 -7.43497846e-07 1
0 0.275 -0.405 1.603767e-05 1
0 0.275 -0.395 0.000299541476 1
0 0.275 -0.385 0.0006852100145 1
0 0.275 -0.375 0.001259948296 1
0 0.275 -0.365 0.001880732231 2
0 0.275 -0.355 0.002732515348 2
0 0.275 -0.345 0.003754239092 2
0 0.275 -0.335 0.004793805091 2
0 0.275 -0.325 0.005787489575 2
0 0.275 -0.315 0.006566375073 2
0 0.275 -0.305 0.007183947308 2
0 0.275 -0.295 0.007620672026 2
0 0.275 -0.285 0.007876689767 2
0 0.275 -0.275 0.007941838063 2
0 0.275 -0.265 0.007804668679 2
0 0.275 -0.255 0.007436119091 2
0 0.275 -0.245 0.006799133195 2
0 0.275 -0.235 0.005977893013 2
0 0.275 -0.225 0.005129878792 2
0 0.275 -0.215 0.004504466924 2
0 0.275 -0.205 0.004177599629 2
0 0.275 -0.195 0.004418018897 2
0 0.275 -0.185 0.005081942166 2
0 0.275 -0.175 0.005835715363 2
0 0.275 -0.165 0.006295574889 2
0 0.275 -0.155 0.00623039223 2
0 0.275 -0.145 0.00562855643 2
0 0.275 -0.135 0.004733285125 2
0 0.275 -0.125 0.003816818647 2
0 0.275 -0.115 0.002939108355 2
0 0.275 -0.105 0.00224381607 2
0 0.275 -0.095 0.001809247814 1
0 0.275 -0.085 0.001457001514 1
0 0.275 -0.075 0.001049384912 1
0 0.275 -0.065 0.000637827729 1
0 0.275 -0.055 0.0002488175542 1
0 0.275 -0.045 -0.000168266076 2
0 0.275 -0.035 -0.0006212454686 2
0 0.275 -0.025 -0.0009547270292 2
0 0.275 -0.015 -0.001296347826 2
0 0.275 -0.005 -0.001640847246 2
0 0.275 0.005 -0.001968645054 2
0 0.275 0.015 -0.002250787803 2
0 0.275 0.025 -0.002474237327 2
0 0.275 0.035 -0.00252695747 2
0 0.275 0.045 -0.002334245226 2
0 0.275 0.055 -0.001871576109 2
0 0.275 0.065 -0.001169327538 2
0 0.275 0.075 -0.0003248189881 2
0 0.275 0.085 0.0006056785444 2
0 0.275 0.095 0.001545422921 2
0 0.275 0.105 0.002460971363 2
0 0.275 0.115 0.003300932224 2
0 0.275 0.125 0.004024964816 2
0 0.275 0.135 0.0045913168 2
0 0.275 0.145 0.004982178195 2
0 0.275 0.155 0.005204428607 2
0 0.275 0.165 0.005304953056 2
0 0.275 0.175 0.005361346334 2
0 0.275 0.185 0.005460010588 2
0 0.275 0.195 0.005669022563 2
0 0.275 0.205 0.006006634477 2
0 0.275 0.215 0.006450645016 2
0 0.275 0.225 0.006945099997 2
0 0.275 0.235 0.007429697364 2
0 0.275 0.245 0.007850389402 2
0 0.275 0.255 0.008172951283 2
0 0.275 0.265 0.008379847209 2
0 0.275 0.275 0.008465594297 2
0 0.275 0.285 0.008429065818 2
0 0.275 0.295 0.008271750059 2
0 0.275 0.305 0.007989350623 2
0 0.275 0.315 0.00756876674 2
0 0.275 0.325 0.006979236097 2
0 0.275 0.335 0.006189644719 2
0 0.275 0.345 0.005158431735 2
0 0.275 0.355 0.003896525073 2
0 0.275 0.365 0.0023951066 2
0 0.275 0.375 0.0008670510435 2
0 0.275 0.385 -0.0009224277165 2
0 0.275 0.395 -0.00179145652 2
0 0.275 0.405 -0.001630041731 2
0 0.275 0.415 -0.0007289454408 2
0 0.275 0.425 0 2
0 0.275 0.435 0 2
0 0.275 0.445 0 2
0 0.275 0.455 0 2
0 0.275 0.465 0 2
0 0.285 -0.455 0 2
0 0.285 -0.445 0 2
0 0.285 -0.435 0 1
0 0.285 -0.425 0 1
0 0.285 -0.415 -0.0001678263331 1
0 0.285 -0.405 -0.0003246531471 1
0 0.285 -0.395 -7.87526718e-05 1
0 0.285 -0.385 0.0004859782728 1
0 0.285 -0.375 0.00140532288 1
0 0.285 -0.365 0.002284023426 2
0 0.285 -0.355 0.003252420993 2
0 0.285 -0.345 0.004208751547 2
0 0.285 -0.335 0.005081676113 2
0 0.285 -0.325 0.005854651766 2
0 0.285 -0.315 0.006494020265 2
0 0.285 -0.305 0.006999557742 2
0 0.285 -0.295 0.007355890511 2
0 0.285 -0.285 0.007551818957 2
0 0.285 -0.275 0.007571735383 2
0 0.285 -0.265 0.00739847824 2
0 0.285 -0.255 0.00697981282 2
0 0.285 -0.245 0.006296686773 2
0 0.285 -0.235 0.005401851334 2
0 0.285 -0.225 0.004435074689 2
0 0.285 -0.215 0.003598002775 2
0 0.285 -0.205 0.003104227342 1
0 0.285 -0.195 0.003156616585 1
0 0.285 -0.185 0.003737967749 1
0 0.285 -0.175 0.004444815335 1
0 0.285 -0.165 0.004877946265 2
0 0.285 -0.155 0.005019575083 2
0 0.285 -0.145 0.004960273327 2
0 0.285 -0.135 0.004652061752 2
0 0.285 -0.125 0.004062677515 2
0 0.285 -0.115 0.003381684096 1
0 0.285 -0.105 0.002872402818 1
0 0.285 -0.095 0.002416702588 1
0 0.285 -0.085 0.001831292563 1
0 0.285 -0.075 0.001160475236 1
0 0.285 -0.065 0.0005708355717 1
0 0.285 -0.055 0.0001681947738 1
0 0.285 -0.045 -1.061111989e-05 1
0 0.285 -0.035 -0.0002251730002 2
0 0.285 -0.025 -0.0003584181883 2
0 0.285 -0.015 -0.0005873258689 2
0 0.285 -0.005 -0.0008977339502 2
0 0.285 0.005 -0.001327032084 2
0 0.285 0.015 -0.001807964379 2
0 0.285 0.025 -0.00231565267 2
0 0.285 0.035 -0.002640206239 2
0 0.285 0.045 -0.002629581364 2
0 0.285 0.055 -0.002189270879 2
0 0.285 0.065 -0.001407029192 2
0 0.285 0.075 -0.0004355315185 2
0 0.285 0.085 0.0006325665097 2
0 0.285 0.095 0.001672435038 2
0 0.285 0.105 0.002671522544 2
0 0.285 0.115 0.003560599614 2
0 0.285 0.125 0.004314200359 2
0 0.285 0.135 0.00486302722 2
0 0.285 0.145 0.005157185115 2
0 0.285 0.155 0.005153806954 2
0 0.285 0.165 0.004914563273 2
0 0.285 0.175 0.004595665539 2
0 0.285 0.185 0.004383107515 2
0 0.285 0.195 0.004431240015 2
0 0.285 0.205 0.00477001355 2
0 0.285 0.215 0.005332758722 2
0 0.285 0.225 0.005973965856 2
0 0.285 0.235 0.006586468072 2
0 0.285 0.245 0.007095842013 2
0 0.285 0.255 0.007478882205 2
0 0.285 0.265 0.00771796099 2
0 0.285 0.275 0.007811349703 2
0 0.285 0.285 0.007761464082 2
0 0.285 0.295 0.007570392351 2
0 0.285 0.305 0.007236538236 2
0 0.285 0.315 0.006753191667 2
0 0.285 0.325 0.006105531283 2
0 0.285 0.335 0.00528095375 2
0 0.285 0.345 0.004265392151 2
0 0.285 0.355 0.00308290033 2
0 0.285 0.365 0.001725908045 2
0 0.285 0.375 0.0003790010049 2
0 0.285 0.385 -0.001250378491 2
0 0.285 0.395 -0.001977375275 2
0 0.285 0.405 -0.001726332748 2
0 0.285 0.415 -0.0007550767071 2
0 0.285 0.425 0 2
0 0.285 0.435 0 2
0 0.285 0.445 0 2
0 0.285 0.455 0 2
0 0.285 0.465 0 2
0 0.295 -0.455 0 2
0 0.295 -0.445 0 2
0 0.295 -0.435 0 1
0 0.295 -0.425 0 1
0 0.295 -0.415 -0.0003720792091 1
0 0.295 -0.405 -0.0007239677332 1
0 0.295 -0.395 -0.0004838263097 1
0 0.295 -0.385 0.0003415752107 1
0 0.295 -0.375 0.00168985858 1
0 0.295 -0.365 0.002847905148 2
0 0.295 -0.355 0.00390864418 2
0 0.295 -0.345 0.004763893634 2
0 0.295 -0.335 0.005446027747 2
0 0.295 -0.325 0.005994995711 2
0 0.295 -0.315 0.006497656611 2
0 0.295 -0.305 0.00689468453 2
0 0.295 -0.295 0.007174520457 2
0 0.295 -0.285 0.007315975503 2
0 0.295 -0.275 0.007302905419 2
0 0.295 -0.265 0.007118465072 2
0 0.295 -0.255 0.006710340579 2
0 0.295 -0.245 0.006078831362 2
0 0.295 -0.235 0.005241252924 2
0 0.295 -0.225 0.004299675334 2
0 0.295 -0.215 0.003293087361 2
0 0.295 -0.205 0.002762799246 1
0 0.295 -0.195 0.00259139399 1
0 0.295 -0.185 0.002920164185 1
0 0.295 -0.175 0.003387054421 1
0 0.295 -0.165 0.003801409281 1
0 0.295 -0.155 0.004178188874 2
0 0.295 -0.145 0.004476623557 2
0 0.295 -0.135 0.004576106319 2
0 0.295 -0.125 0.004397967243 1
0 0.295 -0.115 0.004003886699 1
0 0.295 -0.105 0.003500056944 1
0 0.295 -0.095 0.002763234976 1
0 0.295 -0.085 0.001773882336 1
0 0.295 -0.075 0.0007281996505 1
0 0.295 -0.065 -0.0001494997305 1
0 0.295 -0.055 -0.0006122043795 1
0 0.295 -0.045 -0.0006423551143 1
0 0.295 -0.035 -0.0005257554594 2
0 0.295 -0.025 -0.0004350408266 2
0 0.295 -0.015 -0.0004204342473 2
0 0.295 -0.005 -0.0005308725359 2
0 0.295 0.005 -0.0009060570913 2
0 0.295 0.015 -0.001453160099 2
0 0.295 0.025 -0.002123133793 2
0 0.295 0.035 -0.002631014661 2
0 0.295 0.045 -0.002812155007 2
0 0.295 0.055 -0.002465399877 2
0 0.295 0.065 -0.001648263023 2
0 0.295 0.075 -0.000529493519 2
0 0.295 0.085 0.0007057092116 2
0 0.295 0.095 0.001871352022 2
0 0.295 0.105 0.003006207815 2
0 0.295 0.115 0.004013603939 2
0 0.295 0.125 0.00485115988 2
0 0.295 0.135 0.005365891065 2
0 0.295 0.145 0.005466738569 2
0 0.295 0.155 0.005112515815 2
0 0.295 0.165 0.004405442922 2
0 0.295 0.175 0.003628668104 2
0 0.295 0.185 0.003076323121 2
0 0.295 0.195 0.002982055248 2
0 0.295 0.205 0.003357699611 2
0 0.295 0.215 0.004092259298 2
0 0.295 0.225 0.00495154571 2
0 0.295 0.235 0.005755973422 2
0 0.295 0.245 0.006387825036 2
0 0.295 0.255 0.006838056406 2
0 0.295 0.265 0.007110941462 2
0 0.295 0.275 0.00721153254 2
0 0.295 0.285 0.00714963294 2
0 0.295 0.295 0.006931067804 2
0 0.295 0.305 0.006558813911 2
0 0.295 0.315 0.006032590739 2
0 0.295 0.325 0.005349079134 2
0 0.295 0.335 0.004508795603 2
0 0.295 0.345 0.003511789126 2
0 0.295 0.355 0.00238843738 2
0 0.295 0.365 0.001126291477 2
0 0.295 0.375 -0.0001031545966 2
0 0.295 0.385 -0.001641214629 2
0 0.295 0.395 -0.002259361135 2
0 0.295 0.405 -0.001893653309 2
0 0.295 0.415 -0.0008159497476 2
0 0.295 0.425 0 2
0 0.295 0.435 0 2
0 0.295 0.445 0 2
0 0.295 0.455 0 2
0 0.295 0.465 0 2
0 0.305 -0.455 0 2
0 0.305 -0.445 0 2
0 0.305 -0.435 0 2
0 0.305 -0.425 0 1
0 0.305 -0.415 -0.0006240193585 1
0 0.305 -0.405 -0.00120037219 1
0 0.305 -0.395 -0.0008551593379 1
0 0.305 -0.385 0.0003223278144 1
0 0.305 -0.375 0.002147656057 1
0 0.305 -0.365 0.003462639639 2
0 0.305 -0.355 0.00456325987 2
0 0.305 -0.345 0.005319793561 2
0 0.305 -0.335 0.005808354562 2
0 0.305 -0.325 0.006156517018 2
0 0.305 -0.315 0.006537136636 2
0 0.305 -0.305 0.006840214921 2
0 0.305 -0.295 0.007053077376 2
0 0.305 -0.285 0.007147126226 2
0 0.305 -0.275 0.00711071117 2
0 0.305 -0.265 0.006935501475 2
0 0.305 -0.255 0.006599825298 2
0 0.305 -0.245 0.006107400833 2
0 0.305 -0.235 0.005413376303 2
0 0.305 -0.225 0.004588654461 2
0 0.305 -0.215 0.003604864995 1
0 0.305 -0.205 0.003066300788 1
0 0.305 -0.195 0.002744281834 1
0 0.305 -0.185 0.002767762449 1
0 0.305 -0.175 0.002906859673 1
0 0.305 -0.165 0.003269412786 1
0 0.305 -0.155 0.003819478841 1
0 0.305 -0.145 0.004289205615 2
0 0.305 -0.135 0.004605093061 1
0 0.305 -0.125 0.004778235087 1
0 0.305 -0.115 0.004584548764 1
0 0.305 -0.105 0.003919080536 1
0 0.305 -0.095 0.002792744297 1
0 0.305 -0.085 0.00138964254 1
0 0.305 -0.075 -1.277999002e-05 1
0 0.305 -0.065 -0.001166208747 1
0 0.305 -0.055 -0.001781793544 1
0 0.305 -0.045 -0.001846552597 1
0 0.305 -0.035 -0.001512826096 1
0 0.305 -0.025 -0.001173001477 1
0 0.305 -0.015 -0.0008888023909 1
0 0.305 -0.005 -0.0007713723674 1
0 0.305 0.005 -0.000994427852 1
0 0.305 0.015 -0.001503085323 1
0 0.305 0.025 -0.002118541306 2
0 0.305 0.035 -0.002624818632 2
0 0.305 0.045 -0.002895265732 2
0 0.305 0.055 -0.002646103725 2
0 0.305 0.065 -0.001819681016 2
0 0.305 0.075 -0.0005649598061 2
0 0.305 0.085 0.0008266323753 2
0 0.305 0.095 0.002152397215 2
0 0.305 0.105 0.003479618487 2
0 0.305 0.115 0.004634261327 2
0 0.305 0.125 0.005508191245 2
0 0.305 0.135 0.005893442652 2
0 0.305 0.145 0.005629280782 2
0 0.305 0.155 0.004757918308 2
0 0.305 0.165 0.003533358506 2
0 0.305 0.175 0.00242258515 2
0 0.305 0.185 0.001683257706 2
0 0.305 0.195 0.001535474894 2
0 0.305 0.205 0.001968009604 2
0 0.305 0.215 0.002893345117 2
0 0.305 0.225 0.003992579982 2
0 0.305 0.235 0.005003590545 2
0 0.305 0.245 0.005770994406 2
0 0.305 0.255 0.00628043504 2
0 0.305 0.265 0.006579528511 2
0 0.305 0.275 0.006681666479 2
0 0.305 0.285 0.00660604335 2
0 0.305 0.295 0.006363594406 2
0 0.305 0.305 0.005962561917 2
0 0.305 0.315 0.005408460242 2
0 0.305 0.325 0.004705293196 2
0 0.305 0.335 0.003860944172 2
0 0.305 0.345 0.002881432362 2
0 0.305 0.355 0.001799193011 2
0 0.305 0.365 0.0005955833278 2
0 0.305 0.375 -0.0005617298932 2
0 0.305 0.385 -0.002051811673 2
0 0.305 0.395 -0.002584943315 2
0 0.305 0.405 -0.00209388803 2
0 0.305 0.415 -0.0008941749378 2
0 0.305 0.425 0 2
0 0.305 0.435 0 2
0 0.305 0.445 0 2
0 0.305 0.455 0 2
0 0.305 0.465 0 2
0 0.315 -0.455 0 2
0 0.315 -0.445 0 2
0 0.315 -0.435 0 2
0 0.315 -0.425 0 1
0 0.315 -0.415 -0.0008941915751 1
0 0.315 -0.405 -0.001754724815 1
0 0.315 -0.395 -0.001301653837 1
0 0.315 -0.385 0.0002550078704 1
0 0.315 -0.375 0.002606226477 1
0 0.315 -0.365 0.004017241866 2
0 0.315 -0.355 0.005155943995 2
0 0.315 -0.345 0.005800175024 2
0 0.315 -0.335 0.006095016348 2
0 0.315 -0.325 0.006288479204 2
0 0.315 -0.315 0.00657923297 2
0 0.315 -0.305 0.006813322976 2
0 0.315 -0.295 0.006971882799 2
0 0.315 -0.285 0.007022100283 2
0 0.315 -0.275 0.006961747116 2
0 0.315 -0.265 0.00680006437 2
0 0.315 -0.255 0.006562060609 2
0 0.315 -0.245 0.006244699432 2
0 0.315 -0.235 0.005780403101 2
0 0.315 -0.225 0.005173974039 2
0 0.315 -0.215 0.004489950108 1
0 0.315 -0.205 0.003931521496 1
0 0.315 -0.195 0.003495721402 1
0 0.315 -0.185 0.00317633305 1
0 0.315 -0.175 0.003054328332 1
0 0.315 -0.165 0.003332247264 1
0 0.315 -0.155 0.003890591959 1
0 0.315 -0.145 0.004464909571 1
0 0.315 -0.135 0.00492386739 1
0 0.315 -0.125 0.005156597212 1
0 0.315 -0.115 0.004851493971 1
0 0.315 -0.105 0.003809931658 1
0 0.315 -0.095 0.002284180639 1
0 0.315 -0.085 0.0006086814548 1
0 0.315 -0.075 -0.001003380021 1
0 0.315 -0.065 -0.002299377139 1
0 0.315 -0.055 -0.00304979258 1
0 0.315 -0.045 -0.003234376512 1
0 0.315 -0.035 -0.002934815189 1
0 0.315 -0.025 -0.002501062987 1
0 0.315 -0.015 -0.0020766926 1
0 0.315 -0.005 -0.001788781672 1
0 0.315 0.005 -0.001776721335 1
0 0.315 0.015 -0.002054011901 1
0 0.315 0.025 -0.002431887312 1
0 0.315 0.035 -0.002824684093 1
0 0.315 0.045 -0.003040237619 2
0 0.315 0.055 -0.002761127561 2
0 0.315 0.065 -0.001881113866 2
0 0.315 0.075 -0.0005332145221 2
0 0.315 0.085 0.001002570787 2
0 0.315 0.095 0.002523680706 2
0 0.315 0.105 0.004039970306 2
0 0.315 0.115 0.005274278299 2
0 0.315 0.125 0.005986000532 2
0 0.315 0.135 0.005975290499 2
0 0.315 0.145 0.005236344865 2
0 0.315 0.155 0.003979642148 2
0 0.315 0.165 0.002464398604 2
0 0.315 0.175 0.001193957669 2
0 0.315 0.185 0.0004473396793 2
0 0.315 0.195 0.0003728032417 2
0 0.315 0.205 0.0009354444418 2
0 0.315 0.215 0.001984799599 2
0 0.315 0.225 0.003259988854 2
0 0.315 0.235 0.00441848582 2
0 0.315 0.245 0.005292613986 2
0 0.315 0.255 0.005835125817 2
0 0.315 0.265 0.006141446531 2
0 0.315 0.275 0.006233034535 2
0 0.315 0.285 0.006137634473 2
0 0.315 0.295 0.005870563125 2
0 0.315 0.305 0.005444122977 2
0 0.315 0.315 0.004867945488 2
0 0.315 0.325 0.00415053873 2
0 0.315 0.335 0.003303952268 2
0 0.315 0.345 0.002336800643 2
0 0.315 0.355 0.001282184954 2
0 0.315 0.365 0.0001159353518 2
0 0.315 0.375 -0.000993716112 2
0 0.315 0.385 -0.002456683847 2
0 0.315 0.395 -0.002918468469 2
0 0.315 0.405 -0.002300834018 2
0 0.315 0.415 -0.0009773096931 2
0 0.315 0.425 0 2
0 0.315 0.435 0 2
0 0.315 0.445 0 2
0 0.315 0.455 0 2
0 0.315 0.465 0 2
0 0.325 -0.455 0 2
0 0.325 -0.445 0 2
0 0.325 -0.435 0 2
0 0.325 -0.425 0 2
0 0.325 -0.415 -0.00105612303 1
0 0.325 -0.405 -0.00210105767 1
0 0.325 -0.395 -0.001593535748 1
0 0.325 -0.385 0.0002356481753 1
0 0.325 -0.375 0.002934931416 2
0 0.325 -0.365 0.004435078641 2
0 0.325 -0.355 0.005553292771 2
0 0.325 -0.345 0.006048547582 2
0 0.325 -0.335 0.006221337323 2
0 0.325 -0.325 0.006350491693 2
0 0.325 -0.315 0.00659956127 2
0 0.325 -0.305 0.006796647234 2
0 0.325 -0.295 0.00692100897 2
0 0.325 -0.285 0.006930299892 2
0 0.325 -0.275 0.006827337606 2
0 0.325 -0.265 0.006642938489 2
0 0.325 -0.255 0.006462587207 2
0 0.325 -0.245 0.006311774819 2
0 0.325 -0.235 0.006133585732 2
0 0.325 -0.225 0.005808282677 2
0 0.325 -0.215 0.005513114013 1
0 0.325 -0.205 0.004991655321 1
0 0.325 -0.195 0.004558424746 1
0 0.325 -0.185 0.004106723105 1
0 0.325 -0.175 0.003923273006 1
0 0.325 -0.165 0.004085594589 1
0 0.325 -0.155 0.004524481957 1
0 0.325 -0.145 0.005092736995 1
0 0.325 -0.135 0.005485143793 1
0 0.325 -0.125 0.005387902646 1
0 0.325 -0.115 0.004648959118 1
0 0.325 -0.105 0.003208991542 1
0 0.325 -0.095 0.001403840305 1
0 0.325 -0.085 -0.0004594957817 1
0 0.325 -0.075 -0.00217948894 1
0 0.325 -0.065 -0.003533295552 1
0 0.325 -0.055 -0.004382170373 1
0 0.325 -0.045 -0.004692050606 1
0 0.325 -0.035 -0.004519329043 1
0 0.325 -0.025 -0.004129534266 1
0 0.325 -0.015 -0.003691578985 1
0 0.325 -0.005 -0.003323733941 1
0 0.325 0.005 -0.003105682746 1
0 0.325 0.015 -0.003058169739 1
0 0.325 0.025 -0.003121390687 1
0 0.325 0.035 -0.003247410545 1
0 0.325 0.045 -0.003243085994 2
0 0.325 0.055 -0.002803779071 2
0 0.325 0.065 -0.001832222396 2
0 0.325 0.075 -0.0004614687011 2
0 0.325 0.085 0.001165215485 2
0 0.325 0.095 0.002841658515 2
0 0.325 0.105 0.004445989796 2
0 0.325 0.115 0.005578792394 2
0 0.325 0.125 0.005907345909 2
0 0.325 0.135 0.005397607674 2
0 0.325 0.145 0.004379527916 2
0 0.325 0.155 0.003086006614 2
0 0.325 0.165 0.001567312889 1
0 0.325 0.175 0.0002154075416 1
0 0.325 0.185 -0.0004533987242 1
0 0.325 0.195 -0.000364626729 2
0 0.325 0.205 0.0004851130968 2
0 0.325 0.215 0.001592905847 2
0 0.325 0.225 0.002897787651 2
0 0.325 0.235 0.004092797184 2
0 0.325 0.245 0.004994232282 2
0 0.325 0.255 0.005524089522 2
0 0.325 0.265 0.005807671389 2
0 0.325 0.275 0.005871011783 2
0 0.325 0.285 0.005746104606 2
0 0.325 0.295 0.005450548447 2
0 0.325 0.305 0.004998697586 2
0 0.325 0.315 0.004402380179 2
0 0.325 0.325 0.003672376064 2
0 0.325 0.335 0.002822725132 2
0 0.325 0.345 0.001862818892 2
0 0.325 0.355 0.0008258328177 2
0 0.325 0.365 -0.0003169198936 2
0 0.325 0.375 -0.0013943666 2
0 0.325 0.385 -0.002842014578 2
0 0.325 0.395 -0.003242513348 2
0 0.325 0.405 -0.002502528287 2
0 0.325 0.415 -0.001059657117 2
0 0.325 0.425 0 2
0 0.325 0.435 0 2
0 0.325 0.445 0 2
0 0.325 0.455 0 2
0 0.325 0.465 0 2
0 0.335 -0.455 0 2
0 0.335 -0.445 0 2
0 0.335 -0.435 0 2
0 0.335 -0.425 0 2
0 0.335 -0.415 -0.001001193144 2
0 0.335 -0.405 -0.001959602044 2
0 0.335 -0.395 -0.00146991104 2
0 0.335 -0.385 0.0003578990986 2
0 0.335 -0.375 0.003052302361 2
0 0.335 -0.365 0.004587248439 2
0 0.335 -0.355 0.005583827979 2
0 0.335 -0.345 0.005966253279 2
0 0.335 -0.335 0.00614438404 2
0 0.335 -0.325 0.006318438112 2
0 0.335 -0.315 0.00659393728 2
0 0.335 -0.305 0.006807678331 2
0 0.335 -0.295 0.006922576484 2
0 0.335 -0.285 0.006871013303 2
0 0.335 -0.275 0.006665869941 2
0 0.335 -0.265 0.006389549676 2
0 0.335 -0.255 0.006186329186 2
0 0.335 -0.245 0.006167443475 2
0 0.335 -0.235 0.006263214137 2
0 0.335 -0.225 0.00626148572 2
0 0.335 -0.215 0.006217055513 2
0 0.335 -0.205 0.005871796216 1
0 0.335 -0.195 0.005593537364 1
0 0.335 -0.185 0.005304085732 1
0 0.335 -0.175 0.0052163689 1
0 0.335 -0.165 0.005344387498 1
0 0.335 -0.155 0.005645351743 1
0 0.335 -0.145 0.005957114337 1
0 0.335 -0.135 0.00596337439 1
0 0.335 -0.125 0.005372953044 1
0 0.335 -0.115 0.004139980602 1
0 0.335 -0.105 0.002299068651 1
0 0.335 -0.095 0.0001881846434 1
0 0.335 -0.085 -0.001800229335 1
0 0.335 -0.075 -0.003474360296 1
0 0.335 -0.065 -0.004764089107 1
0 0.335 -0.055 -0.005665569043 1
0 0.335 -0.045 -0.00604954084 1
0 0.335 -0.035 -0.005994478239 1
0 0.335 -0.025 -0.005729672406 1
0 0.335 -0.015 -0.005372739526 1
0 0.335 -0.005 -0.005000221879 1
0 0.335 0.005 -0.004616028045 1
0 0.335 0.015 -0.004245895886 1
0 0.335 0.025 -0.003989097812 1
0 0.335 0.035 -0.003785350672 1
0 0.335 0.045 -0.003485572957 2
0 0.335 0.055 -0.002836964407 2
0 0.335 0.065 -0.001781876121 2
0 0.335 0.075 -0.0004068347694 2
0 0.335 0.085 0.001263106813 2
0 0.335 0.095 0.003002435962 2
0 0.335 0.105 0.004478959254 2
0 0.335 0.115 0.005253750504 2
0 0.335 0.125 0.005196738254 2
0 0.335 0.135 0.004389726614 2
0 0.335 0.145 0.00318604734 1
0 0.335 0.155 0.001833109948 1
0 0.335 0.165 0.0006267343759 1
0 0.335 0.175 -0.0002854911735 1
0 0.335 0.185 -0.000604940418 1
0 0.335 0.195 -0.0003319080139 1
0 0.335 0.205 0.0006502935681 2
0 0.335 0.215 0.001761493311 2
0 0.335 0.225 0.002980506522 2
0 0.335 0.235 0.004070561792 2
0 0.335 0.245 0.004891969158 2
0 0.335 0.255 0.0053532277 2
0 0.335 0.265 0.005578454545 2
0 0.335 0.275 0.005593299135 2
0 0.335 0.285 0.005427458235 2
0 0.335 0.295 0.00509786872 2
0 0.335 0.305 0.004618531835 2
0 0.335 0.315 0.00400160997 2
0 0.335 0.325 0.003258466899 2
0 0.335 0.335 0.002403738125 2
0 0.335 0.345 0.001446658591 2
0 0.335 0.355 0.0004202622373 2
0 0.335 0.365 -0.0007077855918 2
0 0.335 0.375 -0.001762596734 2
0 0.335 0.385 -0.003201389164 2
0 0.335 0.395 -0.00354828889 2
0 0.335 0.405 -0.002692946461 2
0 0.335 0.415 -0.001138221251 2
0 0.335 0.425 0 2
0 0.335 0.435 0 2
0 0.335 0.445 0 2
0 0.335 0.455 0 2
0 0.335 0.465 0 2
0 0.345 -0.455 0 2
0 0.345 -0.445 0 2
0 0.345 -0.435 0 2
0 0.345 -0.425 0 2
0 0.345 -0.415 -0.0007772617561 2
0 0.345 -0.405 -0.00146685496 2
0 0.345 -0.395 -0.001006737168 2
0 0.345 -0.385 0.0006081451612 2
0 0.345 -0.375 0.002927218614 2
0 0.345 -0.365 0.004296048013 2
0 0.345 -0.355 0.00517272153 2
0 0.345 -0.345 0.005588829713 2
0 0.345 -0.335 0.005879177554 2
0 0.345 -0.325 0.006198334219 2
0 0.345 -0.315 0.006573734941 2
0 0.345 -0.305 0.006847505298 2
0 0.345 -0.295 0.006949640957 2
0 0.345 -0.285 0.00680057416 2
0 0.345 -0.275 0.00640086361 2
0 0.345 -0.265 0.005940192699 2
0 0.345 -0.255 0.005620301274 2
0 0.345 -0.245 0.005679510841 2
0 0.345 -0.235 0.006025405309 2
0 0.345 -0.225 0.006414571001 2
0 0.345 -0.215 0.006595481749 2
0 0.345 -0.205 0.006641308591 1
0 0.345 -0.195 0.006607752685 1
0 0.345 -0.185 0.006535408949 1
0 0.345 -0.175 0.006500441511 1
0 0.345 -0.165 0.006599835275 1
0 0.345 -0.155 0.006742137148 1
0 0.345 -0.145 0.006651374693 1
0 0.345 -0.135 0.006097180337 1
0 0.345 -0.125 0.004971059631 1
0 0.345 -0.115 0.003339103819 1
0 0.345 -0.105 0.001214663162 1
0 0.345 -0.095 -0.001110683978 1
0 0.345 -0.085 -0.003192883473 1
0 0.345 -0.075 -0.004863440353 1
0 0.345 -0.065 -0.006051313709 1
0 0.345 -0.055 -0.006896192227 1
0 0.345 -0.045 -0.007271792958 1
0 0.345 -0.035 -0.007363066835 1
0 0.345 -0.025 -0.007274966294 1
0 0.345 -0.015 -0.007032723899 1
0 0.345 -0.005 -0.006679895799 1
0 0.345 0.005 -0.006182840586 1
0 0.345 0.015 -0.005571308982 1
0 0.345 0.025 -0.00504303565 1
0 0.345 0.035 -0.004493904162 1
0 0.345 0.045 -0.003844355978 2
0 0.345 0.055 -0.002958775034 2
0 0.345 0.065 -0.00184483421 2
0 0.345 0.075 -0.0004941079218 2
0 0.345 0.085 0.001123525999 2
0 0.345 0.095 0.002788571203 2
0 0.345 0.105 0.003942831689 2
0 0.345 0.115 0.004289435336 2
0 0.345 0.125 0.003963939618 2
0 0.345 0.135 0.002981926455 1
0 0.345 0.145 0.001735407037 1
0 0.345 0.155 0.0005731216889 1
0 0.345 0.165 -0.0001069951937 1
0 0.345 0.175 -0.0003855072199 1
0 0.345 0.185 -0.0002445261461 1
0 0.345 0.195 0.0003243742551 1
0 0.345 0.205 0.00134811305 2
0 0.345 0.215 0.002439219963 2
0 0.345 0.225 0.003491802621 2
0 0.345 0.235 0.004345710342 2
0 0.345 0.245 0.004969138476 2
0 0.345 0.255 0.005308432715 2
0 0.345 0.265 0.005441627821 2
0 0.345 0.275 0.005389435076 2
0 0.345 0.285 0.005172376885 2
0 0.345 0.295 0.004803664936 2
0 0.345 0.305 0.00429464498 2
0 0.345 0.315 0.003656192239 2
0 0.345 0.325 0.002898975819 2
0 0.345 0.335 0.002037289939 2
0 0.345 0.345 0.001079696859 2
0 0.345 0.355 5.900734656e-05 2
0 0.345 0.365 -0.001060074786 2
0 0.345 0.375 -0.00209852967 2
0 0.345 0.385 -0.003532241869 2
0 0.345 0.395 -0.003831944828 2
0 0.345 0.405 -0.002869526839 2
0 0.345 0.415 -0.001211658866 2
0 0.345 0.425 0 2
0 0.345 0.435 0 2
0 0.345 0.445 0 2
0 0.345 0.455 0 2
0 0.345 0.465 0 2
0 0.355 -0.455 0 2
0 0.355 -0.445 0 2
0 0.355 -0.435 0 2
0 0.355 -0.425 0 2
0 0.355 -0.415 -0.000510615874 2
0 0.355 -0.405 -0.0009156718593 2
0 0.355 -0.395 -0.0004972198794 2
0 0.355 -0.385 0.000772893115 2
0 0.355 -0.375 0.002530823475 2
0 0.355 -0.365 0.003652001899 2
0 0.355 -0.355 0.004473572411 2
0 0.355 -0.345 0.005020396522 2
0 0.355 -0.335 0.005479449449 2
0 0.355 -0.325 0.005986620783 2
0 0.355 -0.315 0.006499512829 2
0 0.355 -0.305 0.006859715118 2
0 0.355 -0.295 0.006904746894 2
0 0.355 -0.285 0.006554696351 2
0 0.355 -0.275 0.005921670422 2
0 0.355 -0.265 0.005338021711 2
0 0.355 -0.255 0.004996178668 2
0 0.355 -0.245 0.005194171799 2
0 0.355 -0.235 0.005740521781 2
0 0.355 -0.225 0.006395158841 2
0 0.355 -0.215 0.006922192201 1
0 0.355 -0.205 0.007399634447 1
0 0.355 -0.195 0.007675870814 1
0 0.355 -0.185 0.007762823271 1
0 0.355 -0.175 0.007675418503 1
0 0.355 -0.165 0.00754860088 1
0 0.355 -0.155 0.007276430707 1
0 0.355 -0.145 0.006680156484 1
0 0.355 -0.135 0.005645983894 1
0 0.355 -0.125 0.004150350868 1
0 0.355 -0.115 0.002247598032 1
0 0.355 -0.105 -3.090728668e-05 1
0 0.355 -0.095 -0.00240126911 1
0 0.355 -0.085 -0.004452384743 2
0 0.355 -0.075 -0.00609586086 2
0 0.355 -0.065 -0.007233697937 1
0 0.355 -0.055 -0.008019341302 1
0 0.355 -0.045 -0.008462526586 1
0 0.355 -0.035 -0.008773990377 1
0 0.355 -0.025 -0.008873146703 1
0 0.355 -0.015 -0.00874027909 1
0 0.355 -0.005 -0.008417313338 1
0 0.355 0.005 -0.007830466712 1
0 0.355 0.015 -0.007000524865 1
0 0.355 0.025 -0.006192106021 1
0 0.355 0.035 -0.005329189423 1
0 0.355 0.045 -0.004373323243 2
0 0.355 0.055 -0.00329204299 2
0 0.355 0.065 -0.002148261208 2
0 0.355 0.075 -0.0008558855564 2
0 0.355 0.085 0.0006117590986 2
0 0.355 0.095 0.002023694746 2
0 0.355 0.105 0.002833131873 2
0 0.355 0.115 0.003002574291 2
0 0.355 0.125 0.002484056041 1
0 0.355 0.135 0.001440925485 1
0 0.355 0.145 0.0002491997157 1
0 0.355 0.155 -0.0005703256605 1
0 0.355 0.165 -0.0006596102289 1
0 0.355 0.175 -0.0002625503441 1
0 0.355 0.185 0.0004229184819 1
0 0.355 0.195 0.001339854725 1
0 0.355 0.205 0.002424396664 2
0 0.355 0.215 0.003439501006 2
0 0.355 0.225 0.00426637056 2
0 0.355 0.235 0.004827149729 2
0 0.355 0.245 0.005173273453 2
0 0.355 0.255 0.005354318678 2
0 0.355 0.265 0.005372713903 2
0 0.355 0.275 0.005241353527 2
0 0.355 0.285 0.004966856432 2
0 0.355 0.295 0.004556354613 2
0 0.355 0.305 0.00401681615 2
0 0.355 0.315 0.003356642267 2
0 0.355 0.325 0.002584950191 2
0 0.355 0.335 0.001715125644 2
0 0.355 0.345 0.0007548150086 2
0 0.355 0.355 -0.0002633952369 2
0 0.355 0.365 -0.001377219665 2
0 0.355 0.375 -0.00240353026 2
0 0.355 0.385 -0.003834408102 2
0 0.355 0.395 -0.004092408739 2
0 0.355 0.405 -0.003031554501 2
0 0.355 0.415 -0.001279494986 2
0 0.355 0.425 0 2
0 0.355 0.435 0 2
0 0.355 0.445 0 2
0 0.355 0.455 0 2
0 0.355 0.465 0 2
0 0.365 -0.455 0 2
0 0.365 -0.445 0 2
0 0.365 -0.435 0 2
0 0.365 -0.425 0 2
0 0.365 -0.415 -0.0003229040106 2
0 0.365 -0.405 -0.0005618765245 2
0 0.365 -0.395 -0.0002717368816 2
0 0.365 -0.385 0.0006444591993 2
0 0.365 -0.375 0.001927653018 2
0 0.365 -0.365 0.002903665327 2
0 0.365 -0.355 0.00372445628 2
0 0.365 -0.345 0.00438402674 2
0 0.365 -0.335 0.004989429384 2
0 0.365 -0.325 0.005663491233 2
0 0.365 -0.315 0.006306198299 2
0 0.365 -0.305 0.006703188216 2
0 0.365 -0.295 0.006651216493 2
0 0.365 -0.285 0.006128473733 2
0 0.365 -0.275 0.005448724446 2
0 0.365 -0.265 0.00489825469 2
0 0.365 -0.255 0.004668358002 1
0 0.365 -0.245 0.004969709593 1
0 0.365 -0.235 0.005700939158 1
0 0.365 -0.225 0.00658647934 1
0 0.365 -0.215 0.007496137925 1
0 0.365 -0.205 0.008255055346 1
0 0.365 -0.195 0.008724024477 1
0 0.365 -0.185 0.008829433861 1
0 0.365 -0.175 0.00859402105 1
0 0.365 -0.165 0.008054510207 1
0 0.365 -0.155 0.007133599735 1
0 0.365 -0.145 0.005923330394 1
0 0.365 -0.135 0.004495785686 1
0 0.365 -0.125 0.00285128196 2
0 0.365 -0.115 0.0008252469451 2
0 0.365 -0.105 -0.001374265323 2
0 0.365 -0.095 -0.003407571412 2
0 0.365 -0.085 -0.005218376674 2
0 0.365 -0.075 -0.006852701144 2
0 0.365 -0.065 -0.008054364466 2
0 0.365 -0.055 -0.008817513757 2
0 0.365 -0.045 -0.009397641956 1
0 0.365 -0.035 -0.009912338503 1
0 0.365 -0.025 -0.01022496089 1
0 0.365 -0.015 -0.01022676803 1
0 0.365 -0.005 -0.009910460496 1
0 0.365 0.005 -0.009225355464 1
0 0.365 0.015 -0.008287467301 1
0 0.365 0.025 -0.00725720251 2
0 0.365 0.035 -0.00615257346 2
0 0.365 0.045 -0.004967330572 2
0 0.365 0.055 -0.00381516504 2
0 0.365 0.065 -0.002748511075 2
0 0.365 0.075 -0.001577379334 2
0 0.365 0.085 -0.0003339777852 2
0 0.365 0.095 0.0007271888451 2
0 0.365 0.105 0.001282581385 2
0 0.365 0.115 0.001483228518 2
0 0.365 0.125 0.0008688631591 1
0 0.365 0.135 -5.635808854e-05 1
0 0.365 0.145 -0.0009441495731 1
0 0.365 0.155 -0.001199263389 1
0 0.365 0.165 -0.0007687775609 1
0 0.365 0.175 9.831933262e-05 1
0 0.365 0.185 0.00119867076 1
0 0.365 0.195 0.002484473629 1
0 0.365 0.205 0.003646429588 2
0 0.365 0.215 0.004579314524 2
0 0.365 0.225 0.005139071421 2
0 0.365 0.235 0.005379786304 2
0 0.365 0.245 0.005430580384 2
0 0.365 0.255 0.005441123586 2
0 0.365 0.265 0.005338538806 2
0 0.365 0.275 0.005125639357 2
0 0.365 0.285 0.004793765073 2
0 0.365 0.295 0.004342767467 2
0 0.365 0.305 0.003774376404 2
0 0.365 0.315 0.003093887575 2
0 0.365 0.325 0.002308447188 2
0 0.365 0.335 0.001430297749 2
0 0.365 0.345 0.0004661480532 2
0 0.365 0.355 -0.0005515559352 2
0 0.365 0.365 -0.001662476712 2
0 0.365 0.375 -0.002679546913 2
0 0.365 0.385 -0.004108963278 2
0 0.365 0.395 -0.004330078631 2
0 0.365 0.405 -0.003179279402 2
0 0.365 0.415 -0.001341720725 2
0 0.365 0.425 0 2
0 0.365 0.435 0 2
0 0.365 0.445 0 2
0 0.365 0.455 0 2
0 0.365 0.465 0 2
0 0.375 -0.455 0 2
0 0.375 -0.445 0 2
0 0.375 -0.435 0 2
0 0.375 -0.425 0 2
0 0.375 -0.415 -0.000154346938 2
0 0.375 -0.405 -0.0002352463656 2
0 0.375 -0.395 -9.018389891e-05 2
0 0.375 -0.385 0.000521337866 2
0 0.375 -0.375 0.001399715468 2
0 0.375 -0.365 0.002257788618 2
0 0.375 -0.355 0.003074231837 2
0 0.375 -0.345 0.003775094279 2
0 0.375 -0.335 0.00442004416 2
0 0.375 -0.325 0.005171632566 2
0 0.375 -0.315 0.005893756314 2
0 0.375 -0.305 0.006298105549 2
0 0.375 -0.295 0.006227755925 2
0 0.375 -0.285 0.005670878486 2
0 0.375 -0.275 0.005090377082 1
0 0.375 -0.265 0.004675873906 1
0 0.375 -0.255 0.004756227875 1
0 0.375 -0.245 0.005282502425 1
0 0.375 -0.235 0.00613799769 1
0 0.375 -0.225 0.007112541241 1
0 0.375 -0.215 0.008127047312 1
0 0.375 -0.205 0.008969854726 1
0 0.375 -0.195 0.00945787851 1
0 0.375 -0.185 0.009478467332 1
0 0.375 -0.175 0.009030120567 1
0 0.375 -0.165 0.008022144525 1
0 0.375 -0.155 0.006512771393 1
0 0.375 -0.145 0.004791473358 1
0 0.375 -0.135 0.003076133783 2
0 0.375 -0.125 0.001295850797 2
0 0.375 -0.115 -0.0007274337967 2
0 0.375 -0.105 -0.002657619775 2
0 0.375 -0.095 -0.004292306922 2
0 0.375 -0.085 -0.005728887648 2
0 0.375 -0.075 -0.007024724841 2
0 0.375 -0.065 -0.008144819025 2
0 0.375 -0.055 -0.009069365708 2
0 0.375 -0.045 -0.009909099187 2
0 0.375 -0.035 -0.01058448431 2
0 0.375 -0.025 -0.01104989825 2
0 0.375 -0.015 -0.01115356008 2
0 0.375 -0.005 -0.0108670396 2
0 0.375 0.005 -0.01014544647 2
0 0.375 0.015 -0.009140888794 2
0 0.375 0.025 -0.007920245253 2
0 0.375 0.035 -0.006689774482 2
0 0.375 0.045 -0.00551314337 2
0 0.375 0.055 -0.004500419037 2
0 0.375 0.065 -0.003623077972 2
0 0.375 0.075 -0.002653119731 2
0 0.375 0.085 -0.001709541045 2
0 0.375 0.095 -0.000928002121 2
0 0.375 0.105 -0.0004640402109 2
0 0.375 0.115 -0.0002358775355 1
0 0.375 0.125 -0.0006465583998 1
0 0.375 0.135 -0.001182605334 1
0 0.375 0.145 -0.001587185173 1
0 0.375 0.155 -0.001392502247 1
0 0.375 0.165 -0.0006371744088 1
0 0.375 0.175 0.000615458119 1
0 0.375 0.185 0.0020812599 1
0 0.375 0.195 0.003696331704 1
0 0.375 0.205 0.004802018191 2
0 0.375 0.215 0.005635502373 2
0 0.375 0.225 0.005927734031 2
0 0.375 0.235 0.005857450414 2
0 0.375 0.245 0.005658426859 2
0 0.375 0.255 0.005513170022 2
0 0.375 0.265 0.005302078856 2
0 0.375 0.275 0.005016601265 2
0 0.375 0.285 0.004634849931 2
0 0.375 0.295 0.004149461716 2
0 0.375 0.305 0.00355699599 2
0 0.375 0.315 0.00285960823 2
0 0.375 0.325 0.00206250545 2
0 0.375 0.335 0.001176881786 2
0 0.375 0.345 0.0002087038703 2
0 0.375 0.355 -0.000809532207 2
0 0.375 0.365 -0.00191898205 2
0 0.375 0.375 -0.002928848618 2
0 0.375 0.385 -0.004357633162 2
0 0.375 0.395 -0.004546114801 2
0 0.375 0.405 -0.003313428092 2
0 0.375 0.415 -0.001398564593 2
0 0.375 0.425 0 2
0 0.375 0.435 0 2
0 0.375 0.445 0 2
0 0.375 0.455 0 2
0 0.375 0.465 0 2
0 0.385 -0.455 0 2
0 0.385 -0.445 0 2
0 0.385 -0.435 0 2
0 0.385 -0.425 0 2
0 0.385 -0.415 0.000103914768 2
0 0.385 -0.405 0.0003256750406 2
0 0.385 -0.395 0.0004620534938 2
0 0.385 -0.385 0.00072785276 2
0 0.385 -0.375 0.001130724044 2
0 0.385 -0.365 0.001796626676 2
0 0.385 -0.355 0.002516741617 2
0 0.385 -0.345 0.003174893237 2
0 0.385 -0.335 0.003768942062 2
0 0.385 -0.325 0.004478274101 2
0 0.385 -0.315 0.005186507092 2
0 0.385 -0.305 0.005609180652 2
0 0.385 -0.295 0.005609411895 2
0 0.385 -0.285 0.005198029751 1
0 0.385 -0.275 0.004894078718 1
0 0.385 -0.265 0.004826858712 1
0 0.385 -0.255 0.005196086336 1
0 0.385 -0.245 0.005908343605 1
0 0.385 -0.235 0.006816485888 1
0 0.385 -0.225 0.007773989924 1
0 0.385 -0.215 0.008682702126 1
0 0.385 -0.205 0.009389628666 1
0 0.385 -0.195 0.009709706328 1
0 0.385 -0.185 0.009534639315 1
0 0.385 -0.175 0.008822679333 1
0 0.385 -0.165 0.007417489208 1
0 0.385 -0.155 0.005531379821 1
0 0.385 -0.145 0.003434485896 1
0 0.385 -0.135 0.001473975368 2
0 0.385 -0.125 -0.0003994366702 2
0 0.385 -0.115 -0.002145370022 2
0 0.385 -0.105 -0.003607287732 2
0 0.385 -0.095 -0.004849979926 2
0 0.385 -0.085 -0.005924949052 2
0 0.385 -0.075 -0.006894065909 2
0 0.385 -0.065 -0.007864399475 2
0 0.385 -0.055 -0.008830240423 2
0 0.385 -0.045 -0.009769309953 2
0 0.385 -0.035 -0.01056042385 2
0 0.385 -0.025 -0.01111422904 2
0 0.385 -0.015 -0.01127122672 2
0 0.385 -0.005 -0.0110137975 2
0 0.385 0.005 -0.01031846468 2
0 0.385 0.015 -0.009355843077 2
0 0.385 0.025 -0.008213824783 2
0 0.385 0.035 -0.007077431671 2
0 0.385 0.045 -0.006066340712 2
0 0.385 0.055 -0.005273309319 2
0 0.385 0.065 -0.004639349264 2
0 0.385 0.075 -0.003987539176 2
0 0.385 0.085 -0.003397700846 2
0 0.385 0.095 -0.002810509727 2
0 0.385 0.105 -0.002306338934 2
0 0.385 0.115 -0.001960535703 1
0 0.385 0.125 -0.001914042411 1
0 0.385 0.135 -0.001970098901 1
0 0.385 0.145 -0.001910664673 1
0 0.385 0.155 -0.001389781374 1
0 0.385 0.165 -0.0002400526183 1
0 0.385 0.175 0.001426661404 1
0 0.385 0.185 0.003230934922 1
0 0.385 0.195 0.004923500583 2
0 0.385 0.205 0.005902379294 2
0 0.385 0.215 0.006487534744 2
0 0.385 0.225 0.006466682911 2
0 0.385 0.235 0.006143751654 2
0 0.385 0.245 0.005782076004 2
0 0.385 0.255 0.005519080988 2
0 0.385 0.265 0.00522831194 2
0 0.385 0.275 0.004889978385 2
0 0.385 0.285 0.004473180458 2
0 0.385 0.295 0.003964365262 2
0 0.385 0.305 0.003355751084 2
0 0.385 0.315 0.002646865177 2
0 0.385 0.325 0.001841443565 2
0 0.385 0.335 0.0009500544582 2
0 0.385 0.345 -2.166096413e-05 2
0 0.385 0.355 -0.00104084178 2
0 0.385 0.365 -0.002149659867 2
0 0.385 0.375 -0.003153788351 2
0 0.385 0.385 -0.004582404763 2
0 0.385 0.395 -0.004742011694 2
0 0.385 0.405 -0.003434915587 2
0 0.385 0.415 -0.001450361945 2
0 0.385 0.425 0 2
0 0.385 0.435 0 2
0 0.385 0.445 0 2
0 0.385 0.455 0 2
0 0.385 0.465 0 2
0 0.395 -0.455 0 2
0 0.395 -0.445 0 2
0 0.395 -0.435 0 2
0 0.395 -0.425 0 2
0 0.395 -0.415 0.0004558892729 2
0 0.395 -0.405 0.001128781024 2
0 0.395 -0.395 0.001512330176 2
0 0.395 -0.385 0.001490727713 2
0 0.395 -0.375 0.001318989051 2
0 0.395 -0.365 0.00165286079 2
0 0.395 -0.355 0.002113989362 2
0 0.395 -0.345 0.002567754297 2
0 0.395 -0.335 0.002961632871 2
0 0.395 -0.325 0.003447504466 2
0 0.395 -0.315 0.004011760316 2
0 0.395 -0.305 0.004486104816 2
0 0.395 -0.295 0.004708903662 2
0 0.395 -0.285 0.004698118022 1
0 0.395 -0.275 0.004738594509 1
0 0.395 -0.265 0.005061227054 1
0 0.395 -0.255 0.005723265923 1
0 0.395 -0.245 0.006581952637 1
0 0.395 -0.235 0.007451000566 1
0 0.395 -0.225 0.008257663159 1
0 0.395 -0.215 0.008910919158 1
0 0.395 -0.205 0.009295257397 1
0 0.395 -0.195 0.009328442617 1
0 0.395 -0.185 0.008984290353 1
0 0.395 -0.175 0.008083832751 2
0 0.395 -0.165 0.006424558985 2
0 0.395 -0.155 0.00432560951 2
0 0.395 -0.145 0.002089412823 2
0 0.395 -0.135 6.244019002e-05 2
0 0.395 -0.125 -0.001709562102 2
0 0.395 -0.115 -0.003083238517 2
0 0.395 -0.105 -0.004107440141 2
0 0.395 -0.095 -0.005021954712 2
0 0.395 -0.085 -0.00591902923 2
0 0.395 -0.075 -0.006780031637 2
0 0.395 -0.065 -0.007621342949 2
0 0.395 -0.055 -0.008477901536 2
0 0.395 -0.045 -0.009349366777 2
0 0.395 -0.035 -0.0101101417 2
0 0.395 -0.025 -0.01062148681 2
0 0.395 -0.015 -0.01076847927 2
0 0.395 -0.005 -0.01054155652 2
0 0.395 0.005 -0.009953172475 2
0 0.395 0.015 -0.009137883876 2
0 0.395 0.025 -0.008219203011 2
0 0.395 0.035 -0.007342736686 2
0 0.395 0.045 -0.006598222519 2
0 0.395 0.055 -0.006035312316 2
0 0.395 0.065 -0.005640954637 2
0 0.395 0.075 -0.005390552612 2
0 0.395 0.085 -0.005187211949 2
0 0.395 0.095 -0.00484004255 2
0 0.395 0.105 -0.004296067816 2
0 0.395 0.115 -0.003668413144 1
0 0.395 0.125 -0.003102833081 1
0 0.395 0.135 -0.002605480369 1
0 0.395 0.145 -0.001994215865 1
0 0.395 0.155 -0.0009646229224 1
0 0.395 0.165 0.0006649427502 1
0 0.395 0.175 0.00259451925 1
0 0.395 0.185 0.004465140976 1
0 0.395 0.195 0.005894618984 2
0 0.395 0.205 0.006755467677 2
0 0.395 0.215 0.00700205865 2
0 0.395 0.225 0.006672491099 2
0 0.395 0.235 0.006182246323 2
0 0.395 0.245 0.00574715962 2
0 0.395 0.255 0.005419026419 2
0 0.395 0.265 0.005088574576 2
0 0.395 0.275 0.004725906232 2
0 0.395 0.285 0.004295293392 2
0 0.395 0.295 0.003778338919 2
0 0.395 0.305 0.003164198145 2
0 0.395 0.315 0.002450758167 2
0 0.395 0.325 0.001641191365 2
0 0.395 0.335 0.0007462043513 2
0 0.395 0.345 -0.0002282434985 2
0 0.395 0.355 -0.001248485341 2
0 0.395 0.365 -0.002357196897 2
0 0.395 0.375 -0.003356699077 2
0 0.395 0.385 -0.004785337615 2
0 0.395 0.395 -0.004919383207 2
0 0.395 0.405 -0.003544698974 2
0 0.395 0.415 -0.001497488035 2
0 0.395 0.425 0 2
0 0.395 0.435 0 2
0 0.395 0.445 0 2
0 0.395 0.455 0 2
0 0.395 0.465 0 2
0 0.405 -0.455 0 2
0 0.405 -0.445 0 2
0 0.405 -0.435 0 1
0 0.405 -0.425 0 1
0 0.405 -0.415 0.0007852428923 1
0 0.405 -0.405 0.001915438499 1
0 0.405 -0.395 0.002642146946 2
0 0.405 -0.385 0.002624733589 2
0 0.405 -0.375 0.001993486749 2
0 0.405 -0.365 0.001885320467 2
0 0.405 -0.355 0.001937640516 2
0 0.405 -0.345 0.002069174635 2
0 0.405 -0.335 0.002183830331 2
0 0.405 -0.325 0.002351586412 2
0 0.405 -0.315 0.002671906815 2
0 0.405 -0.305 0.003172137191 2
0 0.405 -0.295 0.003620409413 2
0 0.405 -0.285 0.004027580269 1
0 0.405 -0.275 0.00450021111 1
0 0.405 -0.265 0.005273349805 1
0 0.405 -0.255 0.006219930391 1
0 0.405 -0.245 0.007186312843 1
0 0.405 -0.235 0.007959916228 1
0 0.405 -0.225 0.008547145623 1
0 0.405 -0.215 0.00886229206 1
0 0.405 -0.205 0.008891877271 1
0 0.405 -0.195 0.00864258574 1
0 0.405 -0.185 0.008139133697 1
0 0.405 -0.175 0.006984804852 2
0 0.405 -0.165 0.005163697832 2
0 0.405 -0.155 0.003011861842 2
0 0.405 -0.145 0.0009177540799 2
0 0.405 -0.135 -0.0008814789492 2
0 0.405 -0.125 -0.002314194865 2
0 0.405 -0.115 -0.003362844737 2
0 0.405 -0.105 -0.004173317688 2
0 0.405 -0.095 -0.004957181973 2
0 0.405 -0.085 -0.005831146694 2
0 0.405 -0.075 -0.006692501581 2
0 0.405 -0.065 -0.007523308147 2
0 0.405 -0.055 -0.008320879974 2
0 0.405 -0.045 -0.009060202258 2
0 0.405 -0.035 -0.009668807412 2
0 0.405 -0.025 -0.01006802237 2
0 0.405 -0.015 -0.01017124112 2
0 0.405 -0.005 -0.00995827592 2
0 0.405 0.005 -0.00946741146 2
0 0.405 0.015 -0.008809837856 2
0 0.405 0.025 -0.008096438239 2
0 0.405 0.035 -0.007443965105 2
0 0.405 0.045 -0.006930362402 2
0 0.405 0.055 -0.006605620032 2
0 0.405 0.065 -0.006466222899 2
0 0.405 0.075 -0.006630083376 2
0 0.405 0.085 -0.006826627028 2
0 0.405 0.095 -0.006743849625 2
0 0.405 0.105 -0.006227893381 2
0 0.405 0.115 -0.005386247416 1
0 0.405 0.125 -0.004305712375 1
0 0.405 0.135 -0.003078693559 1
0 0.405 0.145 -0.00168620296 1
0 0.405 0.155 -7.399472975e-05 1
0 0.405 0.165 0.001807635128 1
0 0.405 0.175 0.003749601114 1
0 0.405 0.185 0.005446383805 2
0 0.405 0.195 0.006567386148 2
0 0.405 0.205 0.007133898663 2
0 0.405 0.215 0.007016714367 2
0 0.405 0.225 0.006496340047 2
0 0.405 0.235 0.0059450538 2
0 0.405 0.245 0.005522391118 2
0 0.405 0.255 0.00518834742 2
0 0.405 0.265 0.004864535465 2
0 0.405 0.275 0.004512284967 2
0 0.405 0.285 0.00409376431 2
0 0.405 0.295 0.003586985465 2
0 0.405 0.305 0.002979537125 2
0 0.405 0.315 0.002269089212 2
0 0.405 0.325 0.001459599372 2
0 0.405 0.335 0.0005630209751 2
0 0.405 0.345 -0.0004135141052 2
0 0.405 0.355 -0.001434994485 2
0 0.405 0.365 -0.00254406926 2
0 0.405 0.375 -0.003539878217 2
0 0.405 0.385 -0.004968508062 2
0 0.405 0.395 -0.005079888696 2
0 0.405 0.405 -0.003643728141 2
0 0.405 0.415 -0.001540333356 2
0 0.405 0.425 0 2
0 0.405 0.435 0 2
0 0.405 0.445 0 2
0 0.405 0.455 0 2
0 0.405 0.465 0 2
0 0.415 -0.455 0 2
0 0.415 -0.445 0 2
0 0.415 -0.435 0 1
0 0.415 -0.425 0 1
0 0.415 -0.415 0.001021693779 1
0 0.415 -0.405 0.002523320426 1
0 0.415 -0.395 0.003476117396 1
0 0.415 -0.385 0.003602367157 2
0 0.415 -0.375 0.002799835053 2
0 0.415 -0.365 0.00236819246 2
0 0.415 -0.355 0.001978785831 2
0 0.415 -0.345 0.001730078477 2
0 0.415 -0.335 0.001520343855 2
0 0.415 -0.325 0.001384891465 2
0 0.415 -0.315 0.001470250539 2
0 0.415 -0.305 0.001925432701 2
0 0.415 -0.295 0.002558351969 2
0 0.415 -0.285 0.003412826151 1
0 0.415 -0.275 0.004355903532 1
0 0.415 -0.265 0.005519465419 1
0 0.415 -0.255 0.006670417655 1
0 0.415 -0.245 0.00773729482 1
0 0.415 -0.235 0.008445054364 1
0 0.415 -0.225 0.008846984661 1
0 0.415 -0.215 0.008768975581 1
0 0.415 -0.205 0.008405700897 1
0 0.415 -0.195 0.007803749111 1
0 0.415 -0.185 0.006981699547 2
0 0.415 -0.175 0.0056053686 2
0 0.415 -0.165 0.003863517139 2
0 0.415 -0.155 0.002029568494 2
0 0.415 -0.145 0.0003680654407 2
0 0.415 -0.135 -0.001066180097 2
0 0.415 -0.125 -0.002255571226 2
0 0.415 -0.115 -0.003203013368 2
0 0.415 -0.105 -0.004043126582 2
0 0.415 -0.095 -0.004874840499 2
0 0.415 -0.085 -0.005768141658 2
0 0.415 -0.075 -0.006637462816 2
0 0.415 -0.065 -0.007465993795 2
0 0.415 -0.055 -0.008220047864 2
0 0.415 -0.045 -0.008862710061 2
0 0.415 -0.035 -0.009344093732 2
0 0.415 -0.025 -0.009614969853 2
0 0.415 -0.015 -0.009636429806 2
0 0.415 -0.005 -0.009407323395 2
0 0.415 0.005 -0.008964790367 2
0 0.415 0.015 -0.008391669172 2
0 0.415 0.025 -0.007795156583 2
0 0.415 0.035 -0.007286556002 2
0 0.415 0.045 -0.006948618587 2
0 0.415 0.055 -0.006843239127 2
0 0.415 0.065 -0.006964344697 2
0 0.415 0.075 -0.00748969115 2
0 0.415 0.085 -0.008081244139 2
0 0.415 0.095 -0.008270091452 2
0 0.415 0.105 -0.007797788064 2
0 0.415 0.115 -0.006854125877 1
0 0.415 0.125 -0.005355076942 1
0 0.415 0.135 -0.003515577696 1
0 0.415 0.145 -0.001395850933 1
0 0.415 0.155 0.0007226987082 1
0 0.415 0.165 0.002736420441 1
0 0.415 0.175 0.004572168577 2
0 0.415 0.185 0.00599816825 2
0 0.415 0.195 0.006793488994 2
0 0.415 0.205 0.006914855308 2
0 0.415 0.215 0.00650870856 2
0 0.415 0.225 0.005938045764 2
0 0.415 0.235 0.005437022365 2
0 0.415 0.245 0.005090069956 2
0 0.415 0.255 0.00481089809 2
0 0.415 0.265 0.004545023485 2
0 0.415 0.275 0.004244255302 2
0 0.415 0.285 0.003868120898 2
0 0.415 0.295 0.003391881476 2
0 0.415 0.305 0.002803529923 2
0 0.415 0.315 0.00210283114 2
0 0.415 0.325 0.001296582606 2
0 0.415 0.335 0.0003994455634 2
0 0.415 0.345 -0.0005792483678 2
0 0.415 0.355 -0.001602572057 2
0 0.415 0.365 -0.00271265647 2
0 0.415 0.375 -0.003705666056 2
0 0.415 0.385 -0.005134070714 2
0 0.415 0.395 -0.005225273133 2
0 0.415 0.405 -0.003732976828 2
0 0.415 0.415 -0.00157931157 2
0 0.415 0.425 0 2
0 0.415 0.435 0 2
0 0.415 0.445 0 2
0 0.415 0.455 0 2
0 0.415 0.465 0 2
0 0.425 -0.455 0 1
0 0.425 -0.445 0 1
0 0.425 -0.435 0 1
0 0.425 -0.425 0 1
0 0.425 -0.415 0.001080822983 1
0 0.425 -0.405 0.002725387214 1
0 0.425 -0.395 0.003826747354 1
0 0.425 -0.385 0.004018753681 1
0 0.425 -0.375 0.003242737598 2
0 0.425 -0.365 0.002801873338 2
0 0.425 -0.355 0.002200582259 2
0 0.425 -0.345 0.001680237626 2
0 0.425 -0.335 0.001266450243 2
0 0.425 -0.325 0.0009289200574 2
0 0.425 -0.315 0.0007806304173 2
0 0.425 -0.305 0.0010863777 2
0 0.425 -0.295 0.001814107476 2
0 0.425 -0.285 0.002977972257 2
0 0.425 -0.275 0.004300735012 1
0 0.425 -0.265 0.005689854745 1
0 0.425 -0.255 0.006959885611 1
0 0.425 -0.245 0.008053994165 1
0 0.425 -0.235 0.008647950561 1
0 0.425 -0.225 0.008853156171 1
0 0.425 -0.215 0.008523011077 1
0 0.425 -0.205 0.007856086033 2
0 0.425 -0.195 0.006923851238 2
0 0.425 -0.185 0.005708484661 2
0 0.425 -0.175 0.004275296752 2
0 0.425 -0.165 0.002847928842 2
0 0.425 -0.155 0.001521395126 2
0 0.425 -0.145 0.0002998938898 2
0 0.425 -0.135 -0.000853739906 2
0 0.425 -0.125 -0.001947626977 2
0 0.425 -0.115 -0.002916454983 2
0 0.425 -0.105 -0.003829772879 2
0 0.425 -0.095 -0.00472872151 2
0 0.425 -0.085 -0.005637924348 2
0 0.425 -0.075 -0.006518492523 2
0 0.425 -0.065 -0.00734566603 2
0 0.425 -0.055 -0.008080392844 2
0 0.425 -0.045 -0.008683440427 2
0 0.425 -0.035 -0.009111114409 2
0 0.425 -0.025 -0.009322375515 2
0 0.425 -0.015 -0.009287953985 2
0 0.425 -0.005 -0.008999099493 2
0 0.425 0.005 -0.008487731094 2
0 0.425 0.015 -0.007844974057 2
0 0.425 0.025 -0.007207123425 2
0 0.425 0.035 -0.006741374479 2
0 0.425 0.045 -0.00657165756 2
0 0.425 0.055 -0.006739126874 2
0 0.425 0.065 -0.007172835213 2
0 0.425 0.075 -0.007976844485 2
0 0.425 0.085 -0.008817007517 2
0 0.425 0.095 -0.009248266489 2
0 0.425 0.105 -0.008895561596 2
0 0.425 0.115 -0.007888295246 2
0 0.425 0.125 -0.006150433554 1
0 0.425 0.135 -0.003916856697 1
0 0.425 0.145 -0.001320908413 1
0 0.425 0.155 0.001110211479 2
0 0.425 0.165 0.003130268048 2
0 0.425 0.175 0.004751086631 2
0 0.425 0.185 0.005870611305 2
0 0.425 0.195 0.006282338385 2
0 0.425 0.205 0.006071961898 2
0 0.425 0.215 0.005555586989 2
0 0.425 0.225 0.005050529865 2
0 0.425 0.235 0.004683589742 2
0 0.425 0.245 0.004458792119 2
0 0.425 0.255 0.004294774342 2
0 0.425 0.265 0.004139156455 2
0 0.425 0.275 0.003932790761 2
0 0.425 0.285 0.003629564176 2
0 0.425 0.295 0.003202801073 2
0 0.425 0.305 0.002643337476 2
0 0.425 0.315 0.001956209661 2
0 0.425 0.325 0.001153857746 2
0 0.425 0.335 0.0002553413587 2
0 0.425 0.345 -0.0007268379756 2
0 0.425 0.355 -0.00175335004 2
0 0.425 0.365 -0.002865442252 2
0 0.425 0.375 -0.003856600454 2
0 0.425 0.385 -0.005284409554 2
0 0.425 0.395 -0.005357492282 2
0 0.425 0.405 -0.003813536297 2
0 0.425 0.415 -0.00161489152 2
0 0.425 0.425 0 2
0 0.425 0.435 0 2
0 0.425 0.445 0 2
0 0.425 0.455 0 2
0 0.425 0.465 0 2
0 0.435 -0.455 0 1
0 0.435 -0.445 0 1
0 0.435 -0.435 0 1
0 0.435 -0.425 0 1
0 0.435 -0.415 0.0009351092442 1
0 0.435 -0.405 0.002416528401 1
0 0.435 -0.395 0.00353417917 1
0 0.435 -0.385 0.003862402042 1
0 0.435 -0.375 0.003314565031 1
0 0.435 -0.365 0.002968243658 1
0 0.435 -0.355 0.002420269006 1
0 0.435 -0.345 0.001881235979 1
0 0.435 -0.335 0.001470444122 1
0 0.435 -0.325 0.001073027185 1
0 0.435 -0.315 0.0007533630202 1
0 0.435 -0.305 0.0008237738302 2
0 0.435 -0.295 0.001531818522 2
0 0.435 -0.285 0.002729090425 2
0 0.435 -0.275 0.00422543872 2
0 0.435 -0.265 0.005607109112 2
0 0.435 -0.255 0.006847021847 1
0 0.435 -0.245 0.007787974268 2
0 0.435 -0.235 0.008331004859 2
0 0.435 -0.225 0.008434221379 2
0 0.435 -0.215 0.008043945366 2
0 0.435 -0.205 0.007154847659 2
0 0.435 -0.195 0.005977521233 2
0 0.435 -0.185 0.004635033479 2
0 0.435 -0.175 0.003372961207 2
0 0.435 -0.165 0.002285176691 2
0 0.435 -0.155 0.001334426654 2
0 0.435 -0.145 0.0004088528929 2
0 0.435 -0.135 -0.0005671610274 2
0 0.435 -0.125 -0.001584658342 2
0 0.435 -0.115 -0.002578233777 2
0 0.435 -0.105 -0.003557450737 2
0 0.435 -0.095 -0.004521291641 2
0 0.435 -0.085 -0.005469682083 2
0 0.435 -0.075 -0.006382821819 2
0 0.435 -0.065 -0.007229963689 2
0 0.435 -0.055 -0.007971336752 2
0 0.435 -0.045 -0.008566269154 2
0 0.435 -0.035 -0.008972309799 2
0 0.435 -0.025 -0.009148839485 2
0 0.435 -0.015 -0.009061344865 2
0 0.435 -0.005 -0.008682515956 2
0 0.435 0.005 -0.008039265935 2
0 0.435 0.015 -0.007242880477 2
0 0.435 0.025 -0.006461917635 2
0 0.435 0.035 -0.005940092162 2
0 0.435 0.045 -0.005854066559 2
0 0.435 0.055 -0.006196814788 2
0 0.435 0.065 -0.006858782287 2
0 0.435 0.075 -0.007823309431 2
0 0.435 0.085 -0.00877641422 2
0 0.435 0.095 -0.009420740852 2
0 0.435 0.105 -0.009284752727 2
0 0.435 0.115 -0.00827329839 2
0 0.435 0.125 -0.006569298436 2
0 0.435 0.135 -0.004363623598 2
0 0.435 0.145 -0.001797316422 2
0 0.435 0.155 0.0007559529942 2
0 0.435 0.165 0.00290608981 2
0 0.435 0.175 0.004377359741 2
0 0.435 0.185 0.005078232451 2
0 0.435 0.195 0.00509378153 2
0 0.435 0.205 0.00470514506 2
0 0.435 0.215 0.004196847403 2
0 0.435 0.225 0.003820023301 2
0 0.435 0.235 0.003616458825 2
0 0.435 0.245 0.00356631452 2
0 0.435 0.255 0.003607193506 2
0 0.435 0.265 0.003644352804 2
0 0.435 0.275 0.003595507673 2
0 0.435 0.285 0.003401126465 2
0 0.435 0.295 0.003038131661 2
0 0.435 0.305 0.002511585795 2
0 0.435 0.315 0.001836404892 2
0 0.435 0.325 0.001034346091 2
0 0.435 0.335 0.0001308258702 2
0 0.435 0.345 -0.0008577947305 2
0 0.435 0.355 -0.00188975624 2
0 0.435 0.365 -0.003005283056 2
0 0.435 0.375 -0.003995621898 2
0 0.435 0.385 -0.00542234629 2
0 0.435 0.395 -0.005478891665 2
0 0.435 0.405 -0.00388675096 2
0 0.435 0.415 -0.001647644572 2
0 0.435 0.425 0 2
0 0.435 0.435 0 2
0 0.435 0.445 0 2
0 0.435 0.455 0 2
0 0.435 0.465 0 2
0 0.445 -0.455 0 1
0 0.445 -0.445 0 1
0 0.445 -0.435 0 1
0 0.445 -0.425 0 1
0 0.445 -0.415 0.0005349969949 1
0 0.445 -0.405 0.001486019914 1
0 0.445 -0.395 0.002308231257 1
0 0.445 -0.385 0.002790819536 1
0 0.445 -0.375 0.002721919766 1
0 0.445 -0.365 0.002647872624 1
0 0.445 -0.355 0.002429343112 1
0 0.445 -0.345 0.002187866847 1
0 0.445 -0.335 0.002026583862 1
0 0.445 -0.325 0.001824958437 1
0 0.445 -0.315 0.001560058425 1
0 0.445 -0.305 0.001428342319 1
0 0.445 -0.295 0.001923352304 1
0 0.445 -0.285 0.002869461683 2
0 0.445 -0.275 0.004217049103 2
0 0.445 -0.265 0.005309454743 2
0 0.445 -0.255 0.00629178535 2
0 0.445 -0.245 0.006914752672 2
0 0.445 -0.235 0.007325903954 2
0 0.445 -0.225 0.007398464706 2
0 0.445 -0.215 0.0071171781 2
0 0.445 -0.205 0.006325273838 2
0 0.445 -0.195 0.005237146409 2
0 0.445 -0.185 0.004056665755 2
0 0.445 -0.175 0.003011609675 2
0 0.445 -0.165 0.002126601715 2
0 0.445 -0.155 0.00129835008 2
0 0.445 -0.145 0.0004807368736 2
0 0.445 -0.135 -0.0003973865254 2
0 0.445 -0.125 -0.001323810637 2
0 0.445 -0.115 -0.00228144964 2
0 0.445 -0.105 -0.003266894971 2
0 0.445 -0.095 -0.004266583793 2
0 0.445 -0.085 -0.005263029799 2
0 0.445 -0.075 -0.006225679956 2
0 0.445 -0.065 -0.0071171439 2
0 0.445 -0.055 -0.007894896974 2
0 0.445 -0.045 -0.008515490298 2
0 0.445 -0.035 -0.008935337695 2
0 0.445 -0.025 -0.009110015244 2
0 0.445 -0.015 -0.008992938751 2
0 0.445 -0.005 -0.008534191165 2
0 0.445 0.005 -0.007747670488 2
0 0.445 0.015 -0.006742722268 2
0 0.445 0.025 -0.005729156595 2
0 0.445 0.035 -0.005023338249 2
0 0.445 0.045 -0.004869462225 2
0 0.445 0.055 -0.00525102143 2
0 0.445 0.065 -0.006022079398 2
0 0.445 0.075 -0.007044248537 2
0 0.445 0.085 -0.008045240385 2
0 0.445 0.095 -0.008758175453 2
0 0.445 0.105 -0.00881592184 2
0 0.445 0.115 -0.008054807615 2
0 0.445 0.125 -0.006591365785 2
0 0.445 0.135 -0.004536681405 2
0 0.445 0.145 -0.002181323398 2
0 0.445 0.155 0.0001802146963 2
0 0.445 0.165 0.002099277025 2
0 0.445 0.175 0.003237220061 2
0 0.445 0.185 0.00361486691 2
0 0.445 0.195 0.003466720237 2
0 0.445 0.205 0.003070769014 2
0 0.445 0.215 0.002655705593 2
0 0.445 0.225 0.00242932481 2
0 0.445 0.235 0.002395122694 2
0 0.445 0.245 0.002552180057 2
0 0.445 0.255 0.002855658396 2
0 0.445 0.265 0.003141907624 2
0 0.445 0.275 0.0032917617 2
0 0.445 0.285 0.003226091797 2
0 0.445 0.295 0.002926680344 2
0 0.445 0.305 0.002423320768 2
0 0.445 0.315 0.001751032192 2
0 0.445 0.325 0.0009405346938 2
0 0.445 0.335 2.519295486e-05 2
0 0.445 0.345 -0.0009744449701 2
0 0.445 0.355 -0.002014953783 2
0 0.445 0.365 -0.00313570322 2
0 0.445 0.375 -0.004126288748 2
0 0.445 0.385 -0.005551361415 2
0 0.445 0.395 -0.005592399128 2
0 0.445 0.405 -0.003954367614 2
0 0.445 0.415 -0.001678296388 2
0 0.445 0.425 0 2
0 0.445 0.435 0 2
0 0.445 0.445 0 2
0 0.445 0.455 0 2
0 0.445 0.465 0 2
0 0.455 -0.455 0 1
0 0.455 -0.445 0 1
0 0.455 -0.435 0 1
0 0.455 -0.425 0 1
0 0.455 -0.415 -9.497638439e-05 1
0 0.455 -0.405 -1.68941847e-05 1
0 0.455 -0.395 0.0002375754307 1
0 0.455 -0.385 0.0008456235909 1
0 0.455 -0.375 0.00150039598 1
0 0.455 -0.365 0.001977833366 1
0 0.455 -0.355 0.002300328257 1
0 0.455 -0.345 0.002526144841 1
0 0.455 -0.335 0.002701490419 1
0 0.455 -0.325 0.002793948888 1
0 0.455 -0.315 0.002746604846 1
0 0.455 -0.305 0.002679085825 1
0 0.455 -0.295 0.002961344658 1
0 0.455 -0.285 0.00352407962 1
0 0.455 -0.275 0.004392647008 2
0 0.455 -0.265 0.004926806072 2
0 0.455 -0.255 0.005262774826 2
0 0.455 -0.245 0.005465925542 2
0 0.455 -0.235 0.005719732093 2
0 0.455 -0.225 0.005912493058 2
0 0.455 -0.215 0.005930806539 2
0 0.455 -0.205 0.005502218486 2
0 0.455 -0.195 0.004731665524 2
0 0.455 -0.185 0.003759746587 2
0 0.455 -0.175 0.002818359479 2
0 0.455 -0.165 0.002032136422 2
0 0.455 -0.155 0.001301059512 2
0 0.455 -0.145 0.0005834159736 2
0 0.455 -0.135 -0.00018015205 2
0 0.455 -0.125 -0.001009753205 2
0 0.455 -0.115 -0.001922031884 2
0 0.455 -0.105 -0.002911667256 2
0 0.455 -0.095 -0.003955035371 2
0 0.455 -0.085 -0.005017699766 2
0 0.455 -0.075 -0.006054644576 2
0 0.455 -0.065 -0.007019135953 2
0 0.455 -0.055 -0.007863562202 2
0 0.455 -0.045 -0.008541857736 2
0 0.455 -0.035 -0.009009744535 2
0 0.455 -0.025 -0.009219114278 2
0 0.455 -0.015 -0.009118864705 2
0 0.455 -0.005 -0.008636001951 2
0 0.455 0.005 -0.007732880697 2
0 0.455 0.015 -0.006533336127 2
0 0.455 0.025 -0.005243919399 2
0 0.455 0.035 -0.004329804107 2
0 0.455 0.045 -0.004025351859 2
0 0.455 0.055 -0.004334142268 2
0 0.455 0.065 -0.005007278216 2
0 0.455 0.075 -0.005879059398 2
0 0.455 0.085 -0.006758450861 2
0 0.455 0.095 -0.007374471512 2
0 0.455 0.105 -0.007518884728 2
0 0.455 0.115 -0.007101140141 2
0 0.455 0.125 -0.006076363772 2
0 0.455 0.135 -0.004394367521 2
0 0.455 0.145 -0.002406409062 2
0 0.455 0.155 -0.0005693524126 2
0 0.455 0.165 0.0007749430534 2
0 0.455 0.175 0.001557513414 2
0 0.455 0.185 0.001861113299 2
0 0.455 0.195 0.001741039094 2
0 0.455 0.205 0.001425768625 2
0 0.455 0.215 0.001124274791 2
0 0.455 0.225 0.001003527349 2
0 0.455 0.235 0.001127181685 2
0 0.455 0.245 0.00150854735 2
0 0.455 0.255 0.002115694519 2
0 0.455 0.265 0.0027022717 2
0 0.455 0.275 0.003093051375 2
0 0.455 0.285 0.003158126131 2
0 0.455 0.295 0.002907460544 2
0 0.455 0.305 0.002399883934 2
0 0.455 0.315 0.001704973666 2
0 0.455 0.325 0.0008724770184 2
0 0.455 0.335 -6.423864681e-05 2
0 0.455 0.345 -0.001080620062 2
0 0.455 0.355 -0.002133241426 2
0 0.455 0.365 -0.003261144461 2
0 0.455 0.375 -0.004252949828 2
0 0.455 0.385 -0.005675775014 2
0 0.455 0.395 -0.005701684808 2
0 0.455 0.405 -0.004018664202 2
0 0.455 0.415 -0.001707770733 2
0 0.455 0.425 0 2
0 0.455 0.435 0 2
0 0.455 0.445 0 2
0 0.455 0.455 0 2
0 0.455 0.465 0 2
0 0.465 -0.455 0 1
0 0.465 -0.445 0 1
0 0.465 -0.435 0 1
0 0.465 -0.425 0 1
0 0.465 -0.415 -0.0008204997354 1
0 0.465 -0.405 -0.001785208861 1
0 0.465 -0.395 -0.002302886111 1
0 0.465 -0.385 -0.001751650235 1
0 0.465 -0.375 -0.0003574993784 1
0 0.465 -0.365 0.0008216457481 1
0 0.465 -0.355 0.001866165426 1
0 0.465 -0.345 0.002665403087 1
0 0.465 -0.335 0.003264015217 1
0 0.465 -0.325 0.003763688034 1
0 0.465 -0.315 0.004090333119 1
0 0.465 -0.305 0.004266729461 1
0 0.465 -0.295 0.004465439659 1
0 0.465 -0.285 0.004714505678 1
0 0.465 -0.275 0.004887661944 2
0 0.465 -0.265 0.004728449064 2
0 0.465 -0.255 0.004402679016 2
0 0.465 -0.245 0.004183884959 2
0 0.465 -0.235 0.004268171748 2
0 0.465 -0.225 0.004545613794 2
0 0.465 -0.215 0.004840780029 2
0 0.465 -0.205 0.004780154668 2
0 0.465 -0.195 0.00425618782 2
0 0.465 -0.185 0.0034056237 2
0 0.465 -0.175 0.002531626805 2
0 0.465 -0.165 0.001813494145 2
0 0.465 -0.155 0.001218757581 2
0 0.465 -0.145 0.0006630696532 2
0 0.465 -0.135 6.760629805e-05 2
0 0.465 -0.125 -0.0006359094405 2
0 0.465 -0.115 -0.001483035104 2
0 0.465 -0.105 -0.002472720043 2
0 0.465 -0.095 -0.00357025982 2
0 0.465 -0.085 -0.004723912847 2
0 0.465 -0.075 -0.005867747531 2
0 0.465 -0.065 -0.006939991571 2
0 0.465 -0.055 -0.007884056334 2
0 0.465 -0.045 -0.008652212456 2
0 0.465 -0.035 -0.009202586321 2
0 0.465 -0.025 -0.009486930571 2
0 0.465 -0.015 -0.009464814552 2
0 0.465 -0.005 -0.009039118009 2
0 0.465 0.005 -0.008122323693 2
0 0.465 0.015 -0.006807686652 2
0 0.465 0.025 -0.005200110145 2
0 0.465 0.035 -0.004084987964 1
0 0.465 0.045 -0.00356770355 1
0 0.465 0.055 -0.00381013303 1
0 0.465 0.065 -0.004415308245 1
0 0.465 0.075 -0.005026888858 2
0 0.465 0.085 -0.005536435921 2
0 0.465 0.095 -0.005867820989 2
0 0.465 0.105 -0.005970378724 2
0 0.465 0.115 -0.005694543533 2
0 0.465 0.125 -0.005002035768 2
0 0.465 0.135 -0.003865211381 2
0 0.465 0.145 -0.002495670206 2
0 0.465 0.155 -0.001278103255 2
0 0.465 0.165 -0.0004454253864 2
0 0.465 0.175 0.000100249396 2
0 0.465 0.185 0.000423218416 2
0 0.465 0.195 0.0004314524018 2
0 0.465 0.205 0.0002789739123 2
0 0.465 0.215 0.0001301424303 2
0 0.465 0.225 0.0001079921157 2
0 0.465 0.235 0.0003155319155 2
0 0.465 0.245 0.0008155411082 2
0 0.465 0.255 0.001592659737 2
0 0.465 0.265 0.00241684475 2
0 0.465 0.275 0.003037717272 2
0 0.465 0.285 0.003230423987 2
0 0.465 0.295 0.00299495746 2
0 0.465 0.305 0.002447256452 2
0 0.465 0.315 0.001695388116 2
0 0.465 0.325 0.0008250189969 2
0 0.465 0.335 -0.0001433336582 2
0 0.465 0.345 -0.001182229164 2
0 0.465 0.355 -0.002250324338 2
0 0.465 0.365 -0.003387104845 2
0 0.465 0.375 -0.004380826271 2
0 0.465 0.385 -0.005800837001 2
0 0.465 0.395 -0.005811243995 2
0 0.465 0.405 -0.004082523582 2
0 0.465 0.415 -0.001737213198 2
0 0.465 0.425 0 2
0 0.465 0.435 0 2
0 0.465 0.445 0 2
0 0.465 0.455 0 2
0 0.465 0.465 0 2
0 0.475 -0.455 0 1
0 0.475 -0.445 0 1
0 0.475 -0.435 0 1
0 0.475 -0.425 0 1
0 0.475 -0.415 -0.001484949519 1
0 0.475 -0.405 -0.003430644686 1
0 0.475 -0.395 -0.004623682536 1
0 0.475 -0.385 -0.00415087936 1
0 0.475 -0.375 -0.002199664743 1
0 0.475 -0.365 -0.0005569612458 1
0 0.475 -0.355 0.001139131479 1
0 0.475 -0.345 0.002560141568 1
0 0.475 -0.335 0.003656304907 1
0 0.475 -0.325 0.004539409414 1
0 0.475 -0.315 0.005236440977 1
0 0.475 -0.305 0.005785523815 1
0 0.475 -0.295 0.006054271379 1
0 0.475 -0.285 0.006036978184 1
0 0.475 -0.275 0.005586166734 2
0 0.475 -0.265 0.00483145597 2
0 0.475 -0.255 0.003976506368 1
0 0.475 -0.245 0.003351715034 1
0 0.475 -0.235 0.003249875372 1
0 0.475 -0.225 0.003498800534 1
0 0.475 -0.215 0.003763160014 2
0 0.475 -0.205 0.003787484246 2
0 0.475 -0.195 0.003340310892 2
0 0.475 -0.185 0.002616869036 2
0 0.475 -0.175 0.001865925246 2
0 0.475 -0.165 0.001337852694 2
0 0.475 -0.155 0.001048574703 2
0 0.475 -0.145 0.0008108585021 2
0 0.475 -0.135 0.0004983253935 2
0 0.475 -0.125 -1.709413114e-05 2
0 0.475 -0.115 -0.0008053170391 2
0 0.475 -0.105 -0.001852795252 2
0 0.475 -0.095 -0.003078082756 2
0 0.475 -0.085 -0.004383660782 2
0 0.475 -0.075 -0.005670933968 2
0 0.475 -0.065 -0.006887795254 2
0 0.475 -0.055 -0.007964839141 2
0 0.475 -0.045 -0.008852591905 2
0 0.475 -0.035 -0.009516031057 2
0 0.475 -0.025 -0.009912938897 2
0 0.475 -0.015 -0.0100341663 2
0 0.475 -0.005 -0.009754076493 2
0 0.475 0.005 -0.008901820198 2
0 0.475 0.015 -0.007503573828 2
0 0.475 0.025 -0.005739150118 1
0 0.475 0.035 -0.00452877942 1
0 0.475 0.045 -0.003876683152 1
0 0.475 0.055 -0.003921208925 1
0 0.475 0.065 -0.004181245447 1
0 0.475 0.075 -0.004402468121 1
0 0.475 0.085 -0.004610805854 1
0 0.475 0.095 -0.004706500556 1
0 0.475 0.105 -0.004697782461 1
0 0.475 0.115 -0.004416746233 1
0 0.475 0.125 -0.003862850025 1
0 0.475 0.135 -0.003199077098 1
0 0.475 0.145 -0.002500389155 1
0 0.475 0.155 -0.001719895305 2
0 0.475 0.165 -0.000965039259 2
0 0.475 0.175 -0.0004488186848 1
0 0.475 0.185 -0.0002408775819 1
0 0.475 0.195 -0.0001685739024 1
0 0.475 0.205 -0.0001270141676 1
0 0.475 0.215 -0.0001050225304 1
0 0.475 0.225 -3.416626107e-05 1
0 0.475 0.235 0.0001817724115 1
0 0.475 0.245 0.0006896434138 1
0 0.475 0.255 0.001454652388 2
0 0.475 0.265 0.002372989901 2
0 0.475 0.275 0.003136951307 2
0 0.475 0.285 0.003415464516 2
0 0.475 0.295 0.003181962904 2
0 0.475 0.305 0.00255416034 2
0 0.475 0.315 0.001710436396 2
0 0.475 0.325 0.0007870920689 2
0 0.475 0.335 -0.0002213783859 2
0 0.475 0.345 -0.001287320439 2
0 0.475 0.355 -0.002373298809 2
0 0.475 0.365 -0.003520094423 2
0 0.475 0.375 -0.00451596178 2
0 0.475 0.385 -0.005932688215 2
0 0.475 0.395 -0.005926369307 2
0 0.475 0.405 -0.004149425092 2
0 0.475 0.415 -0.001767985634 2
0 0.475 0.425 0 2
0 0.475 0.435 0 2
0 0.475 0.445 0 2
0 0.475 0.455 0 2
0 0.475 0.465 0 2
0 0.485 -0.455 0 1
0 0.485 -0.445 0 1
0 0.485 -0.435 0 1
0 0.485 -0.425 0 1
0 0.485 -0.415 -0.002023743713 1
0 0.485 -0.405 -0.004776778078 1
0 0.485 -0.395 -0.006438783206 1
0 0.485 -0.385 -0.00600020764 1
0 0.485 -0.375 -0.003636801114 1
0 0.485 -0.365 -0.001710934584 1
0 0.485 -0.355 0.0004548622199 1
0 0.485 -0.345 0.00234336016 1
0 0.485 -0.335 0.003887597675 1
0 0.485 -0.325 0.00521023884 1
0 0.485 -0.315 0.006326259155 1
0 0.485 -0.305 0.007134149126 1
0 0.485 -0.295 0.007364445489 1
0 0.485 -0.285 0.007042352545 1
0 0.485 -0.275 0.006157102983 2
0 0.485 -0.265 0.005113671569 1
0 0.485 -0.255 0.004015282002 1
0 0.485 -0.245 0.003182208269 1
0 0.485 -0.235 0.002828140378 1
0 0.485 -0.225 0.002786160248 1
0 0.485 -0.215 0.002680207111 2
0 0.485 -0.205 0.002517505432 2
0 0.485 -0.195 0.002057244809 2
0 0.485 -0.185 0.001530773462 2
0 0.485 -0.175 0.0009816326033 2
0 0.485 -0.165 0.0007033310211 2
0 0.485 -0.155 0.0007125529862 2
0 0.485 -0.145 0.0008057224185 2
0 0.485 -0.135 0.0008486453054 2
0 0.485 -0.125 0.0006317851093 2
0 0.485 -0.115 2.91962877e-06 2
0 0.485 -0.105 -0.001040203151 2
0 0.485 -0.095 -0.002411288336 2
0 0.485 -0.085 -0.003950515616 2
0 0.485 -0.075 -0.00546675649 2
0 0.485 -0.065 -0.006885468591 2
0 0.485 -0.055 -0.008120667505 2
0 0.485 -0.045 -0.00914822889 2
0 0.485 -0.035 -0.009944722846 2
0 0.485 -0.025 -0.01047879357 2
0 0.485 -0.015 -0.01078418672 2
0 0.485 -0.005 -0.01069131264 2
0 0.485 0.005 -0.009962857129 2
0 0.485 0.015 -0.008557917404 2
0 0.485 0.025 -0.006788330683 1
0 0.485 0.035 -0.005443066914 1
0 0.485 0.045 -0.004694250237 1
0 0.485 0.055 -0.004550021204 1
0 0.485 0.065 -0.00456022845 1
0 0.485 0.075 -0.004521734639 1
0 0.485 0.085 -0.004487029946 1
0 0.485 0.095 -0.004367251174 1
0 0.485 0.105 -0.004161042075 1
0 0.485 0.115 -0.003716452937 1
0 0.485 0.125 -0.003052486651 1
0 0.485 0.135 -0.002460746206 1
0 0.485 0.145 -0.001952823814 1
0 0.485 0.155 -0.001407114932 1
0 0.485 0.165 -0.0008642351053 1
0 0.485 0.175 -0.0004338264337 1
0 0.485 0.185 -0.0002318579086 1
0 0.485 0.195 -4.004719174e-05 1
0 0.485 0.205 0.0002068619133 1
0 0.485 0.215 0.0004059145551 1
0 0.485 0.225 0.0005762349003 1
0 0.485 0.235 0.0007713203902 1
0 0.485 0.245 0.001161842793 1
0 0.485 0.255 0.001799802789 1
0 0.485 0.265 0.002624566794 2
0 0.485 0.275 0.003430070425 2
0 0.485 0.285 0.003700870533 2
0 0.485 0.295 0.003419832397 2
0 0.485 0.305 0.002678797276 2
0 0.485 0.315 0.001725697252 2
0 0.485 0.325 0.0007413275559 2
0 0.485 0.335 -0.0003108183809 2
0 0.485 0.345 -0.001405734639 2
0 0.485 0.355 -0.002510370315 2
0 0.485 0.365 -0.003667408858 2
0 0.485 0.375 -0.004665037948 2
0 0.485 0.385 -0.00607818237 2
0 0.485 0.395 -0.006053000872 2
0 0.485 0.405 -0.004223342677 2
0 0.485 0.415 -0.001801627767 2
0 0.485 0.425 0 2
0 0.485 0.435 0 2
0 0.485 0.445 0 2
0 0.485 0.455 0 2
0 0.485 0.465 0 2
0 0.495 -0.455 0 2
0 0.495 -0.445 0 2
0 0.495 -0.435 0 1
0 0.495 -0.425 0 1
0 0.495 -0.415 -0.002420161266 1
0 0.495 -0.405 -0.005740556642 1
0 0.495 -0.395 -0.007794671786 1
0 0.495 -0.385 -0.007400118551 2
0 0.495 -0.375 -0.004730431496 2
0 0.495 -0.365 -0.002617744157 2
0 0.495 -0.355 -0.0002126190248 1
0 0.495 -0.345 0.001955313887 1
0 0.495 -0.335 0.003906149197 1
0 0.495 -0.325 0.005711676121 1
0 0.495 -0.315 0.007235047498 1
0 0.495 -0.305 0.008159490871 1
0 0.495 -0.295 0.008281945975 1
0 0.495 -0.285 0.007634294764 2
0 0.495 -0.275 0.006546360414 1
0 0.495 -0.265 0.00538057344 1
0 0.495 -0.255 0.004236999055 1
0 0.495 -0.245 0.003357504385 1
0 0.495 -0.235 0.00274630974 1
0 0.495 -0.225 0.002320544852 1
0 0.495 -0.215 0.001857678622 1
0 0.495 -0.205 0.001395433011 2
0 0.495 -0.195 0.0008229288053 2
0 0.495 -0.185 0.0003481667143 2
0 0.495 -0.175 -1.333669294e-05 2
0 0.495 -0.165 -1.84506797e-05 2
0 0.495 -0.155 0.0002335066973 2
0 0.495 -0.145 0.0005752737666 2
0 0.495 -0.135 0.0008835282673 2
0 0.495 -0.125 0.0009897306396 2
0 0.495 -0.115 0.0006713286741 2
0 0.495 -0.105 -0.000249042004 2
0 0.495 -0.095 -0.001720022565 2
0 0.495 -0.085 -0.003483994512 2
0 0.495 -0.075 -0.005277074803 2
0 0.495 -0.065 -0.006953263185 2
0 0.495 -0.055 -0.008376404377 2
0 0.495 -0.045 -0.009544842876 2
0 0.495 -0.035 -0.01047747446 2
0 0.495 -0.025 -0.01115629119 2
0 0.495 -0.015 -0.01166301336 2
0 0.495 -0.005 -0.01176938637 2
0 0.495 0.005 -0.01119156042 2
0 0.495 0.015 -0.00981269223 2
0 0.495 0.025 -0.008016042409 1
0 0.495 0.035 -0.006582219015 1
0 0.495 0.045 -0.005763570923 1
0 0.495 0.055 -0.005455482582 1
0 0.495 0.065 -0.005293731504 1
0 0.495 0.075 -0.005114455766 1
0 0.495 0.085 -0.004959154486 1
0 0.495 0.095 -0.004683664696 1
0 0.495 0.105 -0.004215241115 1
0 0.495 0.115 -0.003492901813 1
0 0.495 0.125 -0.002604817433 1
0 0.495 0.135 -0.00186156456 1
0 0.495 0.145 -0.001292635178 1
0 0.495 0.155 -0.0007929414666 1
0 0.495 0.165 -0.00034676054 1
0 0.495 0.175 3.249875894e-05 1
0 0.495 0.185 0.0002965086688 1
0 0.495 0.195 0.0005951618621 1
0 0.495 0.205 0.0009707797377 1
0 0.495 0.215 0.001296016074 1
0 0.495 0.225 0.001543280143 1
0 0.495 0.235 0.001738757334 1
0 0.495 0.245 0.002005523174 1
0 0.495 0.255 0.002503512355 1
0 0.495 0.265 0.003155118274 1
0 0.495 0.275 0.003865408748 2
0 0.495 0.285 0.004044496866 2
0 0.495 0.295 0.003638991784 2
0 0.495 0.305 0.00276702328 2
0 0.495 0.315 0.001712485333 2
0 0.495 0.325 0.0006679436793 2
0 0.495 0.335 -0.0004254991777 2
0 0.495 0.345 -0.001548114494 2
0 0.495 0.355 -0.002670263875 2
0 0.495 0.365 -0.003836729951 2
0 0.495 0.375 -0.004835071242 2
0 0.495 0.385 -0.006244586364 2
0 0.495 0.395 -0.006197468924 2
0 0.495 0.405 -0.004308559022 2
0 0.495 0.415 -0.001839789564 2
0 0.495 0.425 0 2
0 0.495 0.435 0 2
0 0.495 0.445 0 2
0 0.495 0.455 0 2
0 0.495 0.465 0 2
0 0.505 -0.455 0 2
0 0.505 -0.445 0 2
0 0.505 -0.435 0 2
0 0.505 -0.425 0 1
0 0.505 -0.415 -0.002630845446 1
0 0.505 -0.405 -0.006241091221 1
0 0.505 -0.395 -0.008601441119 1
0 0.505 -0.385 -0.008216067049 2
0 0.505 -0.375 -0.005364397884 2
0 0.505 -0.365 -0.00317832413 2
0 0.505 -0.355 -0.0008137544444 2
0 0.505 -0.345 0.001374492598 2
0 0.505 -0.335 0.003592433818 2
0 0.505 -0.325 0.00576975294 2
0 0.505 -0.315 0.007591164796 2
0 0.505 -0.305 0.008545754531 2
0 0.505 -0.295 0.008473888366 2
0 0.505 -0.285 0.007590812514 1
0 0.505 -0.275 0.006512416973 1
0 0.505 -0.265 0.005398907502 1
0 0.505 -0.255 0.004442443876 1
0 0.505 -0.245 0.003636421441 1
0 0.505 -0.235 0.002882369613 1
0 0.505 -0.225 0.002191164539 1
0 0.505 -0.215 0.001578262888 1
0 0.505 -0.205 0.0008119986698 2
0 0.505 -0.195 9.346270818e-05 2
0 0.505 -0.185 -0.000453621924 2
0 0.505 -0.175 -0.0006437268126 2
0 0.505 -0.165 -0.0005061538431 2
0 0.505 -0.155 -0.000223533356 2
0 0.505 -0.145 0.0001733505946 2
0 0.505 -0.135 0.0006130350708 2
0 0.505 -0.125 0.0009238728998 2
0 0.505 -0.115 0.0008439666491 2
0 0.505 -0.105 9.916847901e-05 2
0 0.505 -0.095 -0.001323770135 2
0 0.505 -0.085 -0.003211161364 2
0 0.505 -0.075 -0.005251163862 2
0 0.505 -0.065 -0.007162068477 2
0 0.505 -0.055 -0.008764457558 2
0 0.505 -0.045 -0.01004701795 2
0 0.505 -0.035 -0.01109521184 2
0 0.505 -0.025 -0.0119049485 2
0 0.505 -0.015 -0.01260165265 2
0 0.505 -0.005 -0.01290754117 2
0 0.505 0.005 -0.01247624012 2
0 0.505 0.015 -0.01112041841 2
0 0.505 0.025 -0.009227119572 1
0 0.505 0.035 -0.00769309764 1
0 0.505 0.045 -0.006844272617 1
0 0.505 0.055 -0.006584990088 1
0 0.505 0.065 -0.006503825877 1
0 0.505 0.075 -0.006361475161 1
0 0.505 0.085 -0.00611605838 1
0 0.505 0.095 -0.005603503274 1
0 0.505 0.105 -0.004757949468 1
0 0.505 0.115 -0.003608572624 1
0 0.505 0.125 -0.00235619418 1
0 0.505 0.135 -0.001265978244 1
0 0.505 0.145 -0.0004713306293 1
0 0.505 0.155 2.020991077e-05 1
0 0.505 0.165 0.0003237377455 1
0 0.505 0.175 0.0006176148086 1
0 0.505 0.185 0.0009768585357 1
0 0.505 0.195 0.001379986309 1
0 0.505 0.205 0.001812540795 1
0 0.505 0.215 0.002206525869 1
0 0.505 0.225 0.002528291852 1
0 0.505 0.235 0.002769914012 1
0 0.505 0.245 0.002976533455 1
0 0.505 0.255 0.003351740354 1
0 0.505 0.265 0.003890681191 1
0 0.505 0.275 0.004344295262 2
0 0.505 0.285 0.004329263241 2
0 0.505 0.295 0.003739909622 2
0 0.505 0.305 0.002759325484 2
0 0.505 0.315 0.001640798373 2
0 0.505 0.325 0.0005476602912 2
0 0.505 0.335 -0.0005789283185 2
0 0.505 0.345 -0.001724835038 2
0 0.505 0.355 -0.002861548851 2
0 0.505 0.365 -0.004035656614 2
0 0.505 0.375 -0.005033050369 2
0 0.505 0.385 -0.006439208613 2
0 0.505 0.395 -0.006366169215 2
0 0.505 0.405 -0.004409425764 2
0 0.505 0.415 -0.001884144799 2
0 0.505 0.425 0 2
0 0.505 0.435 0 2
0 0.505 0.445 0 2
0 0.505 0.455 0 2
0 0.505 0.465 0 2
0 0.515 -0.455 0 2
0 0.515 -0.445 0 2
0 0.515 -0.435 0 2
0 0.515 -0.425 0 2
0 0.515 -0.415 -0.00264758011 2
0 0.515 -0.405 -0.006282608139 2
0 0.515 -0.395 -0.008706430437 2
0 0.515 -0.385 -0.008332849048 2
0 0.515 -0.375 -0.005627861678 2
0 0.515 -0.365 -0.003672228199 2
0 0.515 -0.355 -0.001507641269 2
0 0.515 -0.345 0.0006462259001 2
0 0.515 -0.335 0.003005212707 2
0 0.515 -0.325 0.00531564612 2
0 0.515 -0.315 0.007152133451 2
0 0.515 -0.305 0.008062812783 2
0 0.515 -0.295 0.007926993943 2
0 0.515 -0.285 0.007110747529 1
0 0.515 -0.275 0.00609238336 1
0 0.515 -0.265 0.005219182451 1
0 0.515 -0.255 0.004626379362 1
0 0.515 -0.245 0.004054157382 1
0 0.515 -0.235 0.003385374792 1
0 0.515 -0.225 0.002671738612 1
0 0.515 -0.215 0.002019564907 1
0 0.515 -0.205 0.0009223754451 2
0 0.515 -0.195 2.400692857e-05 1
0 0.515 -0.185 -0.0006285196375 1
0 0.515 -0.175 -0.0007220259141 1
0 0.515 -0.165 -0.0006317044988 1
0 0.515 -0.155 -0.0005493182367 1
0 0.515 -0.145 -0.0002548528643 1
0 0.515 -0.135 0.0002718718191 1
0 0.515 -0.125 0.0006633415638 2
0 0.515 -0.115 0.0005314754357 2
0 0.515 -0.105 -0.0001996738853 2
0 0.515 -0.095 -0.001557143909 2
0 0.515 -0.085 -0.003430305508 2
0 0.515 -0.075 -0.005574728084 2
0 0.515 -0.065 -0.007603604187 2
0 0.515 -0.055 -0.009312435287 2
0 0.515 -0.045 -0.0106523914 2
0 0.515 -0.035 -0.01177189013 2
0 0.515 -0.025 -0.01268088098 2
0 0.515 -0.015 -0.01353412973 2
0 0.515 -0.005 -0.01402964052 2
0 0.515 0.005 -0.01374652729 2
0 0.515 0.015 -0.01242483321 2
0 0.515 0.025 -0.01045506634 1
0 0.515 0.035 -0.008774875138 1
0 0.515 0.045 -0.007886292121 1
0 0.515 0.055 -0.007714467513 1
0 0.515 0.065 -0.007786456295 1
0 0.515 0.075 -0.007777696619 1
0 0.515 0.085 -0.007534094114 1
0 0.515 0.095 -0.006842641804 1
0 0.515 0.105 -0.005620518368 1
0 0.515 0.115 -0.004008332279 1
0 0.515 0.125 -0.002308959274 1
0 0.515 0.135 -0.0008594117171 1
0 0.515 0.145 0.0001392955551 1
0 0.515 0.155 0.0007672136212 1
0 0.515 0.165 0.001157012181 1
0 0.515 0.175 0.001473890777 1
0 0.515 0.185 0.00183480896 1
0 0.515 0.195 0.002226127174 1
0 0.515 0.205 0.002661184938 1
0 0.515 0.215 0.003101984286 1
0 0.515 0.225 0.003514741012 1
0 0.515 0.235 0.003820006174 1
0 0.515 0.245 0.004008043547 1
0 0.515 0.255 0.004246643398 1
0 0.515 0.265 0.004620267804 1
0 0.515 0.275 0.004755612526 2
0 0.515 0.285 0.004485530856 2
0 0.515 0.295 0.003681413741 2
0 0.515 0.305 0.002627245497 2
0 0.515 0.315 0.001490210595 2
0 0.515 0.325 0.0003662767851 2
0 0.515 0.335 -0.0007821237021 2
0 0.515 0.345 -0.001944877179 2
0 0.515 0.355 -0.003091964594 2
0 0.515 0.365 -0.004271241745 2
0 0.515 0.375 -0.005265572838 2
0 0.515 0.385 -0.00666901718 2
0 0.515 0.395 -0.006565225507 2
0 0.515 0.405 -0.004530112385 2
0 0.515 0.415 -0.00193630041 2
0 0.515 0.425 0 2
0 0.515 0.435 0 2
0 0.515 0.445 0 2
0 0.515 0.455 0 2
0 0.515 0.465 0 2
0 0.525 -0.455 0 2
0 0.525 -0.445 0 2
0 0.525 -0.435 0 2
0 0.525 -0.425 0 2
0 0.525 -0.415 -0.002523718455 2
0 0.525 -0.405 -0.00596045177 2
0 0.525 -0.395 -0.008286977506 2
0 0.525 -0.385 -0.008042930127 2
0 0.525 -0.375 -0.005714718911 2
0 0.525 -0.365 -0.004088409532 2
0 0.525 -0.355 -0.00214659527 2
0 0.525 -0.345 -0.0001053708815 2
0 0.525 -0.335 0.002203291023 2
0 0.525 -0.325 0.004414521715 2
0 0.525 -0.315 0.006079861929 2
0 0.525 -0.305 0.00693335443 2
0 0.525 -0.295 0.006848856349 2
0 0.525 -0.285 0.006245813492 1
0 0.525 -0.275 0.005488995293 1
0 0.525 -0.265 0.00502374686 1
0 0.525 -0.255 0.004835872454 1
0 0.525 -0.245 0.004616846359 1
0 0.525 -0.235 0.004284901839 1
0 0.525 -0.225 0.003819497311 1
0 0.525 -0.215 0.003083645197 2
0 0.525 -0.205 0.001764927835 1
0 0.525 -0.195 0.0006820475392 1
0 0.525 -0.185 -8.410188584e-05 1
0 0.525 -0.175 -0.0002987855328 1
0 0.525 -0.165 -0.0004464208994 1
0 0.525 -0.155 -0.0006930354484 1
0 0.525 -0.145 -0.0007418602738 1
0 0.525 -0.135 -0.0005167371464 1
0 0.525 -0.125 -0.0001996849078 1
0 0.525 -0.115 -0.0003196715215 1
0 0.525 -0.105 -0.001067439373 2
0 0.525 -0.095 -0.002538508157 2
0 0.525 -0.085 -0.0043421798 2
0 0.525 -0.075 -0.006383902917 2
0 0.525 -0.065 -0.00835248713 2
0 0.525 -0.055 -0.01002918618 2
0 0.525 -0.045 -0.01134404805 2
0 0.525 -0.035 -0.01247186001 2
0 0.525 -0.025 -0.01343227321 2
0 0.525 -0.015 -0.01438257348 2
0 0.525 -0.005 -0.01504745407 2
0 0.525 0.005 -0.01497542861 2
0 0.525 0.015 -0.01380982363 2
0 0.525 0.025 -0.01190695949 1
0 0.525 0.035 -0.0100159291 1
0 0.525 0.045 -0.008940142871 1
0 0.525 0.055 -0.008669145661 1
0 0.525 0.065 -0.008820112705 1
0 0.525 0.075 -0.008901786513 1
0 0.525 0.085 -0.008679257912 1
0 0.525 0.095 -0.00794125139 1
0 0.525 0.105 -0.006542979707 1
0 0.525 0.115 -0.004683218653 1
0 0.525 0.125 -0.002681229771 1
0 0.525 0.135 -0.0009083787462 1
0 0.525 0.145 0.0004136172933 1
0 0.525 0.155 0.001309089546 1
0 0.525 0.165 0.001870592943 1
0 0.525 0.175 0.002313930177 1
0 0.525 0.185 0.002729268427 1
0 0.525 0.195 0.003113281892 1
0 0.525 0.205 0.003536849772 1
0 0.525 0.215 0.004050566167 1
0 0.525 0.225 0.004613971932 1
0 0.525 0.235 0.005028748625 1
0 0.525 0.245 0.005154015697 1
0 0.525 0.255 0.00515512656 1
0 0.525 0.265 0.00517248331 1
0 0.525 0.275 0.004944315103 2
0 0.525 0.285 0.004404338381 2
0 0.525 0.295 0.003457035931 2
0 0.525 0.305 0.002377985175 2
0 0.525 0.315 0.001254225729 2
0 0.525 0.325 0.0001165943934 2
0 0.525 0.335 -0.001042525991 2
0 0.525 0.345 -0.002215155055 2
0 0.525 0.355 -0.003367958845 2
0 0.525 0.365 -0.004549639506 2
0 0.525 0.375 -0.005538545735 2
0 0.525 0.385 -0.006940311193 2
0 0.525 0.395 -0.006800194445 2
0 0.525 0.405 -0.00467438735 2
0 0.525 0.415 -0.001997716578 2
0 0.525 0.425 0 2
0 0.525 0.435 0 2
0 0.525 0.445 0 2
0 0.525 0.455 0 2
0 0.525 0.465 0 2
0 0.535 -0.455 0 2
0 0.535 -0.445 0 2
0 0.535 -0.435 0 2
0 0.535 -0.425 0 2
0 0.535 -0.415 -0.00240129011 2
0 0.535 -0.405 -0.005639190874 2
0 0.535 -0.395 -0.007943334463 2
0 0.535 -0.385 -0.007855905526 2
0 0.535 -0.375 -0.005829824828 2
0 0.535 -0.365 -0.004401028401 2
0 0.535 -0.355 -0.002636264576 2
0 0.535 -0.345 -0.0007784381839 2
0 0.535 -0.335 0.001323068338 2
0 0.535 -0.325 0.003333492876 2
0 0.535 -0.315 0.004841060917 2
0 0.535 -0.305 0.00559960784 2
0 0.535 -0.295 0.005611317699 1
0 0.535 -0.285 0.00526314228 1
0 0.535 -0.275 0.004962997717 1
0 0.535 -0.265 0.004937131638 1
0 0.535 -0.255 0.005095328895 1
0 0.535 -0.245 0.005287627057 1
0 0.535 -0.235 0.005438180551 1
0 0.535 -0.225 0.005356834104 1
0 0.535 -0.215 0.004598739932 2
0 0.535 -0.205 0.003222651154 1
0 0.535 -0.195 0.00180189532 1
0 0.535 -0.185 0.0008101305956 1
0 0.535 -0.175 0.0002811676217 1
0 0.535 -0.165 -0.0001836917251 1
0 0.535 -0.155 -0.0007343554586 1
0 0.535 -0.145 -0.001150983552 1
0 0.535 -0.135 -0.00133058315 1
0 0.535 -0.125 -0.001321121352 1
0 0.535 -0.115 -0.001651246843 1
0 0.535 -0.105 -0.002531186579 1
0 0.535 -0.095 -0.004132590651 2
0 0.535 -0.085 -0.005922225728 2
0 0.535 -0.075 -0.007746662864 2
0 0.535 -0.065 -0.009426426743 2
0 0.535 -0.055 -0.01088433542 2
0 0.535 -0.045 -0.01208445601 2
0 0.535 -0.035 -0.01315272927 2
0 0.535 -0.025 -0.01411051344 2
0 0.535 -0.015 -0.01509797265 2
0 0.535 -0.005 -0.01591009382 2
0 0.535 0.005 -0.01610023316 2
0 0.535 0.015 -0.01519324999 2
0 0.535 0.025 -0.01348773826 1
0 0.535 0.035 -0.01144471008 1
0 0.535 0.045 -0.01010371122 1
0 0.535 0.055 -0.009555617102 1
0 0.535 0.065 -0.009592574603 1
0 0.535 0.075 -0.009621060019 1
0 0.535 0.085 -0.009364330663 1
0 0.535 0.095 -0.008647891305 1
0 0.535 0.105 -0.007308267403 1
0 0.535 0.115 -0.005399636845 1
0 0.535 0.125 -0.003221715589 1
0 0.535 0.135 -0.001301449582 1
0 0.535 0.145 0.0001989686239 1
0 0.535 0.155 0.001330602381 1
0 0.535 0.165 0.002172736184 1
0 0.535 0.175 0.002865781517 1
0 0.535 0.185 0.003410920721 1
0 0.535 0.195 0.003875874508 1
0 0.535 0.205 0.004410057711 1
0 0.535 0.215 0.005054576672 1
0 0.535 0.225 0.005717803429 1
0 0.535 0.235 0.006076247208 1
0 0.535 0.245 0.006043106453 1
0 0.535 0.255 0.005836368146 1
0 0.535 0.265 0.005472889981 2
0 0.535 0.275 0.004901320868 2
0 0.535 0.285 0.004089250366 2
0 0.535 0.295 0.003080197776 2
0 0.535 0.305 0.002026064542 2
0 0.535 0.315 0.0009332712422 2
0 0.535 0.325 -0.0002038209346 2
0 0.535 0.335 -0.001364420343 2
0 0.535 0.345 -0.002540503898 2
0 0.535 0.355 -0.00369454236 2
0 0.535 0.365 -0.004875923108 2
0 0.535 0.375 -0.005856993574 2
0 0.535 0.385 -0.0072584914 2
0 0.535 0.395 -0.007075853943 2
0 0.535 0.405 -0.004845463733 2
0 0.535 0.415 -0.002069648799 2
0 0.535 0.425 0 2
0 0.535 0.435 0 2
0 0.535 0.445 0 2
0 0.535 0.455 0 2
0 0.535 0.465 0 2
0 0.545 -0.455 0 2
0 0.545 -0.445 0 2
0 0.545 -0.435 0 2
0 0.545 -0.425 0 2
0 0.545 -0.415 -0.002374232062 2
0 0.545 -0.405 -0.005581414291 2
0 0.545 -0.395 -0.008003165175 2
0 0.545 -0.385 -0.008037765568 2
0 0.545 -0.375 -0.006149288415 2
0 0.545 -0.365 -0.004776839742 2
0 0.545 -0.355 -0.003119250683 2
0 0.545 -0.345 -0.001443835895 2
0 0.545 -0.335 0.0003511950704 2
0 0.545 -0.325 0.002081874635 2
0 0.545 -0.315 0.003507710848 2
0 0.545 -0.305 0.004316777272 2
0 0.545 -0.295 0.004558298537 1
0 0.545 -0.285 0.004455684139 1
0 0.545 -0.275 0.004563389022 1
0 0.545 -0.265 0.00494431418 1
0 0.545 -0.255 0.005426538215 1
0 0.545 -0.245 0.006021172039 1
0 0.545 -0.235 0.006624970954 1
0 0.545 -0.225 0.006895880399 1
0 0.545 -0.215 0.006260941901 2
0 0.545 -0.205 0.004949827876 1
0 0.545 -0.195 0.003270833941 1
0 0.545 -0.185 0.001958122221 1
0 0.545 -0.175 0.0009595759426 1
0 0.545 -0.165 0.0001639403409 1
0 0.545 -0.155 -0.0006620658706 1
0 0.545 -0.145 -0.001473706304 1
0 0.545 -0.135 -0.002160643104 1
0 0.545 -0.125 -0.002684498616 1
0 0.545 -0.115 -0.003379521274 1
0 0.545 -0.105 -0.004552731522 1
0 0.545 -0.095 -0.00624528154 2
0 0.545 -0.085 -0.007964318503 2
0 0.545 -0.075 -0.009470175414 2
0 0.545 -0.065 -0.01070341262 2
0 0.545 -0.055 -0.01179855148 2
0 0.545 -0.045 -0.01281286059 2
0 0.545 -0.035 -0.01376313162 2
0 0.545 -0.025 -0.01466210251 2
0 0.545 -0.015 -0.01560579064 2
0 0.545 -0.005 -0.01646989262 2
0 0.545 0.005 -0.01690474537 2
0 0.545 0.015 -0.01641180839 2
0 0.545 0.025 -0.01504671985 2
0 0.545 0.035 -0.01307600189 1
0 0.545 0.045 -0.01136199509 1
0 0.545 0.055 -0.0103242501 1
0 0.545 0.065 -0.009888160349 1
0 0.545 0.075 -0.009688738843 1
0 0.545 0.085 -0.009437621221 1
0 0.545 0.095 -0.008875948443 2
0 0.545 0.105 -0.007749583589 2
0 0.545 0.115 -0.005985980471 2
0 0.545 0.125 -0.003923151128 2
0 0.545 0.135 -0.002058972976 1
0 0.545 0.145 -0.0004869880369 1
0 0.545 0.155 0.0008708706959 1
0 0.545 0.165 0.002050511416 1
0 0.545 0.175 0.00305762481 1
0 0.545 0.185 0.003838007565 1
0 0.545 0.195 0.004483523795 1
0 0.545 0.205 0.005113418759 1
0 0.545 0.215 0.005762387889 1
0 0.545 0.225 0.006406387692 1
0 0.545 0.235 0.006688665577 2
0 0.545 0.245 0.00653595269 2
0 0.545 0.255 0.00602211871 2
0 0.545 0.265 0.005274239015 2
0 0.545 0.275 0.004504311032 2
0 0.545 0.285 0.003611330327 2
0 0.545 0.295 0.002638882688 2
0 0.545 0.305 0.001610371828 2
0 0.545 0.315 0.0005378698512 2
0 0.545 0.325 -0.0005924298064 2
0 0.545 0.335 -0.001749137497 2
0 0.545 0.345 -0.002923810271 2
0 0.545 0.355 -0.004075315574 2
0 0.545 0.365 -0.005254040786 2
0 0.545 0.375 -0.006224974538 2
0 0.545 0.385 -0.007627944886 2
0 0.545 0.395 -0.007396091934 2
0 0.545 0.405 -0.00504592244 2
0 0.545 0.415 -0.002153116962 2
0 0.545 0.425 0 2
0 0.545 0.435 0 2
0 0.545 0.445 0 2
0 0.545 0.455 0 2
0 0.545 0.465 0 2
0 0.555 -0.455 0 2
0 0.555 -0.445 0 2
0 0.555 -0.435 0 2
0 0.555 -0.425 0 2
0 0.555 -0.415 -0.002417820376 2
0 0.555 -0.405 -0.005693188831 2
0 0.555 -0.395 -0.008270625159 2
0 0.555 -0.385 -0.008440020179 2
0 0.555 -0.375 -0.006674766582 2
0 0.555 -0.365 -0.005383316314 2
0 0.555 -0.355 -0.003826421813 2
0 0.555 -0.345 -0.002293044935 2
0 0.555 -0.335 -0.0007406938184 2
0 0.555 -0.325 0.0007835189966 2
0 0.555 -0.315 0.002200098466 2
0 0.555 -0.305 0.003139128181 2
0 0.555 -0.295 0.003592798244 1
0 0.555 -0.285 0.003792539095 1
0 0.555 -0.275 0.004236774184 1
0 0.555 -0.265 0.004953976057 1
0 0.555 -0.255 0.005695125844 1
0 0.555 -0.245 0.006596013092 1
0 0.555 -0.235 0.007528100207 1
0 0.555 -0.225 0.008004832794 2
0 0.555 -0.215 0.007507005427 2
0 0.555 -0.205 0.00626770483 1
0 0.555 -0.195 0.00462521815 1
0 0.555 -0.185 0.003191968155 1
0 0.555 -0.175 0.001837405433 1
0 0.555 -0.165 0.00065799864 1
0 0.555 -0.155 -0.0004774061653 1
0 0.555 -0.145 -0.001557839036 1
0 0.555 -0.135 -0.002662499793 1
0 0.555 -0.125 -0.003915173861 1
0 0.555 -0.115 -0.005280607385 1
0 0.555 -0.105 -0.006889425803 1
0 0.555 -0.095 -0.008569479916 2
0 0.555 -0.085 -0.01009401672 2
0 0.555 -0.075 -0.01121840706 2
0 0.555 -0.065 -0.01197333863 2
0 0.555 -0.055 -0.01266119882 2
0 0.555 -0.045 -0.01345728941 2
0 0.555 -0.035 -0.01425545242 2
0 0.555 -0.025 -0.01505553961 2
0 0.555 -0.015 -0.01590134637 2
0 0.555 -0.005 -0.01675651472 2
0 0.555 0.005 -0.01736494775 2
0 0.555 0.015 -0.01722511963 2
0 0.555 0.025 -0.01609760053 2
0 0.555 0.035 -0.01437928534 1
0 0.555 0.045 -0.01255022848 1
0 0.555 0.055 -0.01112839239 1
0 0.555 0.065 -0.01009909341 1
0 0.555 0.075 -0.009498709499 1
0 0.555 0.085 -0.00909235829 1
0 0.555 0.095 -0.008582013622 2
0 0.555 0.105 -0.007631187301 2
0 0.555 0.115 -0.006198374202 2
0 0.555 0.125 -0.004578565104 2
0 0.555 0.135 -0.00301613748 2
0 0.555 0.145 -0.001554247138 2
0 0.555 0.155 -8.701183973e-05 1
0 0.555 0.165 0.001337293095 1
0 0.555 0.175 0.00263536908 1
0 0.555 0.185 0.003710369744 1
0 0.555 0.195 0.004584981898 1
0 0.555 0.205 0.005337984398 1
0 0.555 0.215 0.006041337053 1
0 0.555 0.225 0.006551868965 2
0 0.555 0.235 0.006648500735 2
0 0.555 0.245 0.006329340108 2
0 0.555 0.255 0.005663448385 2
0 0.555 0.265 0.00483589476 2
0 0.555 0.275 0.003981860595 2
0 0.555 0.285 0.003078811087 2
0 0.555 0.295 0.002140303465 2
0 0.555 0.305 0.001133504755 2
0 0.555 0.315 7.350823973e-05 2
0 0.555 0.325 -0.001047306201 2
0 0.555 0.335 -0.002197086609 2
0 0.555 0.345 -0.00336681593 2
0 0.555 0.355 -0.004512786878 2
0 0.555 0.365 -0.005686931729 2
0 0.555 0.375 -0.006645606207 2
0 0.555 0.385 -0.008052039315 2
0 0.555 0.395 -0.007763890649 2
0 0.555 0.405 -0.005277707574 2
0 0.555 0.415 -0.002248900067 2
0 0.555 0.425 0 2
0 0.555 0.435 0 2
0 0.555 0.445 0 2
0 0.555 0.455 0 2
0 0.555 0.465 0 2
0 0.565 -0.455 0 2
0 0.565 -0.445 0 2
0 0.565 -0.435 0 2
0 0.565 -0.425 0 2
0 0.565 -0.415 -0.002504910119 2
0 0.565 -0.405 -0.005905961022 2
0 0.565 -0.395 -0.008640329914 2
0 0.565 -0.385 -0.008912691075 2
0 0.565 -0.375 -0.007224467181 2
0 0.565 -0.365 -0.006031320231 2
0 0.565 -0.355 -0.004589632146 2
0 0.565 -0.345 -0.003195676114 2
0 0.565 -0.335 -0.001852437907 2
0 0.565 -0.325 -0.0005481622845 2
0 0.565 -0.315 0.0007357263033 2
0 0.565 -0.305 0.00181692263 2
0 0.565 -0.295 0.00257866144 2
0 0.565 -0.285 0.003210199611 1
0 0.565 -0.275 0.003895776864 1
0 0.565 -0.265 0.004803882421 1
0 0.565 -0.255 0.005727933489 1
0 0.565 -0.245 0.006790277683 1
0 0.565 -0.235 0.00775095433 2
0 0.565 -0.225 0.008225016084 2
0 0.565 -0.215 0.007911166836 2
0 0.565 -0.205 0.006894854026 2
0 0.565 -0.195 0.005512307657 1
0 0.565 -0.185 0.004044736378 1
0 0.565 -0.175 0.002552614202 1
0 0.565 -0.165 0.001126938946 1
0 0.565 -0.155 -0.0002686557086 1
0 0.565 -0.145 -0.001637784066 1
0 0.565 -0.135 -0.003169953047 1
0 0.565 -0.125 -0.004994393364 1
0 0.565 -0.115 -0.006880134191 1
0 0.565 -0.105 -0.008861168387 1
0 0.565 -0.095 -0.01057472854 2
0 0.565 -0.085 -0.01192947646 2
0 0.565 -0.075 -0.01266938912 2
0 0.565 -0.065 -0.01300563731 2
0 0.565 -0.055 -0.01335509869 2
0 0.565 -0.045 -0.01394664455 2
0 0.565 -0.035 -0.01458621906 2
0 0.565 -0.025 -0.01526107145 2
0 0.565 -0.015 -0.01596155337 2
0 0.565 -0.005 -0.01670724695 2
0 0.565 0.005 -0.01731454103 2
0 0.565 0.015 -0.01742550134 2
0 0.565 0.025 -0.01668354619 2
0 0.565 0.035 -0.01525940363 2
0 0.565 0.045 -0.01343249549 1
0 0.565 0.055 -0.01159221923 1
0 0.565 0.065 -0.01006705184 1
0 0.565 0.075 -0.009085255937 1
0 0.565 0.085 -0.008394762297 2
0 0.565 0.095 -0.007775510007 2
0 0.565 0.105 -0.00698084718 2
0 0.565 0.115 -0.006102168115 2
0 0.565 0.125 -0.005186223256 2
0 0.565 0.135 -0.00406805841 2
0 0.565 0.145 -0.002724931778 2
0 0.565 0.155 -0.00127721328 2
0 0.565 0.165 0.0001725420983 2
0 0.565 0.175 0.001610561255 2
0 0.565 0.185 0.002922726247 2
0 0.565 0.195 0.004048191072 2
0 0.565 0.205 0.0049228864 2
0 0.565 0.215 0.005574911915 2
0 0.565 0.225 0.005943405672 2
0 0.565 0.235 0.006025129178 2
0 0.565 0.245 0.00568059626 2
0 0.565 0.255 0.005009725936 2
0 0.565 0.265 0.004211058257 2
0 0.565 0.275 0.003376614314 2
0 0.565 0.285 0.002513428147 2
0 0.565 0.295 0.001590157989 2
0 0.565 0.305 0.0005982064679 2
0 0.565 0.315 -0.000456516926 2
0 0.565 0.325 -0.001566966228 2
0 0.565 0.335 -0.002708202145 2
0 0.565 0.345 -0.003870527808 2
0 0.565 0.355 -0.005008632814 2
0 0.565 0.365 -0.006176675404 2
0 0.565 0.375 -0.007121147802 2
0 0.565 0.385 -0.008533191848 2
0 0.565 0.395 -0.008181380736 2
0 0.565 0.405 -0.005542173986 2
0 0.565 0.415 -0.002357550249 2
0 0.565 0.425 0 2
0 0.565 0.435 0 2
0 0.565 0.445 0 2
0 0.565 0.455 0 2
0 0.565 0.465 0 2
0 0.575 -0.455 0 2
0 0.575 -0.445 0 2
0 0.575 -0.435 0 2
0 0.575 -0.425 0 2
0 0.575 -0.415 -0.002623557788 2
0 0.575 -0.405 -0.006199897641 2
0 0.575 -0.395 -0.009122349606 2
0 0.575 -0.385 -0.009503013288 2
0 0.575 -0.375 -0.007867507215 2
0 0.575 -0.365 -0.006760396683 2
0 0.575 -0.355 -0.005412171421 2
0 0.575 -0.345 -0.004127566164 2
0 0.575 -0.335 -0.002915276674 2
0 0.575 -0.325 -0.00176345995 2
0 0.575 -0.315 -0.0006426760078 2
0 0.575 -0.305 0.0004718917088 2
0 0.575 -0.295 0.001426356333 2
0 0.575 -0.285 0.002354556975 1
0 0.575 -0.275 0.003213288561 1
0 0.575 -0.265 0.004232456929 1
0 0.575 -0.255 0.005329301591 1
0 0.575 -0.245 0.006365595432 2
0 0.575 -0.235 0.00718406522 2
0 0.575 -0.225 0.007613297531 2
0 0.575 -0.215 0.007473797192 2
0 0.575 -0.205 0.006760586846 2
0 0.575 -0.195 0.005766557525 2
0 0.575 -0.185 0.004439037231 2
0 0.575 -0.175 0.002904264642 1
0 0.575 -0.165 0.001263726133 1
0 0.575 -0.155 -0.0003521515884 1
0 0.575 -0.145 -0.002022815159 1
0 0.575 -0.135 -0.003922301862 1
0 0.575 -0.125 -0.006081832615 1
0 0.575 -0.115 -0.008267540416 1
0 0.575 -0.105 -0.01036538623 2
0 0.575 -0.095 -0.01200706931 2
0 0.575 -0.085 -0.01311274432 2
0 0.575 -0.075 -0.01353456309 2
0 0.575 -0.065 -0.0136294621 2
0 0.575 -0.055 -0.01379299133 2
0 0.575 -0.045 -0.01422913896 2
0 0.575 -0.035 -0.01473005557 2
0 0.575 -0.025 -0.01527574938 2
0 0.575 -0.015 -0.01582486261 2
0 0.575 -0.005 -0.01640447584 2
0 0.575 0.005 -0.01690091121 2
0 0.575 0.015 -0.01705167495 2
0 0.575 0.025 -0.01653796621 2
0 0.575 0.035 -0.01530231315 2
0 0.575 0.045 -0.01367687899 2
0 0.575 0.055 -0.01179373366 2
0 0.575 0.065 -0.01001233022 2
0 0.575 0.075 -0.008564938175 2
0 0.575 0.085 -0.007443057322 2
0 0.575 0.095 -0.006664425657 2
0 0.575 0.105 -0.006120603362 2
0 0.575 0.115 -0.00580816859 2
0 0.575 0.125 -0.005477277062 2
0 0.575 0.135 -0.004848537655 2
0 0.575 0.145 -0.003831973145 2
0 0.575 0.155 -0.00257848935 2
0 0.575 0.165 -0.001181322524 2
0 0.575 0.175 0.0002854264599 2
0 0.575 0.185 0.001696470978 2
0 0.575 0.195 0.002948910532 2
0 0.575 0.205 0.003924352586 2
0 0.575 0.215 0.004647668492 2
0 0.575 0.225 0.005071862866 2
0 0.575 0.235 0.005143503557 2
0 0.575 0.245 0.00482357279 2
0 0.575 0.255 0.004240953328 2
0 0.575 0.265 0.003514021664 2
0 0.575 0.275 0.002733231975 2
0 0.575 0.285 0.001894083737 2
0 0.575 0.295 0.0009809153228 2
0 0.575 0.305 -3.820424006e-06 2
0 0.575 0.315 -0.001052140201 2
0 0.575 0.325 -0.002151449537 2
0 0.575 0.335 -0.003282676633 2
0 0.575 0.345 -0.004435669923 2
0 0.575 0.355 -0.005563973526 2
0 0.575 0.365 -0.006724663335 2
0 0.575 0.375 -0.007653112862 2
0 0.575 0.385 -0.009072978637 2
0 0.575 0.395 -0.008649934126 2
0 0.575 0.405 -0.005840162545 2
0 0.575 0.415 -0.002479417651 2
0 0.575 0.425 0 2
0 0.575 0.435 0 2
0 0.575 0.445 0 2
0 0.575 0.455 0 2
0 0.575 0.465 0 2
0 0.585 -0.455 0 2
0 0.585 -0.445 0 2
0 0.585 -0.435 0 2
0 0.585 -0.425 0 2
0 0.585 -0.415 -0.002766334538 2
0 0.585 -0.405 -0.006554407125 2
0 0.585 -0.395 -0.009689227498 2
0 0.585 -0.385 -0.01018042516 2
0 0.585 -0.375 -0.008576288098 2
0 0.585 -0.365 -0.007541092378 2
0 0.585 -0.355 -0.006264933361 2
0 0.585 -0.345 -0.005062964781 2
0 0.585 -0.335 -0.003918561326 2
0 0.585 -0.325 -0.002868239114 2
0 0.585 -0.315 -0.001896938418 2
0 0.585 -0.305 -0.0008750456713 2
0 0.585 -0.295 0.0001548353781 2
0 0.585 -0.285 0.001209860095 2
0 0.585 -0.275 0.00223092413 2
0 0.585 -0.265 0.003280686144 2
0 0.585 -0.255 0.004334621132 2
0 0.585 -0.245 0.005228974954 2
0 0.585 -0.235 0.005975222666 2
0 0.585 -0.225 0.006408759148 2
0 0.585 -0.215 0.006474165583 2
0 0.585 -0.205 0.006076370969 2
0 0.585 -0.195 0.00525242794 2
0 0.585 -0.185 0.004029400334 2
0 0.585 -0.175 0.002608750617 2
0 0.585 -0.165 0.001010074965 2
0 0.585 -0.155 -0.0007290539108 2
0 0.585 -0.145 -0.002650280369 2
0 0.585 -0.135 -0.004794060403 2
0 0.585 -0.125 -0.007030424531 2
0 0.585 -0.115 -0.009185296501 2
0 0.585 -0.105 -0.01114433914 2
0 0.585 -0.095 -0.01266981286 2
0 0.585 -0.085 -0.0135279675 2
0 0.585 -0.075 -0.01376780598 2
0 0.585 -0.065 -0.01380874221 2
0 0.585 -0.055 -0.01394010142 2
0 0.585 -0.045 -0.01428179971 2
0 0.585 -0.035 -0.01467743497 2
0 0.585 -0.025 -0.01510323138 2
0 0.585 -0.015 -0.0155089124 2
0 0.585 -0.005 -0.01589193145 2
0 0.585 0.005 -0.01620512943 2
0 0.585 0.015 -0.01626442016 2
0 0.585 0.025 -0.01586308936 2
0 0.585 0.035 -0.0148422109 2
0 0.585 0.045 -0.01330021721 2
0 0.585 0.055 -0.01142717999 2
0 0.585 0.065 -0.009556068933 2
0 0.585 0.075 -0.007900275766 2
0 0.585 0.085 -0.006625804206 2
0 0.585 0.095 -0.005816292859 2
0 0.585 0.105 -0.005435879008 2
0 0.585 0.115 -0.005399026358 2
0 0.585 0.125 -0.005386349001 2
0 0.585 0.135 -0.005164164475 2
0 0.585 0.145 -0.004591057809 2
0 0.585 0.155 -0.003659247138 2
0 0.585 0.165 -0.002427839142 2
0 0.585 0.175 -0.00104848108 2
0 0.585 0.185 0.0003356015579 2
0 0.585 0.195 0.001608549239 2
0 0.585 0.205 0.002653890597 2
0 0.585 0.215 0.003438011107 2
0 0.585 0.225 0.003905586985 2
0 0.585 0.235 0.004008633715 2
0 0.585 0.245 0.003791537667 2
0 0.585 0.255 0.003329260331 2
0 0.585 0.265 0.002705237172 2
0 0.585 0.275 0.001987813959 2
0 0.585 0.285 0.001179277739 2
0 0.585 0.295 0.0002868142551 2
0 0.585 0.305 -0.0006815953057 2
0 0.585 0.315 -0.001715387574 2
0 0.585 0.325 -0.002801776474 2
0 0.585 0.335 -0.003921026317 2
0 0.585 0.345 -0.005062838129 2
0 0.585 0.355 -0.006179528811 2
0 0.585 0.365 -0.007331725328 2
0 0.585 0.375 -0.00824236973 2
0 0.585 0.385 -0.009672246259 2
0 0.585 0.395 -0.009170263283 2
0 0.585 0.405 -0.006172079713 2
0 0.585 0.415 -0.002614677647 2
0 0.585 0.425 0 2
0 0.585 0.435 0 2
0 0.585 0.445 0 2
0 0.585 0.455 0 2
0 0.585 0.465 0 2
0 0.595 -0.455 0 2
0 0.595 -0.445 0 2
0 0.595 -0.435 0 2
0 0.595 -0.425 0 2
0 0.595 -0.415 -0.002929045668 2
0 0.595 -0.405 -0.006958627527 2
0 0.595 -0.395 -0.01032840335 2
0 0.595 -0.385 -0.01093411774 2
0 0.595 -0.375 -0.009345876252 2
0 0.595 -0.365 -0.008369377276 2
0 0.595 -0.355 -0.007144562125 2
0 0.595 -0.345 -0.005998841158 2
0 0.595 -0.335 -0.004883404488 2
0 0.595 -0.325 -0.003868979687 2
0 0.595 -0.315 -0.002928959021 2
0 0.595 -0.305 -0.001994490819 2
0 0.595 -0.295 -0.001035069147 2
0 0.595 -0.285 -6.776976711e-05 2
0 0.595 -0.275 0.0009651699675 2
0 0.595 -0.265 0.002006684968 2
0 0.595 -0.255 0.003021456531 2
0 0.595 -0.245 0.003892258378 2
0 0.595 -0.235 0.004559826226 2
0 0.595 -0.225 0.004957984368 2
0 0.595 -0.215 0.005112715506 2
0 0.595 -0.205 0.004918566992 2
0 0.595 -0.195 0.004306463225 2
0 0.595 -0.185 0.003279459298 2
0 0.595 -0.175 0.001934993306 2
0 0.595 -0.165 0.000382187426 2
0 0.595 -0.155 -0.001361655127 2
0 0.595 -0.145 -0.003306961676 2
0 0.595 -0.135 -0.005423709631 2
0 0.595 -0.125 -0.007545261191 2
0 0.595 -0.115 -0.009568775252 2
0 0.595 -0.105 -0.01132016947 2
0 0.595 -0.095 -0.01258744659 2
0 0.595 -0.085 -0.01325723871 2
0 0.595 -0.075 -0.01349788975 2
0 0.595 -0.065 -0.01361560021 2
0 0.595 -0.055 -0.01380918581 2
0 0.595 -0.045 -0.01411082011 2
0 0.595 -0.035 -0.01443677953 2
0 0.595 -0.025 -0.01476313021 2
0 0.595 -0.015 -0.01504736601 2
0 0.595 -0.005 -0.01525725476 2
0 0.595 0.005 -0.01536212616 2
0 0.595 0.015 -0.01524216357 2
0 0.595 0.025 -0.0147737142 2
0 0.595 0.035 -0.01386582118 2
0 0.595 0.045 -0.0124777856 2
0 0.595 0.055 -0.01077249773 2
0 0.595 0.065 -0.008976264848 2
0 0.595 0.075 -0.007335622795 2
0 0.595 0.085 -0.006063044884 2
0 0.595 0.095 -0.005246671924 2
0 0.595 0.105 -0.004860802531 2
0 0.595 0.115 -0.004865160574 2
0 0.595 0.125 -0.005074192718 2
0 0.595 0.135 -0.005237998751 2
0 0.595 0.145 -0.005130379273 2
0 0.595 0.155 -0.004585567848 2
0 0.595 0.165 -0.003597630884 2
0 0.595 0.175 -0.002301967129 2
0 0.595 0.185 -0.0009297120144 2
0 0.595 0.195 0.0003406530613 2
0 0.595 0.205 0.001385787843 2
0 0.595 0.215 0.002164029022 2
0 0.595 0.225 0.002636141719 2
0 0.595 0.235 0.002793599481 2
0 0.595 0.245 0.002671398093 2
0 0.595 0.255 0.002322307633 2
0 0.595 0.265 0.001800476307 2
0 0.595 0.275 0.001147654749 2
0 0.595 0.285 0.000379959172 2
0 0.595 0.295 -0.0004839295966 2
0 0.595 0.305 -0.00143127723 2
0 0.595 0.315 -0.002447815252 2
0 0.595 0.325 -0.003518861967 2
0 0.595 0.335 -0.004623805285 2
0 0.595 0.345 -0.00575247504 2
0 0.595 0.355 -0.006855675618 2
0 0.595 0.365 -0.007998199221 2
0 0.595 0.375 -0.008889208419 2
0 0.595 0.385 -0.01033119722 2
0 0.595 0.395 -0.009742500953 2
0 0.595 0.405 -0.006537963289 2
0 0.595 0.415 -0.002763353357 2
0 0.595 0.425 0 2
0 0.595 0.435 0 2
0 0.595 0.445 0 2
0 0.595 0.455 0 2
0 0.595 0.465 0 2
0 0.605 -0.455 0 2
0 0.605 -0.445 0 2
0 0.605 -0.435 0 2
0 0.605 -0.425 0 2
0 0.605 -0.415 -0.003107913056 2
0 0.605 -0.405 -0.007402791276 2
0 0.605 -0.395 -0.01102658075 2
0 0.605 -0.385 -0.01175055007 2
0 0.605 -0.375 -0.01016660045 2
0 0.605 -0.365 -0.009238551328 2
0 0.605 -0.355 -0.008050202928 2
0 0.605 -0.345 -0.006942265951 2
0 0.605 -0.335 -0.005842440757 2
0 0.605 -0.325 -0.004826890747 2
0 0.605 -0.315 -0.003880581714 2
0 0.605 -0.305 -0.002990815074 2
0 0.605 -0.295 -0.002095539304 2
0 0.605 -0.285 -0.001184327566 2
0 0.605 -0.275 -0.0002054445298 2
0 0.605 -0.265 0.0007710667866 2
0 0.605 -0.255 0.00169137054 2
0 0.605 -0.245 0.002486686004 2
0 0.605 -0.235 0.003072442226 2
0 0.605 -0.225 0.003437741687 2
0 0.605 -0.215 0.00358328016 2
0 0.605 -0.205 0.003447126238 2
0 0.605 -0.195 0.002983796998 2
0 0.605 -0.185 0.002170331539 2
0 0.605 -0.175 0.0009994743709 2
0 0.605 -0.165 -0.0004333691105 2
0 0.605 -0.155 -0.00206205679 2
0 0.605 -0.145 -0.003847957796 2
0 0.605 -0.135 -0.00574218516 2
0 0.605 -0.125 -0.00762594641 2
0 0.605 -0.115 -0.009388306006 2
0 0.605 -0.105 -0.01084791084 2
0 0.605 -0.095 -0.0118867256 2
0 0.605 -0.085 -0.01252985683 2
0 0.605 -0.075 -0.01290372568 2
0 0.605 -0.065 -0.0131680011 2
0 0.605 -0.055 -0.01344898572 2
0 0.605 -0.045 -0.01374359243 2
0 0.605 -0.035 -0.01402692867 2
0 0.605 -0.025 -0.01427711578 2
0 0.605 -0.015 -0.01446057499 2
0 0.605 -0.005 -0.01453733032 2
0 0.605 0.005 -0.0144719875 2
0 0.605 0.015 -0.01419717534 2
0 0.605 0.025 -0.01363976907 2
0 0.605 0.035 -0.01274225441 2
0 0.605 0.045 -0.01148417866 2
0 0.605 0.055 -0.009964037843 2
0 0.605 0.065 -0.008326668601 2
0 0.605 0.075 -0.006784556638 2
0 0.605 0.085 -0.005497916525 2
0 0.605 0.095 -0.00463087595 2
0 0.605 0.105 -0.004256648142 2
0 0.605 0.115 -0.004386830256 2
0 0.605 0.125 -0.004889688164 2
0 0.605 0.135 -0.005471028009 2
0 0.605 0.145 -0.005801013378 2
0 0.605 0.155 -0.005581540098 2
0 0.605 0.165 -0.004786805116 2
0 0.605 0.175 -0.003553955335 2
0 0.605 0.185 -0.002170663367 2
0 0.605 0.195 -0.0008769992071 2
0 0.605 0.205 0.0001667080237 2
0 0.605 0.215 0.0009283564895 2
0 0.605 0.225 0.001406805967 2
0 0.605 0.235 0.001608146384 2
0 0.605 0.245 0.001558534188 2
0 0.605 0.255 0.001290310178 2
0 0.605 0.265 0.0008380867532 2
0 0.605 0.275 0.0002343551429 2
0 0.605 0.285 -0.0004950448224 2
0 0.605 0.295 -0.001329924485 2
0 0.605 0.305 -0.002253960316 2
0 0.605 0.315 -0.003250418248 2
0 0.605 0.325 -0.004303401515 2
0 0.605 0.335 -0.005391516675 2
0 0.605 0.345 -0.006504828297 2
0 0.605 0.355 -0.007592448982 2
0 0.605 0.365 -0.008723946798 2
0 0.605 0.375 -0.009593361062 2
0 0.605 0.385 -0.01104942933 2
0 0.605 0.395 -0.01036624055 2
0 0.605 0.405 -0.006937520931 2
0 0.605 0.415 -0.00292532795 2
0 0.605 0.425 0 2
0 0.605 0.435 0 2
0 0.605 0.445 0 2
0 0.605 0.455 0 2
0 0.605 0.465 0 2
0 0.615 -0.455 0 2
0 0.615 -0.445 0 2
0 0.615 -0.435 0 2
0 0.615 -0.425 0 2
0 0.615 -0.415 -0.003300338022 2
0 0.615 -0.405 -0.007880516608 2
0 0.615 -0.395 -0.01177484174 2
0 0.615 -0.385 -0.01262106122 2
0 0.615 -0.375 -0.01103318015 2
0 0.615 -0.365 -0.01014693966 2
0 0.615 -0.355 -0.008986462091 2
0 0.615 -0.345 -0.007906578997 2
0 0.615 -0.335 -0.006825522033 2
0 0.615 -0.325 -0.00580521518 2
0 0.615 -0.315 -0.004837954568 2
0 0.615 -0.305 -0.003921079452 2
0 0.615 -0.295 -0.003019500979 2
0 0.615 -0.285 -0.002124340226 2
0 0.615 -0.275 -0.001221495239 2
0 0.615 -0.265 -0.0003460185109 2
0 0.615 -0.255 0.0004557018369 2
0 0.615 -0.245 0.001133979441 2
0 0.615 -0.235 0.001635541078 2
0 0.615 -0.225 0.001939271747 2
0 0.615 -0.215 0.002037916407 2
0 0.615 -0.205 0.00190770363 2
0 0.615 -0.195 0.001521057219 2
0 0.615 -0.185 0.0008515606726 2
0 0.615 -0.175 -0.0001053501496 2
0 0.615 -0.165 -0.001306982176 2
0 0.615 -0.155 -0.002700845768 2
0 0.615 -0.145 -0.004227866944 2
0 0.615 -0.135 -0.005819897419 2
0 0.615 -0.125 -0.007385220215 2
0 0.615 -0.115 -0.00882940153 2
0 0.615 -0.105 -0.01004939257 2
0 0.615 -0.095 -0.01099223696 2
0 0.615 -0.085 -0.01167438471 2
0 0.615 -0.075 -0.01217381875 2
0 0.615 -0.065 -0.01256801458 2
0 0.615 -0.055 -0.01291397046 2
0 0.615 -0.045 -0.01321440436 2
0 0.615 -0.035 -0.01347136446 2
0 0.615 -0.025 -0.01366726497 2
0 0.615 -0.015 -0.01377600626 2
0 0.615 -0.005 -0.01376432922 2
0 0.615 0.005 -0.01359071088 2
0 0.615 0.015 -0.01320884558 2
0 0.615 0.025 -0.01257707288 2
0 0.615 0.035 -0.01166989815 2
0 0.615 0.045 -0.01049724467 2
0 0.615 0.055 -0.009107298412 2
0 0.615 0.065 -0.007572559898 2
0 0.615 0.075 -0.006068172908 2
0 0.615 0.085 -0.004759348196 2
0 0.615 0.095 -0.003866556078 2
0 0.615 0.105 -0.003581081925 2
0 0.615 0.115 -0.00397761218 2
0 0.615 0.125 -0.00485998923 2
0 0.615 0.135 -0.005835133465 2
0 0.615 0.145 -0.006534594398 2
0 0.615 0.155 -0.00663524587 2
0 0.615 0.165 -0.006021108 2
0 0.615 0.175 -0.004807737978 2
0 0.615 0.185 -0.003346045909 2
0 0.615 0.195 -0.001984861691 2
0 0.615 0.205 -0.0009126339264 2
0 0.615 0.215 -0.000167818658 2
0 0.615 0.225 0.0003005677213 2
0 0.615 0.235 0.0005059548427 2
0 0.615 0.245 0.0004772499887 2
0 0.615 0.255 0.000241109217 2
0 0.615 0.265 -0.0001742635741 2
0 0.615 0.275 -0.0007424749592 2
0 0.615 0.285 -0.001440575915 2
0 0.615 0.295 -0.002248580766 2
0 0.615 0.305 -0.003148727275 2
0 0.615 0.315 -0.004123302497 2
0 0.615 0.325 -0.005155839518 2
0 0.615 0.335 -0.006224499636 2
0 0.615 0.345 -0.007319890668 2
0 0.615 0.355 -0.008389500096 2
0 0.615 0.365 -0.009508318219 2
0 0.615 0.375 -0.01035396787 2
0 0.615 0.385 -0.01182591393 2
0 0.615 0.395 -0.01104052158 2
0 0.615 0.405 -0.007370130972 2
0 0.615 0.415 -0.003100342247 2
0 0.615 0.425 0 2
0 0.615 0.435 0 2
0 0.615 0.445 0 2
0 0.615 0.455 0 2
0 0.615 0.465 0 2
0 0.625 -0.455 0 2
0 0.625 -0.445 0 2
0 0.625 -0.435 0 2
0 0.625 -0.425 0 2
0 0.625 -0.415 -0.003504315172 2
0 0.625 -0.405 -0.008387085247 2
0 0.625 -0.395 -0.01256616946 2
0 0.625 -0.385 -0.013538781 2
0 0.625 -0.375 -0.01194128784 2
0 0.625 -0.365 -0.01109364142 2
0 0.625 -0.355 -0.009957477864 2
0 0.625 -0.345 -0.008903112888 2
0 0.625 -0.335 -0.007839423754 2
0 0.625 -0.325 -0.006818265455 2
0 0.625 -0.315 -0.005833640014 2
0 0.625 -0.305 -0.004891103228 2
0 0.625 -0.295 -0.003982809303 2
0 0.625 -0.285 -0.003110086153 2
0 0.625 -0.275 -0.002275791863 2
0 0.625 -0.265 -0.00149963627 2
0 0.625 -0.255 -0.000807890941 2
0 0.625 -0.245 -0.0002301626089 2
0 0.625 -0.235 0.0002031636946 2
0 0.625 -0.225 0.0004683916388 2
0 0.625 -0.215 0.0005456786973 2
0 0.625 -0.205 0.000417843168 2
0 0.625 -0.195 7.425027849e-05 2
0 0.625 -0.185 -0.0004888887871 2
0 0.625 -0.175 -0.001263391004 2
0 0.625 -0.165 -0.002223851457 2
0 0.625 -0.155 -0.003335409773 2
0 0.625 -0.145 -0.004549583516 2
0 0.625 -0.135 -0.005813214977 2
0 0.625 -0.125 -0.007064010463 2
0 0.625 -0.115 -0.008237440678 2
0 0.625 -0.105 -0.009278125389 2
0 0.625 -0.095 -0.01015505557 2
0 0.625 -0.085 -0.01086464139 2
0 0.625 -0.075 -0.0114301908 2
0 0.625 -0.065 -0.01188228274 2
0 0.625 -0.055 -0.01225136528 2
0 0.625 -0.045 -0.01255404259 2
0 0.625 -0.035 -0.01279096667 2
0 0.625 -0.025 -0.01294939621 2
0 0.625 -0.015 -0.01300891515 2
0 0.625 -0.005 -0.01294219354 2
0 0.625 0.005 -0.01271668939 2
0 0.625 0.015 -0.01229723249 2
0 0.625 0.025 -0.01165111853 2
0 0.625 0.035 -0.01075836588 2
0 0.625 0.045 -0.00960963204 2
0 0.625 0.055 -0.008222159691 2
0 0.625 0.065 -0.006669900772 2
0 0.625 0.075 -0.005152892687 2
0 0.625 0.085 -0.003896013711 2
0 0.625 0.095 -0.003149599768 2
0 0.625 0.105 -0.003063207173 2
0 0.625 0.115 -0.003681374282 2
0 0.625 0.125 -0.004807998344 2
0 0.625 0.135 -0.006055303864 2
0 0.625 0.145 -0.006956399221 2
0 0.625 0.155 -0.007281758386 2
0 0.625 0.165 -0.006808162497 2
0 0.625 0.175 -0.005724461057 2
0 0.625 0.185 -0.004282903963 2
0 0.625 0.195 -0.002929646258 2
0 0.625 0.205 -0.001869324688 2
0 0.625 0.215 -0.001175007249 2
0 0.625 0.225 -0.0007471790948 2
0 0.625 0.235 -0.0005671447472 2
0 0.625 0.245 -0.0006034850111 2
0 0.625 0.255 -0.0008330000722 2
0 0.625 0.265 -0.001232291251 2
0 0.625 0.275 -0.001779653419 2
0 0.625 0.285 -0.002454970411 2
0 0.625 0.295 -0.003239611222 2
0 0.625 0.305 -0.004116238917 2
0 0.625 0.315 -0.00506740322 2
0 0.625 0.325 -0.006076903502 2
0 0.625 0.335 -0.007123029224 2
0 0.625 0.345 -0.008197398687 2
0 0.625 0.355 -0.009246040266 2
0 0.625 0.365 -0.01035007084 2
0 0.625 0.375 -0.01116948281 2
0 0.625 0.385 -0.01265890024 2
0 0.625 0.395 -0.01176374604 2
0 0.625 0.405 -0.007834795784 2
0 0.625 0.415 -0.003287973529 2
0 0.625 0.425 0 2
0 0.625 0.435 0 2
0 0.625 0.445 0 2
0 0.625 0.455 0 2
0 0.625 0.465 0 2
0 0.635 -0.455 0 2
0 0.635 -0.445 0 2
0 0.635 -0.435 0 2
0 0.635 -0.425 0 2
0 0.635 -0.415 -0.003718215991 2
0 0.635 -0.405 -0.008918815487 2
0 0.635 -0.395 -0.01339481138 2
0 0.635 -0.385 -0.01449805437 2
0 0.635 -0.375 -0.01288722112 2
0 0.635 -0.365 -0.01207798322 2
0 0.635 -0.355 -0.01096665965 2
0 0.635 -0.345 -0.009941198514 2
0 0.635 -0.335 -0.008901344014 2
0 0.635 -0.325 -0.007899759511 2
0 0.635 -0.315 -0.006932016908 2
0 0.635 -0.305 -0.006006892936 2
0 0.635 -0.295 -0.005124587279 2
0 0.635 -0.285 -0.004290015678 2
0 0.635 -0.275 -0.003509931109 2
0 0.635 -0.265 -0.002798439136 2
0 0.635 -0.255 -0.002173604878 2
0 0.635 -0.245 -0.00165578402 2
0 0.635 -0.235 -0.001265305669 2
0 0.635 -0.225 -0.001019039429 2
0 0.635 -0.215 -0.0009308966168 2
0 0.635 -0.205 -0.001012062359 2
0 0.635 -0.195 -0.00126886214 2
0 0.635 -0.185 -0.001701459943 2
0 0.635 -0.175 -0.002301865345 2
0 0.635 -0.165 -0.003051945599 2
0 0.635 -0.155 -0.003925181958 2
0 0.635 -0.145 -0.00488536979 2
0 0.635 -0.135 -0.005889942028 2
0 0.635 -0.125 -0.006892192184 2
0 0.635 -0.115 -0.007847620294 2
0 0.635 -0.105 -0.008719372906 2
0 0.635 -0.095 -0.009484285237 2
0 0.635 -0.085 -0.01013442688 2
0 0.635 -0.075 -0.01067646524 2
0 0.635 -0.065 -0.01112358448 2
0 0.635 -0.055 -0.01148972969 2
0 0.635 -0.045 -0.01178202225 2
0 0.635 -0.035 -0.0119992766 2
0 0.635 -0.025 -0.01213191744 2
0 0.635 -0.015 -0.01216353542 2
0 0.635 -0.005 -0.01207161883 2
0 0.635 0.005 -0.01182951861 2
0 0.635 0.015 -0.01140768598 2
0 0.635 0.025 -0.01077711747 2
0 0.635 0.035 -0.0099177371 2
0 0.635 0.045 -0.008793884076 2
0 0.635 0.055 -0.00741633675 2
0 0.635 0.065 -0.005883097909 2
0 0.635 0.075 -0.004419117047 2
0 0.635 0.085 -0.003299243257 2
0 0.635 0.095 -0.002780282775 2
0 0.635 0.105 -0.002824714932 2
0 0.635 0.115 -0.003424279977 2
0 0.635 0.125 -0.004594102363 1
0 0.635 0.135 -0.006036917129 1
0 0.635 0.145 -0.007077229425 1
0 0.635 0.155 -0.007491909353 2
0 0.635 0.165 -0.007008875683 2
0 0.635 0.175 -0.006116853479 2
0 0.635 0.185 -0.00487038574 2
0 0.635 0.195 -0.003648429209 2
0 0.635 0.205 -0.002690440503 2
0 0.635 0.215 -0.002097026399 2
0 0.635 0.225 -0.001748629247 2
0 0.635 0.235 -0.001625000042 2
0 0.635 0.245 -0.001696002735 2
0 0.635 0.255 -0.001941711788 2
0 0.635 0.265 -0.002342862163 2
0 0.635 0.275 -0.002881725051 2
0 0.635 0.285 -0.003541399447 2
0 0.635 0.295 -0.004305634837 2
0 0.635 0.305 -0.005158742417 2
0 0.635 0.315 -0.006084458993 2
0 0.635 0.325 -0.007067663292 2
0 0.635 0.335 -0.008087386402 2
0 0.635 0.345 -0.009136802696 2
0 0.635 0.355 -0.01016074533 2
0 0.635 0.365 -0.01124723028 2
0 0.635 0.375 -0.01203750748 2
0 0.635 0.385 -0.01354573022 2
0 0.635 0.395 -0.01253351051 2
0 0.635 0.405 -0.008330036957 2
0 0.635 0.415 -0.00348759116 2
0 0.635 0.425 0 2
0 0.635 0.435 0 2
0 0.635 0.445 0 2
0 0.635 0.455 0 2
0 0.635 0.465 0 2
0 0.645 -0.455 0 2
0 0.645 -0.445 0 2
0 0.645 -0.435 0 2
0 0.645 -0.425 0 2
0 0.645 -0.415 -0.003940412435 2
0 0.645 -0.405 -0.009472046034 2
0 0.645 -0.395 -0.01425486699 2
0 0.645 -0.385 -0.015492852 2
0 0.645 -0.375 -0.01386644774 2
0 0.645 -0.365 -0.01309784756 2
0 0.645 -0.355 -0.0120148896 2
0 0.645 -0.345 -0.01102497976 2
0 0.645 -0.335 -0.01001881712 2
0 0.645 -0.325 -0.009050035049 2
0 0.645 -0.315 -0.008114384453 2
0 0.645 -0.305 -0.007222838542 2
0 0.645 -0.295 -0.006379105777 2
0 0.645 -0.285 -0.005589689662 2
0 0.645 -0.275 -0.004861812875 2
0 0.645 -0.265 -0.004205786563 2
0 0.645 -0.255 -0.003633642871 2
0 0.645 -0.245 -0.003158341214 2
0 0.645 -0.235 -0.002792611784 2
0 0.645 -0.225 -0.002547444736 2
0 0.645 -0.215 -0.002431621241 2
0 0.645 -0.205 -0.002451357228 2
0 0.645 -0.195 -0.002609383744 2
0 0.645 -0.185 -0.002904290137 2
0 0.645 -0.175 -0.003329548511 2
0 0.645 -0.165 -0.003872309098 2
0 0.645 -0.155 -0.004513621835 2
0 0.645 -0.145 -0.005228295287 2
0 0.645 -0.135 -0.00598657303 2
0 0.645 -0.125 -0.006756164075 2
0 0.645 -0.115 -0.007505915834 2
0 0.645 -0.105 -0.008209139968 2
0 0.645 -0.095 -0.008846850555 2
0 0.645 -0.085 -0.009408779434 2
0 0.645 -0.075 -0.009892719525 2
0 0.645 -0.065 -0.01030120176 2
0 0.645 -0.055 -0.01063824781 2
0 0.645 -0.045 -0.0109054802 2
0 0.645 -0.035 -0.01110016416 2
0 0.645 -0.025 -0.01121415017 2
0 0.645 -0.015 -0.01123403264 2
0 0.645 -0.005 -0.0111415279 2
0 0.645 0.005 -0.01091439076 2
0 0.645 0.015 -0.01052543467 2
0 0.645 0.025 -0.009946487598 2
0 0.645 0.035 -0.009140051096 2
0 0.645 0.045 -0.008063316074 2
0 0.645 0.055 -0.006743421642 2
0 0.645 0.065 -0.005321688537 2
0 0.645 0.075 -0.004032487475 2
0 0.645 0.085 -0.003046694147 2
0 0.645 0.095 -0.002674176964 2
0 0.645 0.105 -0.00289622792 1
0 0.645 0.115 -0.003650398781 1
0 0.645 0.125 -0.004739718471 1
0 0.645 0.135 -0.005910302057 1
0 0.645 0.145 -0.006775028435 1
0 0.645 0.155 -0.007155578393 1
0 0.645 0.165 -0.006783909518 2
0 0.645 0.175 -0.006053593057 2
0 0.645 0.185 -0.005081371073 2
0 0.645 0.195 -0.004137818245 2
0 0.645 0.205 -0.003398243025 2
0 0.645 0.215 -0.002963477724 2
0 0.645 0.225 -0.002735231438 2
0 0.645 0.235 -0.002696462213 2
0 0.645 0.245 -0.002824235371 2
0 0.645 0.255 -0.003103287104 2
0 0.645 0.265 -0.003519135402 2
0 0.645 0.275 -0.004058155679 2
0 0.645 0.285 -0.004706959479 2
0 0.645 0.295 -0.005452161537 2
0 0.645 0.305 -0.006280409431 2
0 0.645 0.315 -0.007177377646 2
0 0.645 0.325 -0.008129748756 2
0 0.645 0.335 -0.009117914799 2
0 0.645 0.345 -0.01013720798 2
0 0.645 0.355 -0.01113161459 2
0 0.645 0.365 -0.01219688393 2
0 0.645 0.375 -0.01295454066 2
0 0.645 0.385 -0.01448254714 2
0 0.645 0.395 -0.01334633686 2
0 0.645 0.405 -0.008853720096 2
0 0.645 0.415 -0.003698284104 2
0 0.645 0.425 0 2
0 0.645 0.435 0 2
0 0.645 0.445 0 2
0 0.645 0.455 0 2
0 0.645 0.465 0 2
0 0.655 -0.455 0 2
0 0.655 -0.445 0 2
0 0.655 -0.435 0 2
0 0.655 -0.425 0 2
0 0.655 -0.415 -0.004168952778 2
0 0.655 -0.405 -0.01004229782 2
0 0.655 -0.395 -0.01513911942 2
0 0.655 -0.385 -0.01651553588 2
0 0.655 -0.375 -0.01487267774 2
0 0.655 -0.365 -0.01414901735 2
0 0.655 -0.355 -0.01310081222 2
0 0.655 -0.345 -0.0121561619 2
0 0.655 -0.335 -0.01119651318 2
0 0.655 -0.325 -0.01027633017 2
0 0.655 -0.315 -0.009389972498 2
0 0.655 -0.305 -0.008548602145 2
0 0.655 -0.295 -0.007756344253 2
0 0.655 -0.285 -0.007019514796 2
0 0.655 -0.275 -0.006344339709 2
0 0.655 -0.265 -0.005738209623 2
0 0.655 -0.255 -0.005208794327 2
0 0.655 -0.245 -0.004763510005 2
0 0.655 -0.235 -0.004408829268 2
0 0.655 -0.225 -0.004149787834 2
0 0.655 -0.215 -0.003989939394 2
0 0.655 -0.205 -0.003931501383 2
0 0.655 -0.195 -0.003975194126 2
0 0.655 -0.185 -0.004119998893 2
0 0.655 -0.175 -0.004362443066 2
0 0.655 -0.165 -0.004695637696 2
0 0.655 -0.155 -0.005108645564 2
0 0.655 -0.145 -0.00558599247 2
0 0.655 -0.135 -0.006108335496 2
0 0.655 -0.125 -0.006653826604 2
0 0.655 -0.115 -0.007200416516 2
0 0.655 -0.105 -0.007728145572 2
0 0.655 -0.095 -0.008221151243 2
0 0.655 -0.085 -0.008668551707 2
0 0.655 -0.075 -0.009064311371 2
0 0.655 -0.065 -0.009405761426 2
0 0.655 -0.055 -0.009691748448 2
0 0.655 -0.045 -0.009920445902 2
0 0.655 -0.035 -0.01008783594 2
0 0.655 -0.025 -0.01018674034 2
0 0.655 -0.015 -0.01020644108 2
0 0.655 -0.005 -0.01013245079 2
0 0.655 0.005 -0.009946426384 2
0 0.655 0.015 -0.009623731952 2
0 0.655 0.025 -0.00913733675 2
0 0.655 0.035 -0.00842860017 2
0 0.655 0.045 -0.007475459082 2
0 0.655 0.055 -0.006305951887 2
0 0.655 0.065 -0.00511196977 2
0 0.655 0.075 -0.004004874248 2
0 0.655 0.085 -0.00312878997 2
0 0.655 0.095 -0.002944628106 1
0 0.655 0.105 -0.003394872271 1
0 0.655 0.115 -0.004257479737 1
0 0.655 0.125 -0.005106962299 1
0 0.655 0.135 -0.00582686372 1
0 0.655 0.145 -0.006384559399 1
0 0.655 0.155 -0.006554592247 1
0 0.655 0.165 -0.006287902971 2
0 0.655 0.175 -0.005699347954 2
0 0.655 0.185 -0.005029061925 2
0 0.655 0.195 -0.004459929343 2
0 0.655 0.205 -0.004044219718 2
0 0.655 0.215 -0.00381639029 2
0 0.655 0.225 -0.003742713645 2
0 0.655 0.235 -0.003812042913 2
0 0.655 0.245 -0.004013817396 2
0 0.655 0.255 -0.00433884899 2
0 0.655 0.265 -0.004778175899 2
0 0.655 0.275 -0.005322538224 2
0 0.655 0.285 -0.005962330722 2
0 0.655 0.295 -0.006687419425 2
0 0.655 0.305 -0.007487319901 2
0 0.655 0.315 -0.008350252283 2
0 0.655 0.325 -0.009265344291 2
0 0.655 0.335 -0.01021496399 2
0 0.655 0.345 -0.01119724417 2
0 0.655 0.355 -0.01215575878 2
0 0.655 0.365 -0.01319488817 2
0 0.655 0.375 -0.01391562523 2
0 0.655 0.385 -0.01546387521 2
0 0.655 0.395 -0.01419728011 2
0 0.655 0.405 -0.009402794072 2
0 0.655 0.415 -0.00391875425 2
0 0.655 0.425 0 2
0 0.655 0.435 0 2
0 0.655 0.445 0 2
0 0.655 0.455 0 2
0 0.655 0.465 0 2
0 0.665 -0.455 0 2
0 0.665 -0.445 0 2
0 0.665 -0.435 0 2
0 0.665 -0.425 0 2
0 0.665 -0.415 -0.00440123757 2
0 0.665 -0.405 -0.01062345511 2
0 0.665 -0.395 -0.01603785109 2
0 0.665 -0.385 -0.01755559584 2
0 0.665 -0.375 -0.01589684857 2
0 0.665 -0.365 -0.01522436944 2
0 0.665 -0.355 -0.01421994702 2
0 0.665 -0.345 -0.01333277402 2
0 0.665 -0.335 -0.01243413044 2
0 0.665 -0.325 -0.01157848909 2
0 0.665 -0.315 -0.01075747611 2
0 0.665 -0.305 -0.009981050717 2
0 0.665 -0.295 -0.009252225005 2
0 0.665 -0.285 -0.008576224659 2
0 0.665 -0.275 -0.007957765583 2
0 0.665 -0.265 -0.007401749636 2
0 0.665 -0.255 -0.006912219629 2
0 0.665 -0.245 -0.006491806984 2
0 0.665 -0.235 -0.006141259756 2
0 0.665 -0.225 -0.005859651247 2
0 0.665 -0.215 -0.005645052212 2
0 0.665 -0.205 -0.005495711457 2
0 0.665 -0.195 -0.005410733325 2
0 0.665 -0.185 -0.00539052354 2
0 0.665 -0.175 -0.005436038271 2
0 0.665 -0.165 -0.005547495932 2
0 0.665 -0.155 -0.005722845573 2
0 0.665 -0.145 -0.005956348884 2
0 0.665 -0.135 -0.006238245405 2
0 0.665 -0.125 -0.006555293823 2
0 0.665 -0.115 -0.006892317647 2
0 0.665 -0.105 -0.007234077675 2
0 0.665 -0.095 -0.00756702131 2
0 0.665 -0.085 -0.007880353512 2
0 0.665 -0.075 -0.008166333526 2
0 0.665 -0.065 -0.008419732991 2
0 0.665 -0.055 -0.008636862493 2
0 0.665 -0.045 -0.008814343153 2
0 0.665 -0.035 -0.008948043318 2
0 0.665 -0.025 -0.009032289288 2
0 0.665 -0.015 -0.009059245776 2
0 0.665 -0.005 -0.009018558107 2
0 0.665 0.005 -0.008896334922 2
0 0.665 0.015 -0.008673132819 2
0 0.665 0.025 -0.008324569339 2
0 0.665 0.035 -0.007788351213 2
0 0.665 0.045 -0.007070535394 2
0 0.665 0.055 -0.006161197095 2
0 0.665 0.065 -0.005172640907 2
0 0.665 0.075 -0.00403692024 2
0 0.665 0.085 -0.003376735515 1
0 0.665 0.095 -0.003430318818 1
0 0.665 0.105 -0.004138998694 1
0 0.665 0.115 -0.005028986702 1
0 0.665 0.125 -0.005604011634 1
0 0.665 0.135 -0.005856948652 1
0 0.665 0.145 -0.006019440538 1
0 0.665 0.155 -0.005942558944 1
0 0.665 0.165 -0.005702688799 2
0 0.665 0.175 -0.005279051058 2
0 0.665 0.185 -0.004925718215 2
0 0.665 0.195 -0.004746315162 2
0 0.665 0.205 -0.00470766838 2
0 0.665 0.215 -0.004714308976 2
0 0.665 0.225 -0.004816307449 2
0 0.665 0.235 -0.005008684658 2
0 0.665 0.245 -0.005295345084 2
0 0.665 0.255 -0.005673798237 2
0 0.665 0.265 -0.006140913613 2
0 0.665 0.275 -0.006691929003 2
0 0.665 0.285 -0.007321185668 2
0 0.665 0.295 -0.00802206867 2
0 0.665 0.305 -0.008787360528 2
0 0.665 0.315 -0.009608334902 2
0 0.665 0.325 -0.01047715772 2
0 0.665 0.335 -0.01137879963 2
0 0.665 0.345 -0.01231488656 2
0 0.665 0.355 -0.01322912184 2
0 0.665 0.365 -0.0142354853 2
0 0.665 0.375 -0.01491388108 2
0 0.665 0.385 -0.01648205016 2
0 0.665 0.395 -0.01507939123 2
0 0.665 0.405 -0.009972928428 2
0 0.665 0.415 -0.004147168847 2
0 0.665 0.425 0 2
0 0.665 0.435 0 2
0 0.665 0.445 0 2
0 0.665 0.455 0 2
0 0.665 0.465 0 2
0 0.675 -0.455 0 2
0 0.675 -0.445 0 2
0 0.675 -0.435 0 2
0 0.675 -0.425 0 2
0 0.675 -0.415 -0.004633705621 2
0 0.675 -0.405 -0.01120698047 2
0 0.675 -0.395 -0.0169377061 2
0 0.675 -0.385 -0.01859846427 2
0 0.675 -0.375 -0.01692624009 2
0 0.675 -0.365 -0.01631335691 2
0 0.675 -0.355 -0.015364812 2
0 0.675 -0.345 -0.01455061972 2
0 0.675 -0.335 -0.01373067605 2
0 0.675 -0.325 -0.01295821117 2
0 0.675 -0.315 -0.01222062503 2
0 0.675 -0.305 -0.01152532649 2
0 0.675 -0.295 -0.01087311148 2
0 0.675 -0.285 -0.010267671 2
0 0.675 -0.275 -0.009712313006 2
0 0.675 -0.265 -0.009210186869 2
0 0.675 -0.255 -0.008762554445 2
0 0.675 -0.245 -0.008367820022 2
0 0.675 -0.235 -0.008020835233 2
0 0.675 -0.225 -0.007713792313 2
0 0.675 -0.215 -0.007437875456 2
0 0.675 -0.205 -0.007186359414 2
0 0.675 -0.195 -0.006956406895 2
0 0.675 -0.185 -0.00675089091 2
0 0.675 -0.175 -0.006577177574 2
0 0.675 -0.165 -0.006444976831 2
0 0.675 -0.155 -0.006363251109 2
0 0.675 -0.145 -0.006336933076 2
0 0.675 -0.135 -0.006365520629 2
0 0.675 -0.125 -0.00644291718 2
0 0.675 -0.115 -0.006558934536 2
0 0.675 -0.105 -0.006701444318 2
0 0.675 -0.095 -0.006858449154 2
0 0.675 -0.085 -0.007019500898 2
0 0.675 -0.075 -0.00717633356 2
0 0.675 -0.065 -0.007322813969 2
0 0.675 -0.055 -0.007454477867 2
0 0.675 -0.045 -0.007567839537 2
0 0.675 -0.035 -0.007659675777 2
0 0.675 -0.025 -0.007726464346 2
0 0.675 -0.015 -0.007763728791 2
0 0.675 -0.005 -0.007765965891 2
0 0.675 0.005 -0.007724763065 2
0 0.675 0.015 -0.00762959643 2
0 0.675 0.025 -0.007460356924 2
0 0.675 0.035 -0.007175549773 2
0 0.675 0.045 -0.006765924075 2
0 0.675 0.055 -0.006153235387 2
0 0.675 0.065 -0.005334261283 2
0 0.675 0.075 -0.004186605794 2
0 0.675 0.085 -0.003776022919 1
0 0.675 0.095 -0.003937866566 1
0 0.675 0.105 -0.004728664528 1
0 0.675 0.115 -0.005473778645 1
0 0.675 0.125 -0.005829711045 1
0 0.675 0.135 -0.005855419813 1
0 0.675 0.145 -0.00579386178 1
0 0.675 0.155 -0.005521070486 1
0 0.675 0.165 -0.005273584275 2
0 0.675 0.175 -0.004991732918 2
0 0.675 0.185 -0.004950177358 2
0 0.675 0.195 -0.005154062037 2
0 0.675 0.205 -0.005478377792 2
0 0.675 0.215 -0.005723169167 2
0 0.675 0.225 -0.006005804127 2
0 0.675 0.235 -0.006326696856 2
0 0.675 0.245 -0.006702342038 2
0 0.675 0.255 -0.007136407297 2
0 0.675 0.265 -0.007631185386 2
0 0.675 0.275 -0.008186229447 2
0 0.675 0.285 -0.008799806971 2
0 0.675 0.295 -0.009468973692 2
0 0.675 0.305 -0.01019009272 2
0 0.675 0.315 -0.01095794721 2
0 0.675 0.325 -0.01176831951 2
0 0.675 0.335 -0.012609444 2
0 0.675 0.345 -0.01348720193 2
0 0.675 0.355 -0.01434611032 2
0 0.675 0.365 -0.01531080013 2
0 0.675 0.375 -0.01593988969 2
0 0.675 0.385 -0.01752645912 2
0 0.675 0.395 -0.01598299606 2
0 0.675 0.405 -0.01055802197 2
0 0.675 0.415 -0.004380961284 2
0 0.675 0.425 0 2
0 0.675 0.435 0 2
0 0.675 0.445 0 2
0 0.675 0.455 0 2
0 0.675 0.465 0 2
0 0.685 -0.455 0 2
0 0.685 -0.445 0 2
0 0.685 -0.435 0 2
0 0.685 -0.425 0 2
0 0.685 -0.415 -0.004861516577 2
0 0.685 -0.405 -0.01178111082 2
0 0.685 -0.395 -0.01782052421 2
0 0.685 -0.385 -0.01962426318 2
0 0.685 -0.375 -0.01794344123 2
0 0.685 -0.365 -0.01740114611 2
0 0.685 -0.355 -0.01652434129 2
0 0.685 -0.345 -0.01580279644 2
0 0.685 -0.335 -0.01508350821 2
0 0.685 -0.325 -0.01441671179 2
0 0.685 -0.315 -0.01378374663 2
0 0.685 -0.305 -0.01318801531 2
0 0.685 -0.295 -0.01262714624 2
0 0.685 -0.285 -0.01210330658 2
0 0.685 -0.275 -0.01161910396 2
0 0.685 -0.265 -0.01117728646 2
0 0.685 -0.255 -0.0107775874 2
0 0.685 -0.245 -0.01041489646 2
0 0.685 -0.235 -0.01007755854 2
0 0.685 -0.225 -0.009749041054 2
0 0.685 -0.215 -0.009410541734 2
0 0.685 -0.205 -0.009047763051 2
0 0.685 -0.195 -0.00865412995 2
0 0.685 -0.185 -0.008236165617 2
0 0.685 -0.175 -0.007810763406 2
0 0.685 -0.165 -0.007401397886 2
0 0.685 -0.155 -0.007032125214 2
0 0.685 -0.145 -0.006720533385 2
0 0.685 -0.135 -0.006475512612 2
0 0.685 -0.125 -0.006296634269 2
0 0.685 -0.115 -0.006176629384 2
0 0.685 -0.105 -0.006104712844 2
0 0.685 -0.095 -0.006069448031 2
0 0.685 -0.085 -0.006060613482 2
0 0.685 -0.075 -0.006070021023 2
0 0.685 -0.065 -0.00609163316 2
0 0.685 -0.055 -0.006121353413 2
0 0.685 -0.045 -0.006156658598 2
0 0.685 -0.035 -0.006196128219 2
0 0.685 -0.025 -0.006239079405 2
0 0.685 -0.015 -0.00628495682 2
0 0.685 -0.005 -0.006333842375 2
0 0.685 0.005 -0.006383889742 2
0 0.685 0.015 -0.006437477774 2
0 0.685 0.025 -0.006481703779 2
0 0.685 0.035 -0.006530482503 2
0 0.685 0.045 -0.006518663333 2
0 0.685 0.055 -0.006193282796 2
0 0.685 0.065 -0.005428034579 2
0 0.685 0.075 -0.004345946059 1
0 0.685 0.085 -0.003971134754 1
0 0.685 0.095 -0.004221300252 1
0 0.685 0.105 -0.0049753692 1
0 0.685 0.115 -0.005607494329 1
0 0.685 0.125 -0.005880793784 1
0 0.685 0.135 -0.005811065614 1
0 0.685 0.145 -0.005616960477 1
0 0.685 0.155 -0.0052910673 1
0 0.685 0.165 -0.005143200532 2
0 0.685 0.175 -0.005026085507 2
0 0.685 0.185 -0.005266268167 2
0 0.685 0.195 -0.005818853655 2
0 0.685 0.205 -0.006440416667 2
0 0.685 0.215 -0.006907430429 2
0 0.685 0.225 -0.007361758265 2
0 0.685 0.235 -0.007808058967 2
0 0.685 0.245 -0.00827054219 2
0 0.685 0.255 -0.0087574855 2
0 0.685 0.265 -0.009275529323 2
0 0.685 0.275 -0.009828039174 2
0 0.685 0.285 -0.01041700268 2
0 0.685 0.295 -0.01104319059 2
0 0.685 0.305 -0.01170679472 2
0 0.685 0.315 -0.01240653526 2
0 0.685 0.325 -0.01314239792 2
0 0.685 0.335 -0.01390660247 2
0 0.685 0.345 -0.01471014169 2
0 0.685 0.355 -0.0154992224 2
0 0.685 0.365 -0.0164102775 2
0 0.685 0.375 -0.01698096293 2
0 0.685 0.385 -0.01858259151 2
0 0.685 0.395 -0.01689477547 2
0 0.685 0.405 -0.01114956598 2
0 0.685 0.415 -0.00461657249 2
0 0.685 0.425 0 2
0 0.685 0.435 0 2
0 0.685 0.445 0 2
0 0.685 0.455 0 2
0 0.685 0.465 0 2
0 0.695 -0.455 0 2
0 0.695 -0.445 0 2
0 0.695 -0.435 0 2
0 0.695 -0.425 0 2
0 0.695 -0.415 -0.005078216989 2
0 0.695 -0.405 -0.01232998721 2
0 0.695 -0.395 -0.01866209419 2
0 0.695 -0.385 -0.02060645563 2
0 0.695 -0.375 -0.01892528811 2
0 0.695 -0.365 -0.01846789004 2
0 0.695 -0.355 -0.01768377999 2
0 0.695 -0.345 -0.01708049457 2
0 0.695 -0.335 -0.01649024491 2
0 0.695 -0.325 -0.01595774138 2
0 0.695 -0.315 -0.01545558453 2
0 0.695 -0.305 -0.0149812564 2
0 0.695 -0.295 -0.01452802616 2
0 0.695 -0.285 -0.01409708867 2
0 0.695 -0.275 -0.01369177787 2
0 0.695 -0.265 -0.01331733576 2
0 0.695 -0.255 -0.01297505621 2
0 0.695 -0.245 -0.01265884338 2
0 0.695 -0.235 -0.01234995632 2
0 0.695 -0.225 -0.0120192572 2
0 0.695 -0.215 -0.01162977018 2
0 0.695 -0.205 -0.01115288234 2
0 0.695 -0.195 -0.01057269679 2
0 0.695 -0.185 -0.009901594679 2
0 0.695 -0.175 -0.009172471162 2
0 0.695 -0.165 -0.008431721993 2
0 0.695 -0.155 -0.007727605841 2
0 0.695 -0.145 -0.00709423801 2
0 0.695 -0.135 -0.006549684069 2
0 0.695 -0.125 -0.006095595011 2
0 0.695 -0.115 -0.005723516142 2
0 0.695 -0.105 -0.005421198528 2
0 0.695 -0.095 -0.005176689316 2
0 0.695 -0.085 -0.004980013294 2
0 0.695 -0.075 -0.004823433116 2
0 0.695 -0.065 -0.004701682932 2
0 0.695 -0.055 -0.004611841396 2
0 0.695 -0.045 -0.004553161607 2
0 0.695 -0.035 -0.004526785003 2
0 0.695 -0.025 -0.004535463817 2
0 0.695 -0.015 -0.004582975538 2
0 0.695 -0.005 -0.004675245024 2
0 0.695 0.005 -0.004817163416 2
0 0.695 0.015 -0.005025148761 2
0 0.695 0.025 -0.005292096608 2
0 0.695 0.035 -0.005705369455 2
0 0.695 0.045 -0.006079177383 2
0 0.695 0.055 -0.00602830149 2
0 0.695 0.065 -0.005362650933 2
0 0.695 0.075 -0.004456600553 1
0 0.695 0.085 -0.003990848676 1
0 0.695 0.095 -0.004262334887 1
0 0.695 0.105 -0.004972163142 1
0 0.695 0.115 -0.005596613275 1
0 0.695 0.125 -0.005799653054 1
0 0.695 0.135 -0.005696997371 1
0 0.695 0.145 -0.005460384498 1
0 0.695 0.155 -0.005265202813 2
0 0.695 0.165 -0.00525193978 2
0 0.695 0.175 -0.005427626919 2
0 0.695 0.185 -0.005994024126 2
0 0.695 0.195 -0.006826391037 2
0 0.695 0.205 -0.007660651522 2
0 0.695 0.215 -0.008322546454 2
0 0.695 0.225 -0.008931302366 2
0 0.695 0.235 -0.009493982845 2
0 0.695 0.245 -0.01003642732 2
0 0.695 0.255 -0.01056944548 2
0 0.695 0.265 -0.01110255217 2
0 0.695 0.275 -0.01164220805 2
0 0.695 0.285 -0.01219378241 2
0 0.695 0.295 -0.01276172901 2
0 0.695 0.305 -0.01335027495 2
0 0.695 0.315 -0.01396249667 2
0 0.695 0.325 -0.01460319585 2
0 0.695 0.335 -0.01526938058 2
0 0.695 0.345 -0.01597812599 2
0 0.695 0.355 -0.01667845526 2
0 0.695 0.365 -0.01751986708 2
0 0.695 0.375 -0.01802012507 2
0 0.695 0.385 -0.01963074229 2
0 0.695 0.395 -0.01779651762 2
0 0.695 0.405 -0.0117357803 2
0 0.695 0.415 -0.004849102184 2
0 0.695 0.425 0 2
0 0.695 0.435 0 2
0 0.695 0.445 0 2
0 0.695 0.455 0 2
0 0.695 0.465 0 2
0 0.705 -0.455 0 2
0 0.705 -0.445 0 2
0 0.705 -0.435 0 2
0 0.705 -0.425 0 2
0 0.705 -0.415 -0.005275437675 2
0 0.705 -0.405 -0.01283284762 2
0 0.705 -0.395 -0.01943104715 2
0 0.705 -0.385 -0.02151057276 2
0 0.705 -0.375 -0.01984154938 2
0 0.705 -0.365 -0.01948695939 2
0 0.705 -0.355 -0.01882234378 2
0 0.705 -0.345 -0.01837019739 2
0 0.705 -0.335 -0.01794581843 2
0 0.705 -0.325 -0.01758487757 2
0 0.705 -0.315 -0.01724684035 2
0 0.705 -0.305 -0.0169204781 2
0 0.705 -0.295 -0.01659260579 2
0 0.705 -0.285 -0.01626489283 2
0 0.705 -0.275 -0.0159438412 2
0 0.705 -0.265 -0.01564217949 2
0 0.705 -0.255 -0.01536695199 2
0 0.705 -0.245 -0.01511369797 2
0 0.705 -0.235 -0.0148557863 2
0 0.705 -0.225 -0.01454845932 2
0 0.705 -0.215 -0.01412593967 2
0 0.705 -0.205 -0.01353700765 2
0 0.705 -0.195 -0.01274348116 2
0 0.705 -0.185 -0.01176661835 2
0 0.705 -0.175 -0.01066559718 2
0 0.705 -0.165 -0.009524430008 2
0 0.705 -0.155 -0.008430002599 2
0 0.705 -0.145 -0.007435354699 2
0 0.705 -0.135 -0.006565092073 2
0 0.705 -0.125 -0.005817401989 2
0 0.705 -0.115 -0.005177678451 2
0 0.705 -0.105 -0.004628854113 2
0 0.705 -0.095 -0.004157368666 2
0 0.705 -0.085 -0.003754005952 2
0 0.705 -0.075 -0.003411955065 2
0 0.705 -0.065 -0.003127031341 2
0 0.705 -0.055 -0.002898021864 2
0 0.705 -0.045 -0.002726612592 2
0 0.705 -0.035 -0.002617262363 2
0 0.705 -0.025 -0.002576744207 2
0 0.705 -0.015 -0.002613461333 2
0 0.705 -0.005 -0.002738910033 2
0 0.705 0.005 -0.00296399721 2
0 0.705 0.015 -0.003317492263 2
0 0.705 0.025 -0.003796851264 2
0 0.705 0.035 -0.004563594153 2
0 0.705 0.045 -0.005307439619 2
0 0.705 0.055 -0.005594775924 2
0 0.705 0.065 -0.005140440407 2
0 0.705 0.075 -0.00439736162 1
0 0.705 0.085 -0.003940021141 1
0 0.705 0.095 -0.004200826298 1
0 0.705 0.105 -0.004819797627 1
0 0.705 0.115 -0.005361511256 1
0 0.705 0.125 -0.005487323986 1
0 0.705 0.135 -0.005472873215 1
0 0.705 0.145 -0.005430887175 1
0 0.705 0.155 -0.005520444235 2
0 0.705 0.165 -0.005674482029 2
0 0.705 0.175 -0.006193860954 2
0 0.705 0.185 -0.007114276129 2
0 0.705 0.195 -0.008184250667 2
0 0.705 0.205 -0.009180318578 2
0 0.705 0.215 -0.01001125505 2
0 0.705 0.225 -0.01075676336 2
0 0.705 0.235 -0.0114247156 2
0 0.705 0.245 -0.01203768218 2
0 0.705 0.255 -0.0126071039 2
0 0.705 0.265 -0.01314390991 2
0 0.705 0.275 -0.01365690183 2
0 0.705 0.285 -0.01415445276 2
0 0.705 0.295 -0.01464463896 2
0 0.705 0.305 -0.01513591371 2
0 0.705 0.315 -0.0156361343 2
0 0.705 0.325 -0.01615556216 2
0 0.705 0.335 -0.01669688809 2
0 0.705 0.345 -0.01728436473 2
0 0.705 0.355 -0.01787127559 2
0 0.705 0.365 -0.01862157028 2
0 0.705 0.375 -0.01903525606 2
0 0.705 0.385 -0.0206446462 2
0 0.705 0.395 -0.01866369215 2
0 0.705 0.405 -0.01230057969 2
0 0.705 0.415 -0.005071884994 2
0 0.705 0.425 0 2
0 0.705 0.435 0 2
0 0.705 0.445 0 2
0 0.705 0.455 0 2
0 0.705 0.465 0 2
0 0.715 -0.455 0 2
0 0.715 -0.445 0 2
0 0.715 -0.435 0 2
0 0.715 -0.425 0 2
0 0.715 -0.415 -0.005442543796 2
0 0.715 -0.405 -0.01326305978 2
0 0.715 -0.395 -0.02008745514 2
0 0.715 -0.385 -0.0222924562 2
0 0.715 -0.375 -0.02065315204 2
0 0.715 -0.365 -0.02042368056 2
0 0.715 -0.355 -0.01991397009 2
0 0.715 -0.345 -0.01965820446 2
0 0.715 -0.335 -0.01945157904 2
0 0.715 -0.325 -0.01931514814 2
0 0.715 -0.315 -0.01918648488 2
0 0.715 -0.305 -0.01904137369 2
0 0.715 -0.295 -0.01885502021 2
0 0.715 -0.285 -0.01863382011 2
0 0.715 -0.275 -0.01839170577 2
0 0.715 -0.265 -0.01815811825 2
0 0.715 -0.255 -0.01795064835 2
0 0.715 -0.245 -0.01778645743 2
0 0.715 -0.235 -0.01764512616 2
0 0.715 -0.225 -0.01746760574 2
0 0.715 -0.215 -0.01711932959 2
0 0.715 -0.205 -0.01648577959 2
0 0.715 -0.195 -0.01544277666 2
0 0.715 -0.185 -0.01403741929 2
0 0.715 -0.175 -0.01239097246 2
0 0.715 -0.165 -0.01068228516 2
0 0.715 -0.155 -0.00909567127 2
0 0.715 -0.145 -0.007692038435 2
0 0.715 -0.135 -0.006486132974 2
0 0.715 -0.125 -0.00544148752 2
0 0.715 -0.115 -0.004520140496 2
0 0.715 -0.105 -0.00370851394 2
0 0.715 -0.095 -0.002991402914 2
0 0.715 -0.085 -0.002361245001 2
0 0.715 -0.075 -0.001812913064 2
0 0.715 -0.065 -0.001343117077 2
0 0.715 -0.055 -0.0009526800851 2
0 0.715 -0.045 -0.0006463183988 2
0 0.715 -0.035 -0.0004327176933 2
0 0.715 -0.025 -0.0003233805839 2
0 0.715 -0.015 -0.00033165901 2
0 0.715 -0.005 -0.000473838737 2
0 0.715 0.005 -0.0007650698485 2
0 0.715 0.015 -0.001240796371 2
0 0.715 0.025 -0.001899542479 2
0 0.715 0.035 -0.002937730719 2
0 0.715 0.045 -0.003996215552 2
0 0.715 0.055 -0.00463182583 2
0 0.715 0.065 -0.004528777785 2
0 0.715 0.075 -0.004089464782 1
0 0.715 0.085 -0.003731623645 1
0 0.715 0.095 -0.003913780257 1
0 0.715 0.105 -0.004385687556 1
0 0.715 0.115 -0.004880099531 1
0 0.715 0.125 -0.005133041384 1
0 0.715 0.135 -0.005364421966 1
0 0.715 0.145 -0.005609560531 2
0 0.715 0.155 -0.005955568927 2
0 0.715 0.165 -0.006475322303 2
0 0.715 0.175 -0.007401132773 2
0 0.715 0.185 -0.008628319921 2
0 0.715 0.195 -0.009893690342 2
0 0.715 0.205 -0.01102343078 2
0 0.715 0.215 -0.01200516786 2
0 0.715 0.225 -0.01287403051 2
0 0.715 0.235 -0.01363700038 2
0 0.715 0.245 -0.01431043632 2
0 0.715 0.255 -0.01490492186 2
0 0.715 0.265 -0.01543162203 2
0 0.715 0.275 -0.01590102746 2
0 0.715 0.285 -0.0163241821 2
0 0.715 0.295 -0.01671273844 2
0 0.715 0.305 -0.01707956875 2
0 0.715 0.315 -0.01743774081 2
0 0.715 0.325 -0.01780363486 2
0 0.715 0.335 -0.01818659419 2
0 0.715 0.345 -0.01861924356 2
0 0.715 0.355 -0.01906093972 2
0 0.715 0.365 -0.01969156079 2
0 0.715 0.375 -0.01999698791 2
0 0.715 0.385 -0.02158894997 2
0 0.715 0.395 -0.0194630731 2
0 0.715 0.405 -0.01282193237 2
0 0.715 0.415 -0.005275838059 2
0 0.715 0.425 0 2
0 0.715 0.435 0 2
0 0.715 0.445 0 2
0 0.715 0.455 0 2
0 0.715 0.465 0 2
0 0.725 -0.455 0 2
0 0.725 -0.445 0 2
0 0.725 -0.435 0 2
0 0.725 -0.425 0 2
0 0.725 -0.415 -0.005566555395 2
0 0.725 -0.405 -0.01358802374 2
0 0.725 -0.395 -0.020583143 2
0 0.725 -0.385 -0.02289910392 2
0 0.725 -0.375 -0.02131303249 2
0 0.725 -0.365 -0.02123316052 2
0 0.725 -0.355 -0.02091760745 2
0 0.725 -0.345 -0.0209097053 2
0 0.725 -0.335 -0.02098386884 2
0 0.725 -0.325 -0.02114221714 2
0 0.725 -0.315 -0.02128365856 2
0 0.725 -0.305 -0.02136434899 2
0 0.725 -0.295 -0.02133631163 2
0 0.725 -0.285 -0.02122300763 2
0 0.725 -0.275 -0.02104766693 2
0 0.725 -0.265 -0.02086670903 2
0 0.725 -0.255 -0.02072496181 2
0 0.725 -0.245 -0.02066499689 2
0 0.725 -0.235 -0.02066364626 2
0 0.725 -0.225 -0.02062004723 2
0 0.725 -0.215 -0.02033750234 2
0 0.725 -0.205 -0.01965089604 2
0 0.725 -0.195 -0.01830195967 2
0 0.725 -0.185 -0.01640540118 2
0 0.725 -0.175 -0.01413948303 2
0 0.725 -0.165 -0.01178576724 2
0 0.725 -0.155 -0.009667596636 2
0 0.725 -0.145 -0.007835020114 2
0 0.725 -0.135 -0.006287059746 2
0 0.725 -0.125 -0.004948083205 2
0 0.725 -0.115 -0.00373457985 2
0 0.725 -0.105 -0.002637592541 2
0 0.725 -0.095 -0.001653869152 2
0 0.725 -0.085 -0.000776404494 2
0 0.725 -0.075 -6.237787902e-07 2
0 0.725 -0.065 0.0006778047336 2
0 0.725 -0.055 0.001255881889 2
0 0.725 -0.045 0.001724707754 2
0 0.725 -0.035 0.002069563494 2
0 0.725 -0.025 0.002273070307 2
0 0.725 -0.015 0.002316024097 2
0 0.725 -0.005 0.002178111468 2
0 0.725 0.005 0.001841814635 2
0 0.725 0.015 0.001272103472 2
0 0.725 0.025 0.0004718576747 2
0 0.725 0.035 -0.0007424980223 2
0 0.725 0.045 -0.002053867964 2
0 0.725 0.055 -0.003011996215 2
0 0.725 0.065 -0.003288445429 2
0 0.725 0.075 -0.003207517699 1
0 0.725 0.085 -0.003119568098 1
0 0.725 0.095 -0.003341327552 1
0 0.725 0.105 -0.003754112179 1
0 0.725 0.115 -0.004294987319 1
0 0.725 0.125 -0.00482299735 1
0 0.725 0.135 -0.00535585759 2
0 0.725 0.145 -0.0059228701 2
0 0.725 0.155 -0.006635311828 2
0 0.725 0.165 -0.007673734945 2
0 0.725 0.175 -0.009019550551 2
0 0.725 0.185 -0.01050330929 2
0 0.725 0.195 -0.01193751987 2
0 0.725 0.205 -0.01320800773 2
0 0.725 0.215 -0.01433600377 2
0 0.725 0.225 -0.01532319716 2
0 0.725 0.235 -0.01617448616 2
0 0.725 0.245 -0.01689951988 2
0 0.725 0.255 -0.0175071465 2
0 0.725 0.265 -0.0180080521 2
0 0.725 0.275 -0.01841396839 2
0 0.725 0.285 -0.01873839139 2
0 0.725 0.295 -0.01899655838 2
0 0.725 0.305 -0.01920597459 2
0 0.725 0.315 -0.01938535292 2
0 0.725 0.325 -0.01955784036 2
0 0.725 0.335 -0.01974043943 2
0 0.725 0.345 -0.01997537433 2
0 0.725 0.355 -0.02023030182 2
0 0.725 0.365 -0.02070254036 2
0 0.725 0.375 -0.02086960372 2
0 0.725 0.385 -0.02241843875 2
0 0.725 0.395 -0.02015121027 2
0 0.725 0.405 -0.01327047609 2
0 0.725 0.415 -0.00544885498 2
0 0.725 0.425 0 2
0 0.725 0.435 0 2
0 0.725 0.445 0 2
0 0.725 0.455 0 2
0 0.725 0.465 0 2
0 0.735 -0.455 0 2
0 0.735 -0.445 0 2
0 0.735 -0.435 0 2
0 0.735 -0.425 0 2
0 0.735 -0.415 -0.005631414939 2
0 0.735 -0.405 -0.01376726144 2
0 0.735 -0.395 -0.0208584849 2
0 0.735 -0.385 -0.02326427841 2
0 0.735 -0.375 -0.02175988135 2
0 0.735 -0.365 -0.02185175425 2
0 0.735 -0.355 -0.02177672747 2
0 0.735 -0.345 -0.02210100624 2
0 0.735 -0.335 -0.0225764975 2
0 0.735 -0.325 -0.02317527902 2
0 0.735 -0.315 -0.02369609181 2
0 0.735 -0.305 -0.02406888904 2
0 0.735 -0.295 -0.02417695169 2
0 0.735 -0.285 -0.02411083294 2
0 0.735 -0.275 -0.02391303021 2
0 0.735 -0.265 -0.02373460105 2
0 0.735 -0.255 -0.02364069518 2
0 0.735 -0.245 -0.02366056772 2
0 0.735 -0.235 -0.02373099694 2
0 0.735 -0.225 -0.02369124762 2
0 0.735 -0.215 -0.02329505453 2
0 0.735 -0.205 -0.02235751668 2
0 0.735 -0.195 -0.02061904472 2
0 0.735 -0.185 -0.01826596808 2
0 0.735 -0.175 -0.01550825098 2
0 0.735 -0.165 -0.01265488996 2
0 0.735 -0.155 -0.01005131371 2
0 0.735 -0.145 -0.007844248638 2
0 0.735 -0.135 -0.005972069951 2
0 0.735 -0.125 -0.004337830599 2
0 0.735 -0.115 -0.002819350363 2
0 0.735 -0.105 -0.001408462769 2
0 0.735 -0.095 -0.0001353158233 2
0 0.735 -0.085 0.00101048145 2
0 0.735 -0.075 0.00203574206 2
0 0.735 -0.065 0.00294869513 2
0 0.735 -0.055 0.003744189946 2
0 0.735 -0.045 0.004407776888 2
0 0.735 -0.035 0.004915847635 2
0 0.735 -0.025 0.005243745626 2
0 0.735 -0.015 0.005364368914 2
0 0.735 -0.005 0.005253825838 2
0 0.735 0.005 0.004893596959 2
0 0.735 0.015 0.004256966969 2
0 0.735 0.025 0.003352637209 2
0 0.735 0.035 0.002059428768 2
0 0.735 0.045 0.0006147913263 2
0 0.735 0.055 -0.0006289578201 2
0 0.735 0.065 -0.001378214804 2
0 0.735 0.075 -0.001674450481 2
0 0.735 0.085 -0.001903550397 1
0 0.735 0.095 -0.002261804657 1
0 0.735 0.105 -0.002873061093 1
0 0.735 0.115 -0.003665430203 2
0 0.735 0.125 -0.004544838419 2
0 0.735 0.135 -0.005450482046 2
0 0.735 0.145 -0.0064570789 2
0 0.735 0.155 -0.007694206457 2
0 0.735 0.165 -0.009245866416 2
0 0.735 0.175 -0.01097194254 2
0 0.735 0.185 -0.0126952603 2
0 0.735 0.195 -0.01430072689 2
0 0.735 0.205 -0.01573796262 2
0 0.735 0.215 -0.01701713369 2
0 0.735 0.225 -0.01812478571 2
0 0.735 0.235 -0.01906151004 2
0 0.735 0.245 -0.01983096455 2
0 0.735 0.255 -0.02043983693 2
0 0.735 0.265 -0.02089803777 2
0 0.735 0.275 -0.02121829991 2
0 0.735 0.285 -0.02141647496 2
0 0.735 0.295 -0.02151144338 2
0 0.735 0.305 -0.02152555427 2
0 0.735 0.315 -0.02148355704 2
0 0.735 0.325 -0.0214159124 2
0 0.735 0.335 -0.02134820644 2
0 0.735 0.345 -0.02133332711 2
0 0.735 0.355 -0.02134977294 2
0 0.735 0.365 -0.02161352168 2
0 0.735 0.375 -0.02160229469 2
0 0.735 0.385 -0.02306994057 2
0 0.735 0.395 -0.02066782128 2
0 0.735 0.405 -0.01360527491 2
0 0.735 0.415 -0.005574218466 2
0 0.735 0.425 0 2
0 0.735 0.435 0 2
0 0.735 0.445 0 2
0 0.735 0.455 0 2
0 0.735 0.465 0 2
0 0.745 -0.455 0 2
0 0.745 -0.445 0 2
0 0.745 -0.435 0 2
0 0.745 -0.425 0 2
0 0.745 -0.415 -0.005618630988 2
0 0.745 -0.405 -0.01375544999 2
0 0.745 -0.395 -0.02085017792 2
0 0.745 -0.385 -0.02332402027 2
0 0.745 -0.375 -0.02194363541 2
0 0.745 -0.365 -0.02222939802 2
0 0.745 -0.355 -0.02242860458 2
0 0.745 -0.345 -0.0231146298 2
0 0.745 -0.335 -0.0240424322 2
0 0.745 -0.325 -0.02517897418 2
0 0.745 -0.315 -0.02618569011 2
0 0.745 -0.305 -0.02696212604 2
0 0.745 -0.295 -0.02725158568 2
0 0.745 -0.285 -0.02727675846 2
0 0.745 -0.275 -0.0270487033 2
0 0.745 -0.265 -0.02683857329 2
0 0.745 -0.255 -0.02671077796 2
0 0.745 -0.245 -0.02667601535 2
0 0.745 -0.235 -0.02661641126 2
0 0.745 -0.225 -0.02622466933 2
0 0.745 -0.215 -0.0253038911 2
0 0.745 -0.205 -0.02370821609 2
0 0.745 -0.195 -0.02152076589 2
0 0.745 -0.185 -0.018901954 2
0 0.745 -0.175 -0.016092696 2
0 0.745 -0.165 -0.01328572868 2
0 0.745 -0.155 -0.01048049039 2
0 0.745 -0.145 -0.007979612841 2
0 0.745 -0.135 -0.005684833275 2
0 0.745 -0.125 -0.003623956061 2
0 0.745 -0.115 -0.001708795042 2
0 0.745 -0.105 5.913008345e-05 2
0 0.745 -0.095 0.001628498924 2
0 0.745 -0.085 0.003041860337 2
0 0.745 -0.075 0.004330925819 2
0 0.745 -0.065 0.005514379625 2
0 0.745 -0.055 0.00656874519 2
0 0.745 -0.045 0.007473365422 2
0 0.745 -0.035 0.008191149131 2
0 0.745 -0.025 0.008687538293 2
0 0.745 -0.015 0.008921464159 2
0 0.745 -0.005 0.00886430965 2
0 0.745 0.005 0.008494866249 2
0 0.745 0.015 0.007801873125 2
0 0.745 0.025 0.00680307133 2
0 0.745 0.035 0.005452892915 2
0 0.745 0.045 0.003907923481 2
0 0.745 0.055 0.002449806574 2
0 0.745 0.065 0.001331914935 2
0 0.745 0.075 0.0006520477212 2
0 0.745 0.085 -3.776319623e-05 2
0 0.745 0.095 -0.0008304392264 2
0 0.745 0.105 -0.001814194337 2
0 0.745 0.115 -0.00294453275 2
0 0.745 0.125 -0.00423471443 2
0 0.745 0.135 -0.005667613856 2
0 0.745 0.145 -0.007311516244 2
0 0.745 0.155 -0.009165581843 2
0 0.745 0.165 -0.01118209225 2
0 0.745 0.175 -0.01324244823 2
0 0.745 0.185 -0.0152132197 2
0 0.745 0.195 -0.01703445002 2
0 0.745 0.205 -0.01867806241 2
0 0.745 0.215 -0.02012767929 2
0 0.745 0.225 -0.02136790612 2
0 0.745 0.235 -0.02239353903 2
0 0.745 0.245 -0.02320358017 2
0 0.745 0.255 -0.02380248342 2
0 0.745 0.265 -0.02419941821 2
0 0.745 0.275 -0.02440809526 2
0 0.745 0.285 -0.02444679036 2
0 0.745 0.295 -0.02433820113 2
0 0.745 0.305 -0.02410980449 2
0 0.745 0.315 -0.02379280819 2
0 0.745 0.325 -0.02342547739 2
0 0.745 0.335 -0.02304282804 2
0 0.745 0.345 -0.0227090601 2
0 0.745 0.355 -0.02241620416 2
0 0.745 0.365 -0.02239939124 2
0 0.745 0.375 -0.0221493948 2
0 0.745 0.385 -0.02347312017 2
0 0.745 0.395 -0.02094006831 2
0 0.745 0.405 -0.01377438312 2
0 0.745 0.415 -0.005630402096 2
0 0.745 0.425 0 2
0 0.745 0.435 0 2
0 0.745 0.445 0 2
0 0.745 0.455 0 2
0 0.745 0.465 0 2
0 0.755 -0.455 0 2
0 0.755 -0.445 0 2
0 0.755 -0.435 0 2
0 0.755 -0.425 0 2
0 0.755 -0.415 -0.005502647597 2
0 0.755 -0.405 -0.01348870904 2
0 0.755 -0.395 -0.02046592799 2
0 0.755 -0.385 -0.02297952053 2
0 0.755 -0.375 -0.02177103751 2
0 0.755 -0.365 -0.02225187594 2
0 0.755 -0.355 -0.02270992632 2
0 0.755 -0.345 -0.02366885802 2
0 0.755 -0.335 -0.02494756588 2
0 0.755 -0.325 -0.02646161652 2
0 0.755 -0.315 -0.02789657049 2
0 0.755 -0.305 -0.02917238974 2
0 0.755 -0.295 -0.02987557571 2
0 0.755 -0.285 -0.03020196084 2
0 0.755 -0.275 -0.03003633441 2
0 0.755 -0.265 -0.02980006491 2
0 0.755 -0.255 -0.02956200628 2
0 0.755 -0.245 -0.02926439023 2
0 0.755 -0.235 -0.02871871884 2
0 0.755 -0.225 -0.0275971675 2
0 0.755 -0.215 -0.02591551519 2
0 0.755 -0.205 -0.02360897377 1
0 0.755 -0.195 -0.02112168824 1
0 0.755 -0.185 -0.01845377427 1
0 0.755 -0.175 -0.01580830534 1
0 0.755 -0.165 -0.01338015615 2
0 0.755 -0.155 -0.01077599903 2
0 0.755 -0.145 -0.008155472918 2
0 0.755 -0.135 -0.005457213297 2
0 0.755 -0.125 -0.00287685972 2
0 0.755 -0.115 -0.0004837000056 2
0 0.755 -0.105 0.001671093717 2
0 0.755 -0.095 0.003554261115 2
0 0.755 -0.085 0.005244871021 2
0 0.755 -0.075 0.006814574595 2
0 0.755 -0.065 0.00830458939 2
0 0.755 -0.055 0.009655226041 2
0 0.755 -0.045 0.01084132931 2
0 0.755 -0.035 0.01180892108 2
0 0.755 -0.025 0.01251429823 2
0 0.755 -0.015 0.01289153285 2
0 0.755 -0.005 0.01290847309 2
0 0.755 0.005 0.01253585952 2
0 0.755 0.015 0.01178712446 2
0 0.755 0.025 0.01068945927 2
0 0.755 0.035 0.009278501088 2
0 0.755 0.045 0.007637794691 2
0 0.755 0.055 0.005979053538 2
0 0.755 0.065 0.004476935434 2
0 0.755 0.075 0.003277597063 2
0 0.755 0.085 0.002149853253 2
0 0.755 0.095 0.0008957683691 2
0 0.755 0.105 -0.0005701221461 2
0 0.755 0.115 -0.002227825705 2
0 0.755 0.125 -0.004089453821 2
0 0.755 0.135 -0.00617045676 2
0 0.755 0.145 -0.00846867789 2
0 0.755 0.155 -0.01088666918 2
0 0.755 0.165 -0.01332499931 2
0 0.755 0.175 -0.01571793446 2
0 0.755 0.185 -0.01797117825 2
0 0.755 0.195 -0.02005204262 2
0 0.755 0.205 -0.02192673812 2
0 0.755 0.215 -0.02356556719 2
0 0.755 0.225 -0.02494915748 2
0 0.755 0.235 -0.02606642485 2
0 0.755 0.245 -0.02691273578 2
0 0.755 0.255 -0.02749041257 2
0 0.755 0.265 -0.02780804986 2
0 0.755 0.275 -0.02788038669 2
0 0.755 0.285 -0.02772818994 2
0 0.755 0.295 -0.02737806506 2
0 0.755 0.305 -0.0268627321 2
0 0.755 0.315 -0.02622001752 2
0 0.755 0.325 -0.02549607705 2
0 0.755 0.335 -0.02473568742 2
0 0.755 0.345 -0.02401393793 2
0 0.755 0.355 -0.02333859253 2
0 0.755 0.365 -0.02296196751 2
0 0.755 0.375 -0.02240481639 2
0 0.755 0.385 -0.0235029942 2
0 0.755 0.395 -0.02085115803 2
0 0.755 0.405 -0.01369750802 2
0 0.755 0.415 -0.005585368168 2
0 0.755 0.425 0 2
0 0.755 0.435 0 2
0 0.755 0.445 0 2
0 0.755 0.455 0 2
0 0.755 0.465 0 2
0 0.765 -0.455 0 2
0 0.765 -0.445 0 2
0 0.765 -0.435 0 2
0 0.765 -0.425 0 2
0 0.765 -0.415 -0.005254066375 2
0 0.765 -0.405 -0.01290236259 2
0 0.765 -0.395 -0.01963748161 2
0 0.765 -0.385 -0.02220897784 2
0 0.765 -0.375 -0.02130900409 2
0 0.765 -0.365 -0.02205711324 2
0 0.765 -0.355 -0.02277314528 2
0 0.765 -0.345 -0.02381156102 2
0 0.765 -0.335 -0.02515087231 2
0 0.765 -0.325 -0.02662375129 2
0 0.765 -0.315 -0.02833320921 2
0 0.765 -0.305 -0.03008496218 2
0 0.765 -0.295 -0.03152575733 2
0 0.765 -0.285 -0.03250647231 2
0 0.765 -0.275 -0.03282642555 2
0 0.765 -0.265 -0.03276290277 2
0 0.765 -0.255 -0.03239971544 2
0 0.765 -0.245 -0.03157924188 2
0 0.765 -0.235 -0.03035843585 2
0 0.765 -0.225 -0.02847043408 2
0 0.765 -0.215 -0.02605500489 1
0 0.765 -0.205 -0.02333800929 1
0 0.765 -0.195 -0.02076312845 1
0 0.765 -0.185 -0.01836822381 1
0 0.765 -0.175 -0.01612541805 1
0 0.765 -0.165 -0.01390258077 1
0 0.765 -0.155 -0.01143118719 2
0 0.765 -0.145 -0.008573726315 2
0 0.765 -0.135 -0.005467180194 2
0 0.765 -0.125 -0.002286560934 2
0 0.765 -0.115 0.0007062541447 2
0 0.765 -0.105 0.00339325812 2
0 0.765 -0.095 0.005714107449 2
0 0.765 -0.085 0.007776118236 2
0 0.765 -0.075 0.00970592259 2
0 0.765 -0.065 0.01157459828 2
0 0.765 -0.055 0.01330788963 2
0 0.765 -0.045 0.01487747015 2
0 0.765 -0.035 0.01620651645 2
0 0.765 -0.025 0.01725494898 2
0 0.765 -0.015 0.01787689419 2
0 0.765 -0.005 0.01802495911 2
0 0.765 0.005 0.0176242731 2
0 0.765 0.015 0.01674642921 2
0 0.765 0.025 0.01543833578 2
0 0.765 0.035 0.01385216803 2
0 0.765 0.045 0.01203212818 2
0 0.765 0.055 0.01013345298 2
0 0.765 0.065 0.008235038179 2
0 0.765 0.075 0.006415964311 2
0 0.765 0.085 0.00463522184 2
0 0.765 0.095 0.002755302048 2
0 0.765 0.105 0.0006812228785 2
0 0.765 0.115 -0.001660705444 2
0 0.765 0.125 -0.004259470602 2
0 0.765 0.135 -0.007064260078 2
0 0.765 0.145 -0.009990160152 2
0 0.765 0.155 -0.01295825069 2
0 0.765 0.165 -0.01587406809 2
0 0.765 0.175 -0.01868888356 2
0 0.765 0.185 -0.02133404758 2
0 0.765 0.195 -0.02376789215 2
0 0.765 0.205 -0.02594327049 2
0 0.765 0.215 -0.02782632041 2
0 0.765 0.225 -0.02939173875 2
0 0.765 0.235 -0.03062305772 2
0 0.765 0.245 -0.03151228995 2
0 0.765 0.255 -0.03205979295 2
0 0.765 0.265 -0.03227389477 2
0 0.765 0.275 -0.03217072335 2
0 0.765 0.285 -0.03177402655 2
0 0.765 0.295 -0.03111493014 2
0 0.765 0.305 -0.03023211334 2
0 0.765 0.315 -0.02917083628 2
0 0.765 0.325 -0.02798587438 2
0 0.765 0.335 -0.02673267371 2
0 0.765 0.345 -0.02549677895 2
0 0.765 0.355 -0.02430407972 2
0 0.765 0.365 -0.02341429727 2
0 0.765 0.375 -0.02240255285 2
0 0.765 0.385 -0.02309871561 2
0 0.765 0.395 -0.02029814926 2
0 0.765 0.405 -0.0132855609 2
0 0.765 0.415 -0.005400462071 2
0 0.765 0.425 0 2
0 0.765 0.435 0 2
0 0.765 0.445 0 2
0 0.765 0.455 0 2
0 0.765 0.465 0 2
0 0.775 -0.455 0 2
0 0.775 -0.445 0 2
0 0.775 -0.435 0 2
0 0.775 -0.425 0 2
0 0.775 -0.415 -0.00482141447 2
0 0.775 -0.405 -0.01185547313 2
0 0.775 -0.395 -0.0181436282 2
0 0.775 -0.385 -0.02072952382 2
0 0.775 -0.375 -0.02023919205 2
0 0.775 -0.365 -0.02126059897 2
0 0.775 -0.355 -0.02212407541 2
0 0.775 -0.345 -0.02300052393 2
0 0.775 -0.335 -0.02401454334 2
0 0.775 -0.325 -0.02511836589 1
0 0.775 -0.315 -0.02689036562 1
0 0.775 -0.305 -0.02885354169 1
0 0.775 -0.295 -0.03093770062 2
0 0.775 -0.285 -0.03253883231 2
0 0.775 -0.275 -0.03369244697 2
0 0.775 -0.265 -0.0341258089 2
0 0.775 -0.255 -0.03372956538 2
0 0.775 -0.245 -0.0324605357 2
0 0.775 -0.235 -0.03064518381 2
0 0.775 -0.225 -0.02819608675 1
0 0.775 -0.215 -0.02558381748 1
0 0.775 -0.205 -0.02312748903 1
0 0.775 -0.195 -0.02092025158 1
0 0.775 -0.185 -0.01891115622 1
0 0.775 -0.175 -0.01681629453 1
0 0.775 -0.165 -0.01442923783 1
0 0.775 -0.155 -0.01191128494 2
0 0.775 -0.145 -0.00885287176 2
0 0.775 -0.135 -0.005475366122 2
0 0.775 -0.125 -0.001872588828 2
0 0.775 -0.115 0.001590489012 2
0 0.775 -0.105 0.004792172957 2
0 0.775 -0.095 0.007567492268 2
0 0.775 -0.085 0.010030317 2
0 0.775 -0.075 0.01233801748 2
0 0.775 -0.065 0.01456841362 2
0 0.775 -0.055 0.01666705761 2
0 0.775 -0.045 0.0185923869 2
0 0.775 -0.035 0.02022464575 2
0 0.775 -0.025 0.02157712223 2
0 0.775 -0.015 0.0223709678 2
0 0.775 -0.005 0.02260730876 2
0 0.775 0.005 0.02217483941 2
0 0.775 0.015 0.02121546372 2
0 0.775 0.025 0.01972757043 2
0 0.775 0.035 0.01801269528 2
0 0.775 0.045 0.01604213132 2
0 0.775 0.055 0.01393823584 2
0 0.775 0.065 0.01170739179 2
0 0.775 0.075 0.009382631764 2
0 0.775 0.085 0.006974785315 2
0 0.775 0.095 0.004428403688 2
0 0.775 0.105 0.001687706256 2
0 0.775 0.115 -0.00129259188 2
0 0.775 0.125 -0.004493149722 2
0 0.775 0.135 -0.007857871564 2
0 0.775 0.145 -0.01129267459 2
0 0.775 0.155 -0.01472233325 2
0 0.775 0.165 -0.01807149557 2
0 0.775 0.175 -0.02128610111 2
0 0.775 0.185 -0.02429940354 2
0 0.775 0.195 -0.02705439845 2
0 0.775 0.205 -0.02950124083 2
0 0.775 0.215 -0.03160066425 2
0 0.775 0.225 -0.03332218554 2
0 0.775 0.235 -0.03464521484 2
0 0.775 0.245 -0.03555889783 2
0 0.775 0.255 -0.03606198134 2
0 0.775 0.265 -0.03616259157 2
0 0.775 0.275 -0.03587802342 2
0 0.775 0.285 -0.03523452973 2
0 0.775 0.295 -0.03426703055 2
0 0.775 0.305 -0.03301917739 2
0 0.775 0.315 -0.03154242138 2
0 0.775 0.325 -0.02989849261 2
0 0.775 0.335 -0.02815164845 2
0 0.775 0.345 -0.02639432907 2
0 0.775 0.355 -0.02466919531 2
0 0.775 0.365 -0.02322665427 2
0 0.775 0.375 -0.02172099633 2
0 0.775 0.385 -0.02189927476 2
0 0.775 0.395 -0.01900366175 2
0 0.775 0.405 -0.0123614729 2
0 0.775 0.415 -0.005011672156 2
0 0.775 0.425 0 2
0 0.775 0.435 0 2
0 0.775 0.445 0 2
0 0.775 0.455 0 2
0 0.775 0.465 0 2
0 0.785 -0.455 0 2
0 0.785 -0.445 0 2
0 0.785 -0.435 0 2
0 0.785 -0.425 0 2
0 0.785 -0.415 -0.004053629527 2
0 0.785 -0.405 -0.01010344356 2
0 0.785 -0.395 -0.01597141167 2
0 0.785 -0.385 -0.01897853055 2
0 0.785 -0.375 -0.01964458884 2
0 0.785 -0.365 -0.02141673813 2
0 0.785 -0.355 -0.02284702029 2
0 0.785 -0.345 -0.02401301896 2
0 0.785 -0.335 -0.02491335039 1
0 0.785 -0.325 -0.02584567295 1
0 0.785 -0.315 -0.02739202319 1
0 0.785 -0.305 -0.02936687482 1
0 0.785 -0.295 -0.03172881203 1
0 0.785 -0.285 -0.0337758912 1
0 0.785 -0.275 -0.03569800027 2
0 0.785 -0.265 -0.03674052502 2
0 0.785 -0.255 -0.03662591784 2
0 0.785 -0.245 -0.03534805348 2
0 0.785 -0.235 -0.03308318147 1
0 0.785 -0.225 -0.03054947405 1
0 0.785 -0.215 -0.02828790242 1
0 0.785 -0.205 -0.02628471917 1
0 0.785 -0.195 -0.02442683844 1
0 0.785 -0.185 -0.02245122052 1
0 0.785 -0.175 -0.0200290494 1
0 0.785 -0.165 -0.01709454686 1
0 0.785 -0.155 -0.01383488885 1
0 0.785 -0.145 -0.01015949099 1
0 0.785 -0.135 -0.006218768232 1
0 0.785 -0.125 -0.002079626731 1
0 0.785 -0.115 0.002018119106 2
0 0.785 -0.105 0.006062904511 2
0 0.785 -0.095 0.009918421897 2
0 0.785 -0.085 0.01349877681 2
0 0.785 -0.075 0.01676783518 2
0 0.785 -0.065 0.01976593047 2
0 0.785 -0.055 0.0224593022 2
0 0.785 -0.045 0.02473995098 2
0 0.785 -0.035 0.02644230058 2
0 0.785 -0.025 0.02766126009 2
0 0.785 -0.015 0.02831212223 2
0 0.785 -0.005 0.02853883167 2
0 0.785 0.005 0.02832693986 2
0 0.785 0.015 0.02771986884 2
0 0.785 0.025 0.02654507399 2
0 0.785 0.035 0.02491654607 2
0 0.785 0.045 0.0227313561 2
0 0.785 0.055 0.02014948964 2
0 0.785 0.065 0.01726470003 2
0 0.785 0.075 0.01411402016 2
0 0.785 0.085 0.01073717815 2
0 0.785 0.095 0.007140067272 2
0 0.785 0.105 0.00332146563 2
0 0.785 0.115 -0.000713840944 2
0 0.785 0.125 -0.004933802057 2
0 0.785 0.135 -0.009283785398 2
0 0.785 0.145 -0.01368755358 2
0 0.785 0.155 -0.01806250315 2
0 0.785 0.165 -0.0223209678 2
0 0.785 0.175 -0.02638033716 2
0 0.785 0.185 -0.03016228464 2
0 0.785 0.195 -0.03359725498 2
0 0.785 0.205 -0.03662387424 2
0 0.785 0.215 -0.03919174544 2
0 0.785 0.225 -0.04126166448 2
0 0.785 0.235 -0.04280652366 2
0 0.785 0.245 -0.04381125519 2
0 0.785 0.255 -0.04427281717 2
0 0.785 0.265 -0.04419998413 2
0 0.785 0.275 -0.04361307401 2
0 0.785 0.285 -0.0425436562 2
0 0.785 0.295 -0.041034161 2
0 0.785 0.305 -0.03913775459 2
0 0.785 0.315 -0.0369173854 2
0 0.785 0.325 -0.03444754759 2
0 0.785 0.335 -0.03180773099 2
0 0.785 0.345 -0.02910257589 2
0 0.785 0.355 -0.02639873084 2
0 0.785 0.365 -0.02392721084 2
0 0.785 0.375 -0.0214481816 2
0 0.785 0.385 -0.02033057943 2
0 0.785 0.395 -0.01692760359 2
0 0.785 0.405 -0.0106478923 2
0 0.785 0.415 -0.0042539154 2
0 0.785 0.425 0 2
0 0.785 0.435 0 2
0 0.785 0.445 0 2
0 0.785 0.455 0 2
0 0.785 0.465 0 2
0 0.795 -0.455 0 2
0 0.795 -0.445 0 2
0 0.795 -0.435 0 2
0 0.795 -0.425 0 2
0 0.795 -0.415 -0.002971195447 2
0 0.795 -0.405 -0.007509644523 2
0 0.795 -0.395 -0.0123804105 2
0 0.795 -0.385 -0.01514461188 2
0 0.795 -0.375 -0.01642148805 2
0 0.795 -0.365 -0.01839186664 2
0 0.795 -0.355 -0.01997061365 2
0 0.795 -0.345 -0.02119529532 2
0 0.795 -0.335 -0.02186124905 1
0 0.795 -0.325 -0.02267859035 1
0 0.795 -0.315 -0.02381978321 1
0 0.795 -0.305 -0.0253708204 1
0 0.795 -0.295 -0.0271069786 1
0 0.795 -0.285 -0.02894190884 1
0 0.795 -0.275 -0.03085436254 1
0 0.795 -0.265 -0.03217153964 2
0 0.795 -0.255 -0.03236277826 2
0 0.795 -0.245 -0.03127327052 2
0 0.795 -0.235 -0.02928916028 1
0 0.795 -0.225 -0.02748066208 1
0 0.795 -0.215 -0.02590200365 1
0 0.795 -0.205 -0.02450181493 1
0 0.795 -0.195 -0.02303734447 1
0 0.795 -0.185 -0.02125306071 1
0 0.795 -0.175 -0.01896868419 1
0 0.795 -0.165 -0.01618241386 1
0 0.795 -0.155 -0.01294635638 1
0 0.795 -0.145 -0.009467547464 1
0 0.795 -0.135 -0.005766735528 1
0 0.795 -0.125 -0.002042450966 1
0 0.795 -0.115 0.001734721268 2
0 0.795 -0.105 0.005643802864 2
0 0.795 -0.095 0.009648860804 2
0 0.795 -0.085 0.01343373632 2
0 0.795 -0.075 0.01677718757 2
0 0.795 -0.065 0.01974748739 2
0 0.795 -0.055 0.02229617051 2
0 0.795 -0.045 0.02425303398 2
0 0.795 -0.035 0.02558078055 2
0 0.795 -0.025 0.02631494409 2
0 0.795 -0.015 0.02670605033 2
0 0.795 -0.005 0.02683556441 2
0 0.795 0.005 0.02685320547 2
0 0.795 0.015 0.02669321136 2
0 0.795 0.025 0.02618993067 2
0 0.795 0.035 0.02497836055 2
0 0.795 0.045 0.0230698849 2
0 0.795 0.055 0.02062332755 2
0 0.795 0.065 0.01779872145 2
0 0.795 0.075 0.01466029563 2
0 0.795 0.085 0.01126630212 2
0 0.795 0.095 0.007641781078 2
0 0.795 0.105 0.003804507811 2
0 0.795 0.115 -0.0002246300135 2
0 0.795 0.125 -0.004408745355 2
0 0.795 0.135 -0.008693964083 2
0 0.795 0.145 -0.01301042419 2
0 0.795 0.155 -0.0172806539 2
0 0.795 0.165 -0.02142378552 2
0 0.795 0.175 -0.02536176353 2
0 0.795 0.185 -0.02902053947 2
0 0.795 0.195 -0.03233302599 2
0 0.795 0.205 -0.03524021267 2
0 0.795 0.215 -0.03769317147 2
0 0.795 0.225 -0.03965378669 2
0 0.795 0.235 -0.04109536602 2
0 0.795 0.245 -0.04200278385 2
0 0.795 0.255 -0.04237249892 2
0 0.795 0.265 -0.04221238204 2
0 0.795 0.275 -0.04154146333 2
0 0.795 0.285 -0.04038964049 2
0 0.795 0.295 -0.03879729354 2
0 0.795 0.305 -0.03681507432 2
0 0.795 0.315 -0.03450307616 2
0 0.795 0.325 -0.03193193808 2
0 0.795 0.335 -0.02917789654 2
0 0.795 0.345 -0.02633690644 2
0 0.795 0.355 -0.02347895773 2
0 0.795 0.365 -0.02078885289 2
0 0.795 0.375 -0.01812344388 2
0 0.795 0.385 -0.01638764645 2
0 0.795 0.395 -0.01324104839 2
0 0.795 0.405 -0.007977569598 2
0 0.795 0.415 -0.003141329689 2
0 0.795 0.425 0 2
0 0.795 0.435 0 2
0 0.795 0.445 0 2
0 0.795 0.455 0 2
0 0.795 0.465 0 2
0 0.805 -0.455 0 2
0 0.805 -0.445 0 2
0 0.805 -0.435 0 2
0 0.805 -0.425 0 2
0 0.805 -0.415 -0.001555851222 2
0 0.805 -0.405 -0.003789267479 2
0 0.805 -0.395 -0.006671564551 2
0 0.805 -0.385 -0.008778565545 2
0 0.805 -0.375 -0.01013863034 2
0 0.805 -0.365 -0.01174942274 2
0 0.805 -0.355 -0.01305851918 2
0 0.805 -0.345 -0.01412010751 2
0 0.805 -0.335 -0.01473367054 1
0 0.805 -0.325 -0.01538741152 1
0 0.805 -0.315 -0.01605203576 1
0 0.805 -0.305 -0.01692744286 1
0 0.805 -0.295 -0.01782540997 1
0 0.805 -0.285 -0.01892870343 1
0 0.805 -0.275 -0.02010873503 1
0 0.805 -0.265 -0.02117884551 1
0 0.805 -0.255 -0.02151073147 2
0 0.805 -0.245 -0.02084885372 1
0 0.805 -0.235 -0.01971014163 1
0 0.805 -0.225 -0.01872467488 1
0 0.805 -0.215 -0.01785280987 1
0 0.805 -0.205 -0.01704464542 1
0 0.805 -0.195 -0.01605037196 1
0 0.805 -0.185 -0.01480071646 1
0 0.805 -0.175 -0.01320204491 1
0 0.805 -0.165 -0.01125276158 1
0 0.805 -0.155 -0.008963220169 1
0 0.805 -0.145 -0.006524895318 1
0 0.805 -0.135 -0.00400998754 1
0 0.805 -0.125 -0.001601761623 1
0 0.805 -0.115 0.0009548030984 1
0 0.805 -0.105 0.003738439117 2
0 0.805 -0.095 0.006703685655 2
0 0.805 -0.085 0.009595019935 2
0 0.805 -0.075 0.01215245869 2
0 0.805 -0.065 0.01434620266 2
0 0.805 -0.055 0.01615051774 2
0 0.805 -0.045 0.01739394227 2
0 0.805 -0.035 0.01811099696 2
0 0.805 -0.025 0.01830558892 1
0 0.805 -0.015 0.01838486781 1
0 0.805 -0.005 0.01841458074 1
0 0.805 0.005 0.0186071303 1
0 0.805 0.015 0.01878302798 1
0 0.805 0.025 0.0188201343 2
0 0.805 0.035 0.01820020019 2
0 0.805 0.045 0.01696918648 2
0 0.805 0.055 0.01522927241 2
0 0.805 0.065 0.01318840787 2
0 0.805 0.075 0.01091559562 2
0 0.805 0.085 0.00845468397 2
0 0.805 0.095 0.005827282511 2
0 0.805 0.105 0.003049441011 2
0 0.805 0.115 0.0001396370604 2
0 0.805 0.125 -0.002873777005 2
0 0.805 0.135 -0.005951388514 2
0 0.805 0.145 -0.009044158137 2
0 0.805 0.155 -0.01209766645 2
0 0.805 0.165 -0.01505518755 2
0 0.805 0.175 -0.01786106885 2
0 0.805 0.185 -0.0204625151 2
0 0.805 0.195 -0.02281157758 2
0 0.805 0.205 -0.02486629336 2
0 0.805 0.215 -0.02659176944 2
0 0.805 0.225 -0.02796078302 2
0 0.805 0.235 -0.02895420095 2
0 0.805 0.245 -0.02956109629 2
0 0.805 0.255 -0.02977873333 2
0 0.805 0.265 -0.02961243558 2
0 0.805 0.275 -0.02907539495 2
0 0.805 0.285 -0.02818844839 2
0 0.805 0.295 -0.02697979245 2
0 0.805 0.305 -0.02548478355 2
0 0.805 0.315 -0.02374537629 2
0 0.805 0.325 -0.02181061091 2
0 0.805 0.335 -0.01973368484 2
0 0.805 0.345 -0.01757945232 2
0 0.805 0.355 -0.01539863763 2
0 0.805 0.365 -0.01330296553 2
0 0.805 0.375 -0.01122486409 2
0 0.805 0.385 -0.00954494548 2
0 0.805 0.395 -0.007175520468 2
0 0.805 0.405 -0.004047002524 2
0 0.805 0.415 -0.001653729479 2
0 0.805 0.425 0 2
0 0.805 0.435 0 2
0 0.805 0.445 0 2
0 0.805 0.455 0 2
0 0.805 0.465 0 2
0 0.815 -0.455 0 2
0 0.815 -0.445 0 2
0 0.815 -0.435 0 2
0 0.815 -0.425 0 2
0 0.815 -0.415 -0.0005900632296 2
0 0.815 -0.405 -0.001501415248 2
0 0.815 -0.395 -0.002614443442 2
0 0.815 -0.385 -0.003456629977 2
0 0.815 -0.375 -0.004053635376 2
0 0.815 -0.365 -0.004717561694 2
0 0.815 -0.355 -0.00527514117 2
0 0.815 -0.345 -0.005727227851 2
0 0.815 -0.335 -0.00600834624 1
0 0.815 -0.325 -0.006259042701 1
0 0.815 -0.315 -0.006499236759 1
0 0.815 -0.305 -0.006806770041 1
0 0.815 -0.295 -0.007093189621 1
0 0.815 -0.285 -0.007457654256 1
0 0.815 -0.275 -0.007858893651 1
0 0.815 -0.265 -0.008230301973 1
0 0.815 -0.255 -0.008377497067 2
0 0.815 -0.245 -0.008217114506 1
0 0.815 -0.235 -0.007879080379 1
0 0.815 -0.225 -0.00752288743 1
0 0.815 -0.215 -0.007219554622 1
0 0.815 -0.205 -0.006911080242 1
0 0.815 -0.195 -0.006507002384 1
0 0.815 -0.185 -0.00598910554 1
0 0.815 -0.175 -0.005331545943 1
0 0.815 -0.165 -0.0045384873 1
0 0.815 -0.155 -0.003631052545 1
0 0.815 -0.145 -0.00266672495 1
0 0.815 -0.135 -0.001662301722 1
0 0.815 -0.125 -0.0006850069745 1
0 0.815 -0.115 0.0003502305832 1
0 0.815 -0.105 0.001488748854 2
0 0.815 -0.095 0.002721715069 2
0 0.815 -0.085 0.003932639655 2
0 0.815 -0.075 0.004989879455 2
0 0.815 -0.065 0.005858791091 2
0 0.815 -0.055 0.006539472851 2
0 0.815 -0.045 0.006957329063 1
0 0.815 -0.035 0.007158653214 1
0 0.815 -0.025 0.007178915049 1
0 0.815 -0.015 0.007176635238 1
0 0.815 -0.005 0.007180724908 1
0 0.815 0.005 0.007312120886 1
0 0.815 0.015 0.007469454121 1
0 0.815 0.025 0.007573681204 2
0 0.815 0.035 0.007405321919 2
0 0.815 0.045 0.006956454466 2
0 0.815 0.055 0.006259078534 2
0 0.815 0.065 0.00543038678 2
0 0.815 0.075 0.004500258302 2
0 0.815 0.085 0.003488637049 2
0 0.815 0.095 0.002406731666 2
0 0.815 0.105 0.001263363486 2
0 0.815 0.115 6.779127794e-05 2
0 0.815 0.125 -0.001167634712 2
0 0.815 0.135 -0.002426758045 2
0 0.815 0.145 -0.003689952718 2
0 0.815 0.155 -0.004935437073 2
0 0.815 0.165 -0.00614052417 2
0 0.815 0.175 -0.007282870615 2
0 0.815 0.185 -0.008341286631 2
0 0.815 0.195 -0.009296469758 2
0 0.815 0.205 -0.01013149215 2
0 0.815 0.215 -0.01083223025 2
0 0.815 0.225 -0.01138763469 2
0 0.815 0.235 -0.01178990732 2
0 0.815 0.245 -0.01203456715 2
0 0.815 0.255 -0.01212045652 2
0 0.815 0.265 -0.01204970018 2
0 0.815 0.275 -0.01182763506 2
0 0.815 0.285 -0.01146272346 2
0 0.815 0.295 -0.01096644004 2
0 0.815 0.305 -0.01035318742 2
0 0.815 0.315 -0.009640079185 2
0 0.815 0.325 -0.008847100521 2
0 0.815 0.335 -0.007996036236 2
0 0.815 0.345 -0.007113135674 2
0 0.815 0.355 -0.006219874436 2
0 0.815 0.365 -0.005359528849 2
0 0.815 0.375 -0.004513436518 2
0 0.815 0.385 -0.003782216792 2
0 0.815 0.395 -0.002827751069 2
0 0.815 0.405 -0.001611786895 2
0 0.815 0.415 -0.0006302472933 2
0 0.815 0.425 0 2
0 0.815 0.435 0 2
0 0.815 0.445 0 2
0 0.815 0.455 0 2
0 0.815 0.465 0 2
0 0.825 -0.455 0 2
0 0.825 -0.445 0 2
0 0.825 -0.435 0 2
0 0.825 -0.425 0 2
0 0.825 -0.415 0 2
0 0.825 -0.405 0 2
0 0.825 -0.395 0 2
0 0.825 -0.385 0 2
0 0.825 -0.375 0 2
0 0.825 -0.365 0 2
0 0.825 -0.355 0 2
0 0.825 -0.345 0 2
0 0.825 -0.335 0 1
0 0.825 -0.325 0 1
0 0.825 -0.315 0 1
0 0.825 -0.305 0 1
0 0.825 -0.295 0 1
0 0.825 -0.285 0 1
0 0.825 -0.275 0 1
0 0.825 -0.265 0 1
0 0.825 -0.255 0 1
0 0.825 -0.245 0 1
0 0.825 -0.235 0 1
0 0.825 -0.225 0 1
0 0.825 -0.215 0 1
0 0.825 -0.205 0 1
0 0.825 -0.195 0 1
0 0.825 -0.185 0 1
0 0.825 -0.175 0 1
0 0.825 -0.165 0 1
0 0.825 -0.155 0 1
0 0.825 -0.145 0 1
0 0.825 -0.135 0 1
0 0.825 -0.125 0 1
0 0.825 -0.115 0 1
0 0.825 -0.105 0 2
0 0.825 -0.095 0 2
0 0.825 -0.085 0 2
0 0.825 -0.075 0 2
0 0.825 -0.065 0 2
0 0.825 -0.055 0 1
0 0.825 -0.045 0 1
0 0.825 -0.035 0 1
0 0.825 -0.025 0 1
0 0.825 -0.015 0 1
0 0.825 -0.005 0 1
0 0.825 0.005 0 1
0 0.825 0.015 0 1
0 0.825 0.025 0 1
0 0.825 0.035 0 2
0 0.825 0.045 0 2
0 0.825 0.055 0 2
0 0.825 0.065 0 2
0 0.825 0.075 0 2
0 0.825 0.085 0 2
0 0.825 0.095 0 2
0 0.825 0.105 0 2
0 0.825 0.115 0 2
0 0.825 0.125 0 2
0 0.825 0.135 0 2
0 0.825 0.145 0 2
0 0.825 0.155 0 2
0 0.825 0.165 0 2
0 0.825 0.175 0 2
0 0.825 0.185 0 2
0 0.825 0.195 0 2
0 0.825 0.205 0 2
0 0.825 0.215 0 2
0 0.825 0.225 0 2
0 0.825 0.235 0 2
0 0.825 0.245 0 2
0 0.825 0.255 0 2
0 0.825 0.265 0 2
0 0.825 0.275 0 2
0 0.825 0.285 0 2
0 0.825 0.295 0 2
0 0.825 0.305 0 2
0 0.825 0.315 0 2
0 0.825 0.325 0 2
0 0.825 0.335 0 2
0 0.825 0.345 0 2
0 0.825 0.355 0 2
0 0.825 0.365 0 2
0 0.825 0.375 0 2
0 0.825 0.385 0 2
0 0.825 0.395 0 2
0 0.825 0.405 0 2
0 0.825 0.415 0 2
0 0.825 0.425 0 2
0 0.825 0.435 0 2
0 0.825 0.445 0 2
0 0.825 0.455 0 2
0 0.825 0.465 0 2
0 0.835 -0.455 0 2
0 0.835 -0.445 0 2
0 0.835 -0.435 0 2
0 0.835 -0.425 0 2
0 0.835 -0.415 0 2
0 0.835 -0.405 0 2
0 0.835 -0.395 0 2
0 0.835 -0.385 0 2
0 0.835 -0.375 0 2
0 0.835 -0.365 0 2
0 0.835 -0.355 0 2
0 0.835 -0.345 0 2
0 0.835 -0.335 0 2
0 0.835 -0.325 0 1
0 0.835 -0.315 0 1
0 0.835 -0.305 0 1
0 0.835 -0.295 0 1
0 0.835 -0.285 0 1
0 0.835 -0.275 0 1
0 0.835 -0.265 0 1
0 0.835 -0.255 0 1
0 0.835 -0.245 0 1
0 0.835 -0.235 0 1
0 0.835 -0.225 0 1
0 0.835 -0.215 0 1
0 0.835 -0.205 0 1
0 0.835 -0.195 0 1
0 0.835 -0.185 0 1
0 0.835 -0.175 0 1
0 0.835 -0.165 0 1
0 0.835 -0.155 0 1
0 0.835 -0.145 0 1
0 0.835 -0.135 0 1
0 0.835 -0.125 0 1
0 0.835 -0.115 0 2
0 0.835 -0.105 0 2
0 0.835 -0.095 0 2
0 0.835 -0.085 0 2
0 0.835 -0.075 0 2
0 0.835 -0.065 0 2
0 0.835 -0.055 0 1
0 0.835 -0.045 0 1
0 0.835 -0.035 0 1
0 0.835 -0.025 0 1
0 0.835 -0.015 0 1
0 0.835 -0.005 0 1
0 0.835 0.005 0 1
0 0.835 0.015 0 1
0 0.835 0.025 0 2
0 0.835 0.035 0 2
0 0.835 0.045 0 2
0 0.835 0.055 0 2
0 0.835 0.065 0 2
0 0.835 0.075 0 2
0 0.835 0.085 0 2
0 0.835 0.095 0 2
0 0.835 0.105 0 2
0 0.835 0.115 0 2
0 0.835 0.125 0 2
0 0.835 0.135 0 2
0 0.835 0.145 0 2
0 0.835 0.155 0 2
0 0.835 0.165 0 2
0 0.835 0.175 0 2
0 0.835 0.185 0 2
0 0.835 0.195 0 2
0 0.835 0.205 0 2
0 0.835 0.215 0 2
0 0.835 0.225 0 2
0 0.835 0.235 0 2
0 0.835 0.245 0 2
0 0.835 0.255 0 2
0 0.835 0.265 0 2
0 0.835 0.275 0 2
0 0.835 0.285 0 2
0 0.835 0.295 0 2
0 0.835 0.305 0 2
0 0.835 0.315 0 2
0 0.835 0.325 0 2
0 0.835 0.335 0 2
0 0.835 0.345 0 2
0 0.835 0.355 0 2
0 0.835 0.365 0 2
0 0.835 0.375 0 2
0 0.835 0.385 0 2
0 0.835 0.395 0 2
0 0.835 0.405 0 2
0 0.835 0.415 0 2
0 0.835 0.425 0 2
0 0.835 0.435 0 2
0 0.835 0.445 0 2
0 0.835 0.455 0 2
0 0.835 0.465 0 2
0 0.845 -0.455 0 2
0 0.845 -0.445 0 2
0 0.845 -0.435 0 2
0 0.845 -0.425 0 2
0 0.845 -0.415 0 2
0 0.845 -0.405 0 2
0 0.845 -0.395 0 2
0 0.845 -0.385 0 2
0 0.845 -0.375 0 2
0 0.845 -0.365 0 2
0 0.845 -0.355 0 2
0 0.845 -0.345 0 2
0 0.845 -0.335 0 2
0 0.845 -0.325 0 1
0 0.845 -0.315 0 1
0 0.845 -0.305 0 1
0 0.845 -0.295 0 1
0 0.845 -0.285 0 1
0 0.845 -0.275 0 1
0 0.845 -0.265 0 1
0 0.845 -0.255 0 1
0 0.845 -0.245 0 1
0 0.845 -0.235 0 1
0 0.845 -0.225 0 1
0 0.845 -0.215 0 1
0 0.845 -0.205 0 1
0 0.845 -0.195 0 1
0 0.845 -0.185 0 1
0 0.845 -0.175 0 1
0 0.845 -0.165 0 1
0 0.845 -0.155 0 1
0 0.845 -0.145 0 1
0 0.845 -0.135 0 1
0 0.845 -0.125 0 1
0 0.845 -0.115 0 2
0 0.845 -0.105 0 2
0 0.845 -0.095 0 2
0 0.845 -0.085 0 2
0 0.845 -0.075 0 2
0 0.845 -0.065 0 1
0 0.845 -0.055 0 1
0 0.845 -0.045 0 1
0 0.845 -0.035 0 1
0 0.845 -0.025 0 1
0 0.845 -0.015 0 1
0 0.845 -0.005 0 1
0 0.845 0.005 0 1
0 0.845 0.015 0 1
0 0.845 0.025 0 2
0 0.845 0.035 0 2
0 0.845 0.045 0 2
0 0.845 0.055 0 2
0 0.845 0.065 0 2
0 0.845 0.075 0 2
0 0.845 0.085 0 2
0 0.845 0.095 0 2
0 0.845 0.105 0 2
0 0.845 0.115 0 2
0 0.845 0.125 0 2
0 0.845 0.135 0 2
0 0.845 0.145 0 2
0 0.845 0.155 0 2
0 0.845 0.165 0 2
0 0.845 0.175 0 2
0 0.845 0.185 0 2
0 0.845 0.195 0 2
0 0.845 0.205 0 2
0 0.845 0.215 0 2
0 0.845 0.225 0 2
0 0.845 0.235 0 2
0 0.845 0.245 0 2
0 0.845 0.255 0 2
0 0.845 0.265 0 2
0 0.845 0.275 0 2
0 0.845 0.285 0 2
0 0.845 0.295 0 2
0 0.845 0.305 0 2
0 0.845 0.315 0 2
0 0.845 0.325 0 2
0 0.845 0.335 0 2
0 0.845 0.345 0 2
0 0.845 0.355 0 2
0 0.845 0.365 0 2
0 0.845 0.375 0 2
0 0.845 0.385 0 2
0 0.845 0.395 0 2
0 0.845 0.405 0 2
0 0.845 0.415 0 2
0 0.845 0.425 0 2
0 0.845 0.435 0 2
0 0.845 0.445 0 2
0 0.845 0.455 0 2
0 0.845 0.465 0 2
0 0.855 -0.455 0 2
0 0.855 -0.445 0 2
0 0.855 -0.435 0 2
0 0.855 -0.425 0 2
0 0.855 -0.415 0 2
0 0.855 -0.405 0 2
0 0.855 -0.395 0 2
0 0.855 -0.385 0 2
0 0.855 -0.375 0 2
0 0.855 -0.365 0 2
0 0.855 -0.355 0 2
0 0.855 -0.345 0 2
0 0.855 -0.335 0 2
0 0.855 -0.325 0 2
0 0.855 -0.315 0 1
0 0.855 -0.305 0 1
0 0.855 -0.295 0 1
0 0.855 -0.285 0 1
0 0.855 -0.275 0 1
0 0.855 -0.265 0 1
0 0.855 -0.255 0 1
0 0.855 -0.245 0 2
0 0.855 -0.235 0 1
0 0.855 -0.225 0 1
0 0.855 -0.215 0 1
0 0.855 -0.205 0 1
0 0.855 -0.195 0 1
0 0.855 -0.185 0 1
0 0.855 -0.175 0 1
0 0.855 -0.165 0 1
0 0.855 -0.155 0 1
0 0.855 -0.145 0 1
0 0.855 -0.135 0 1
0 0.855 -0.125 0 1
0 0.855 -0.115 0 2
0 0.855 -0.105 0 2
0 0.855 -0.095 0 2
0 0.855 -0.085 0 2
0 0.855 -0.075 0 2
0 0.855 -0.065 0 1
0 0.855 -0.055 0 1
0 0.855 -0.045 0 1
0 0.855 -0.035 0 1
0 0.855 -0.025 0 1
0 0.855 -0.015 0 1
0 0.855 -0.005 0 1
0 0.855 0.005 0 1
0 0.855 0.015 0 1
0 0.855 0.025 0 2
0 0.855 0.035 0 2
0 0.855 0.045 0 2
0 0.855 0.055 0 2
0 0.855 0.065 0 2
0 0.855 0.075 0 2
0 0.855 0.085 0 2
0 0.855 0.095 0 2
0 0.855 0.105 0 2
0 0.855 0.115 0 2
0 0.855 0.125 0 2
0 0.855 0.135 0 2
0 0.855 0.145 0 2
0 0.855 0.155 0 2
0 0.855 0.165 0 2
0 0.855 0.175 0 2
0 0.855 0.185 0 2
0 0.855 0.195 0 2
0 0.855 0.205 0 2
0 0.855 0.215 0 2
0 0.855 0.225 0 2
0 0.855 0.235 0 2
0 0.855 0.245 0 2
0 0.855 0.255 0 2
0 0.855 0.265 0 2
0 0.855 0.275 0 2
0 0.855 0.285 0 2
0 0.855 0.295 0 2
0 0.855 0.305 0 2
0 0.855 0.315 0 2
0 0.855 0.325 0 2
0 0.855 0.335 0 2
0 0.855 0.345 0 2
0 0.855 0.355 0 2
0 0.855 0.365 0 2
0 0.855 0.375 0 2
0 0.855 0.385 0 2
0 0.855 0.395 0 2
0 0.855 0.405 0 2
0 0.855 0.415 0 2
0 0.855 0.425 0 2
0 0.855 0.435 0 2
0 0.855 0.445 0 2
0 0.855 0.455 0 2
0 0.855 0.465 0 2
0 0.865 -0.455 0 2
0 0.865 -0.445 0 2
0 0.865 -0.435 0 2
0 0.865 -0.425 0 2
0 0.865 -0.415 0 2
0 0.865 -0.405 0 2
0 0.865 -0.395 0 2
0 0.865 -0.385 0 2
0 0.865 -0.375 0 2
0 0.865 -0.365 0 2
0 0.865 -0.355 0 2
0 0.865 -0.345 0 2
0 0.865 -0.335 0 2
0 0.865 -0.325 0 2
0 0.865 -0.315 0 2
0 0.865 -0.305 0 1
0 0.865 -0.295 0 1
0 0.865 -0.285 0 1
0 0.865 -0.275 0 1
0 0.865 -0.265 0 1
0 0.865 -0.255 0 1
0 0.865 -0.245 0 2
0 0.865 -0.235 0 2
0 0.865 -0.225 0 2
0 0.865 -0.215 0 2
0 0.865 -0.205 0 2
0 0.865 -0.195 0 1
0 0.865 -0.185 0 1
0 0.865 -0.175 0 1
0 0.865 -0.165 0 1
0 0.865 -0.155 0 1
0 0.865 -0.145 0 1
0 0.865 -0.135 0 1
0 0.865 -0.125 0 2
0 0.865 -0.115 0 2
0 0.865 -0.105 0 2
0 0.865 -0.095 0 2
0 0.865 -0.085 0 2
0 0.865 -0.075 0 1
0 0.865 -0.065 0 1
0 0.865 -0.055 0 1
0 0.865 -0.045 0 1
0 0.865 -0.035 0 1
0 0.865 -0.025 0 1
0 0.865 -0.015 0 1
0 0.865 -0.005 0 1
0 0.865 0.005 0 1
0 0.865 0.015 0 1
0 0.865 0.025 0 2
0 0.865 0.035 0 2
0 0.865 0.045 0 2
0 0.865 0.055 0 2
0 0.865 0.065 0 2
0 0.865 0.075 0 2
0 0.865 0.085 0 2
0 0.865 0.095 0 2
0 0.865 0.105 0 2
0 0.865 0.115 0 2
0 0.865 0.125 0 2
0 0.865 0.135 0 2
0 0.865 0.145 0 2
0 0.865 0.155 0 2
0 0.865 0.165 0 2
0 0.865 0.175 0 2
0 0.865 0.185 0 2
0 0.865 0.195 0 2
0 0.865 0.205 0 2
0 0.865 0.215 0 2
0 0.865 0.225 0 2
0 0.865 0.235 0 2
0 0.865 0.245 0 2
0 0.865 0.255 0 2
0 0.865 0.265 0 2
0 0.865 0.275 0 2
0 0.865 0.285 0 2
0 0.865 0.295 0 2
0 0.865 0.305 0 2
0 0.865 0.315 0 2
0 0.865 0.325 0 2
0 0.865 0.335 0 2
0 0.865 0.345 0 2
0 0.865 0.355 0 2
0 0.865 0.365 0 2
0 0.865 0.375 0 2
0 0.865 0.385 0 2
0 0.865 0.395 0 2
0 0.865 0.405 0 2
0 0.865 0.415 0 2
0 0.865 0.425 0 2
0 0.865 0.435 0 2
0 0.865 0.445 0 2
0 0.865 0.455 0 2
0 0.865 0.465 0 2
