t x y content type
0 -0.055 -0.455 0 2
0 -0.055 -0.445 0 2
0 -0.055 -0.435 0 2
0 -0.055 -0.425 0 2
0 -0.055 -0.415 0 2
0 -0.055 -0.405 0 2
0 -0.055 -0.395 0 2
0 -0.055 -0.385 0 2
0 -0.055 -0.375 0 2
0 -0.055 -0.365 0 2
0 -0.055 -0.355 0 2
0 -0.055 -0.345 0 2
0 -0.055 -0.335 0 1
0 -0.055 -0.325 0 1
0 -0.055 -0.315 0 1
0 -0.055 -0.305 0 1
0 -0.055 -0.295 0 1
0 -0.055 -0.285 0 1
0 -0.055 -0.275 0 1
0 -0.055 -0.265 0 2
0 -0.055 -0.255 0 2
0 -0.055 -0.245 0 2
0 -0.055 -0.235 0 2
0 -0.055 -0.225 0 2
0 -0.055 -0.215 0 2
0 -0.055 -0.205 0 2
0 -0.055 -0.195 0 2
0 -0.055 -0.185 0 2
0 -0.055 -0.175 0 2
0 -0.055 -0.165 0 2
0 -0.055 -0.155 0 2
0 -0.055 -0.145 0 2
0 -0.055 -0.135 0 2
0 -0.055 -0.125 0 2
0 -0.055 -0.115 0 2
0 -0.055 -0.105 0 2
0 -0.055 -0.095 0 2
0 -0.055 -0.085 0 2
0 -0.055 -0.075 0 2
0 -0.055 -0.065 0 2
0 -0.055 -0.055 0 1
0 -0.055 -0.045 0 1
0 -0.055 -0.035 0 1
0 -0.055 -0.025 0 1
0 -0.055 -0.015 0 1
0 -0.055 -0.005 0 1
0 -0.055 0.005 0 1
0 -0.055 0.015 0 1
0 -0.055 0.025 0 1
0 -0.055 0.035 0 1
0 -0.055 0.045 0 1
0 -0.055 0.055 0 1
0 -0.055 0.065 0 1
0 -0.055 0.075 0 2
0 -0.055 0.085 0 2
0 -0.055 0.095 0 2
0 -0.055 0.105 0 2
0 -0.055 0.115 0 2
0 -0.055 0.125 0 2
0 -0.055 0.135 0 2
0 -0.055 0.145 0 1
0 -0.055 0.155 0 1
0 -0.055 0.165 0 1
0 -0.055 0.175 0 1
0 -0.055 0.185 0 1
0 -0.055 0.195 0 1
0 -0.055 0.205 0 1
0 -0.055 0.215 0 1
0 -0.055 0.225 0 1
0 -0.055 0.235 0 1
0 -0.055 0.245 0 2
0 -0.055 0.255 0 2
0 -0.055 0.265 0 2
0 -0.055 0.275 0 2
0 -0.055 0.285 0 1
0 -0.055 0.295 0 1
0 -0.055 0.305 0 1
0 -0.055 0.315 0 1
0 -0.055 0.325 0 1
0 -0.055 0.335 0 1
0 -0.055 0.345 0 1
0 -0.055 0.355 0 1
0 -0.055 0.365 0 1
0 -0.055 0.375 0 2
0 -0.055 0.385 0 2
0 -0.055 0.395 0 2
0 -0.055 0.405 0 2
0 -0.055 0.415 0 2
0 -0.055 0.425 0 2
0 -0.055 0.435 0 2
0 -0.055 0.445 0 2
0 -0.055 0.455 0 2
0 -0.055 0.465 0 1
0 -0.045 -0.455 0 2
0 -0.045 -0.445 0 2
0 -0.045 -0.435 0 2
0 -0.045 -0.425 0 2
0 -0.045 -0.415 0 2
0 -0.045 -0.405 0 2
0 -0.045 -0.395 0 2
0 -0.045 -0.385 0 2
0 -0.045 -0.375 0 2
0 -0.045 -0.365 0 2
0 -0.045 -0.355 0 2
0 -0.045 -0.345 0 2
0 -0.045 -0.335 0 2
0 -0.045 -0.325 0 2
0 -0.045 -0.315 0 2
0 -0.045 -0.305 0 1
0 -0.045 -0.295 0 1
0 -0.045 -0.285 0 2
0 -0.045 -0.275 0 2
0 -0.045 -0.265 0 2
0 -0.045 -0.255 0 2
0 -0.045 -0.245 0 2
0 -0.045 -0.235 0 2
0 -0.045 -0.225 0 2
0 -0.045 -0.215 0 2
0 -0.045 -0.205 0 2
0 -0.045 -0.195 0 2
0 -0.045 -0.185 0 2
0 -0.045 -0.175 0 2
0 -0.045 -0.165 0 2
0 -0.045 -0.155 0 2
0 -0.045 -0.145 0 2
0 -0.045 -0.135 0 2
0 -0.045 -0.125 0 2
0 -0.045 -0.115 0 2
0 -0.045 -0.105 0 2
0 -0.045 -0.095 0 2
0 -0.045 -0.085 0 2
0 -0.045 -0.075 0 2
0 -0.045 -0.065 0 2
0 -0.045 -0.055 0 1
0 -0.045 -0.045 0 1
0 -0.045 -0.035 0 1
0 -0.045 -0.025 0 1
0 -0.045 -0.015 0 1
0 -0.045 -0.005 0 1
0 -0.045 0.005 0 1
0 -0.045 0.015 0 1
0 -0.045 0.025 0 1
0 -0.045 0.035 0 1
0 -0.045 0.045 0 1
0 -0.045 0.055 0 1
0 -0.045 0.065 0 1
0 -0.045 0.075 0 2
0 -0.045 0.085 0 2
0 -0.045 0.095 0 2
0 -0.045 0.105 0 2
0 -0.045 0.115 0 2
0 -0.045 0.125 0 2
0 -0.045 0.135 0 2
0 -0.045 0.145 0 2
0 -0.045 0.155 0 1
0 -0.045 0.165 0 1
0 -0.045 0.175 0 1
0 -0.045 0.185 0 1
0 -0.045 0.195 0 1
0 -0.045 0.205 0 1
0 -0.045 0.215 0 1
0 -0.045 0.225 0 1
0 -0.045 0.235 0 1
0 -0.045 0.245 0 2
0 -0.045 0.255 0 2
0 -0.045 0.265 0 2
0 -0.045 0.275 0 2
0 -0.045 0.285 0 2
0 -0.045 0.295 0 1
0 -0.045 0.305 0 1
0 -0.045 0.315 0 1
0 -0.045 0.325 0 1
0 -0.045 0.335 0 1
0 -0.045 0.345 0 1
0 -0.045 0.355 0 1
0 -0.045 0.365 0 1
0 -0.045 0.375 0 2
0 -0.045 0.385 0 2
0 -0.045 0.395 0 2
0 -0.045 0.405 0 2
0 -0.045 0.415 0 2
0 -0.045 0.425 0 2
0 -0.045 0.435 0 2
0 -0.045 0.445 0 2
0 -0.045 0.455 0 2
0 -0.045 0.465 0 2
0 -0.035 -0.455 0 2
0 -0.035 -0.445 0 2
0 -0.035 -0.435 0 2
0 -0.035 -0.425 0 2
0 -0.035 -0.415 0 2
0 -0.035 -0.405 0 2
0 -0.035 -0.395 0 2
0 -0.035 -0.385 0 2
0 -0.035 -0.375 0 2
0 -0.035 -0.365 0 2
0 -0.035 -0.355 0 2
0 -0.035 -0.345 0 2
0 -0.035 -0.335 0 2
0 -0.035 -0.325 0 2
0 -0.035 -0.315 0 2
0 -0.035 -0.305 0 2
0 -0.035 -0.295 0 2
0 -0.035 -0.285 0 2
0 -0.035 -0.275 0 2
0 -0.035 -0.265 0 2
0 -0.035 -0.255 0 2
0 -0.035 -0.245 0 2
0 -0.035 -0.235 0 2
0 -0.035 -0.225 0 2
0 -0.035 -0.215 0 2
0 -0.035 -0.205 0 2
0 -0.035 -0.195 0 2
0 -0.035 -0.185 0 2
0 -0.035 -0.175 0 2
0 -0.035 -0.165 0 2
0 -0.035 -0.155 0 2
0 -0.035 -0.145 0 2
0 -0.035 -0.135 0 2
0 -0.035 -0.125 0 2
0 -0.035 -0.115 0 2
0 -0.035 -0.105 0 2
0 -0.035 -0.095 0 2
0 -0.035 -0.085 0 2
0 -0.035 -0.075 0 2
0 -0.035 -0.065 0 2
0 -0.035 -0.055 0 1
0 -0.035 -0.045 0 1
0 -0.035 -0.035 0 1
0 -0.035 -0.025 0 1
0 -0.035 -0.015 0 1
0 -0.035 -0.005 0 1
0 -0.035 0.005 0 1
0 -0.035 0.015 0 1
0 -0.035 0.025 0 1
0 -0.035 0.035 0 1
0 -0.035 0.045 0 1
0 -0.035 0.055 0 1
0 -0.035 0.065 0 1
0 -0.035 0.075 0 2
0 -0.035 0.085 0 2
0 -0.035 0.095 0 2
0 -0.035 0.105 0 2
0 -0.035 0.115 0 2
0 -0.035 0.125 0 2
0 -0.035 0.135 0 2
0 -0.035 0.145 0 2
0 -0.035 0.155 0 2
0 -0.035 0.165 0 1
0 -0.035 0.175 0 1
0 -0.035 0.185 0 1
0 -0.035 0.195 0 1
0 -0.035 0.205 0 1
0 -0.035 0.215 0 1
0 -0.035 0.225 0 1
0 -0.035 0.235 0 1
0 -0.035 0.245 0 2
0 -0.035 0.255 0 2
0 -0.035 0.265 0 2
0 -0.035 0.275 0 2
0 -0.035 0.285 0 2
0 -0.035 0.295 0 2
0 -0.035 0.305 0 2
0 -0.035 0.315 0 1
0 -0.035 0.325 0 1
0 -0.035 0.335 0 1
0 -0.035 0.345 0 1
0 -0.035 0.355 0 1
0 -0.035 0.365 0 2
0 -0.035 0.375 0 2
0 -0.035 0.385 0 2
0 -0.035 0.395 0 2
0 -0.035 0.405 0 2
0 -0.035 0.415 0 2
0 -0.035 0.425 0 2
0 -0.035 0.435 0 2
0 -0.035 0.445 0 2
0 -0.035 0.455 0 2
0 -0.035 0.465 0 2
0 -0.025 -0.455 0 2
0 -0.025 -0.445 0 2
0 -0.025 -0.435 0 2
0 -0.025 -0.425 0 2
0 -0.025 -0.415 0 2
0 -0.025 -0.405 0 2
0 -0.025 -0.395 0 2
0 -0.025 -0.385 0 2
0 -0.025 -0.375 0 2
0 -0.025 -0.365 0 2
0 -0.025 -0.355 0 2
0 -0.025 -0.345 0 2
0 -0.025 -0.335 0 2
0 -0.025 -0.325 0 2
0 -0.025 -0.315 0 2
0 -0.025 -0.305 0 2
0 -0.025 -0.295 0 2
0 -0.025 -0.285 0 2
0 -0.025 -0.275 0 2
0 -0.025 -0.265 0 2
0 -0.025 -0.255 0 2
0 -0.025 -0.245 0 2
0 -0.025 -0.235 0 2
0 -0.025 -0.225 0 2
0 -0.025 -0.215 0 2
0 -0.025 -0.205 0 2
0 -0.025 -0.195 0 2
0 -0.025 -0.185 0 2
0 -0.025 -0.175 0 2
0 -0.025 -0.165 0 2
0 -0.025 -0.155 0 2
0 -0.025 -0.145 0 2
0 -0.025 -0.135 0 2
0 -0.025 -0.125 0 2
0 -0.025 -0.115 0 2
0 -0.025 -0.105 0 2
0 -0.025 -0.095 0 2
0 -0.025 -0.085 0 2
0 -0.025 -0.075 0 2
0 -0.025 -0.065 0 2
0 -0.025 -0.055 0 1
0 -0.025 -0.045 0 1
0 -0.025 -0.035 0 1
0 -0.025 -0.025 0 1
0 -0.025 -0.015 0 1
0 -0.025 -0.005 0 1
0 -0.025 0.005 0 1
0 -0.025 0.015 0 1
0 -0.025 0.025 0 1
0 -0.025 0.035 0 1
0 -0.025 0.045 0 1
0 -0.025 0.055 0 1
0 -0.025 0.065 0 2
0 -0.025 0.075 0 2
0 -0.025 0.085 0 2
0 -0.025 0.095 0 2
0 -0.025 0.105 0 2
0 -0.025 0.115 0 2
0 -0.025 0.125 0 2
0 -0.025 0.135 0 2
0 -0.025 0.145 0 2
0 -0.025 0.155 0 2
0 -0.025 0.165 0 2
0 -0.025 0.175 0 2
0 -0.025 0.185 0 2
0 -0.025 0.195 0 1
0 -0.025 0.205 0 1
0 -0.025 0.215 0 1
0 -0.025 0.225 0 2
0 -0.025 0.235 0 2
0 -0.025 0.245 0 2
0 -0.025 0.255 0 2
0 -0.025 0.265 0 2
0 -0.025 0.275 0 2
0 -0.025 0.285 0 2
0 -0.025 0.295 0 2
0 -0.025 0.305 0 2
0 -0.025 0.315 0 2
0 -0.025 0.325 0 2
0 -0.025 0.335 0 2
0 -0.025 0.345 0 2
0 -0.025 0.355 0 2
0 -0.025 0.365 0 2
0 -0.025 0.375 0 1
0 -0.025 0.385 0 1
0 -0.025 0.395 0 1
0 -0.025 0.405 0 2
0 -0.025 0.415 0 2
0 -0.025 0.425 0 2
0 -0.025 0.435 0 2
0 -0.025 0.445 0 2
0 -0.025 0.455 0 2
0 -0.025 0.465 0 2
0 -0.015 -0.455 0 2
0 -0.015 -0.445 0 2
0 -0.015 -0.435 0 2
0 -0.015 -0.425 0 2
0 -0.015 -0.415 0.0008364403092 2
0 -0.015 -0.405 0.002223704003 2
0 -0.015 -0.395 0.004244768768 2
0 -0.015 -0.385 0.005978109573 2
0 -0.015 -0.375 0.007451613971 2
0 -0.015 -0.365 0.008722135749 2
0 -0.015 -0.355 0.009838780314 2
0 -0.015 -0.345 0.01081321944 2
0 -0.015 -0.335 0.0116363754 2
0 -0.015 -0.325 0.01231110461 2
0 -0.015 -0.315 0.01284331362 2
0 -0.015 -0.305 0.01324880792 2
0 -0.015 -0.295 0.01355785964 2
0 -0.015 -0.285 0.01380865719 2
0 -0.015 -0.275 0.01402795669 2
0 -0.015 -0.265 0.01416585529 2
0 -0.015 -0.255 0.01414983671 2
0 -0.015 -0.245 0.01383054289 2
0 -0.015 -0.235 0.01317167672 2
0 -0.015 -0.225 0.01212606674 2
0 -0.015 -0.215 0.0108044033 2
0 -0.015 -0.205 0.00927592265 2
0 -0.015 -0.195 0.00765473945 2
0 -0.015 -0.185 0.005963974802 2
0 -0.015 -0.175 0.004229515723 2
0 -0.015 -0.165 0.002455552655 2
0 -0.015 -0.155 0.0006669920454 2
0 -0.015 -0.145 -0.001116933019 2
0 -0.015 -0.135 -0.002878633598 2
0 -0.015 -0.125 -0.00460168149 2
0 -0.015 -0.115 -0.006269304048 2
0 -0.015 -0.105 -0.007864830504 2
0 -0.015 -0.095 -0.009371637554 2
0 -0.015 -0.085 -0.01077111022 2
0 -0.015 -0.075 -0.0120314124 2
0 -0.015 -0.065 -0.01308296498 2
0 -0.015 -0.055 -0.01389268385 2
0 -0.015 -0.045 -0.01449060403 1
0 -0.015 -0.035 -0.01503668491 1
0 -0.015 -0.025 -0.01555801872 1
0 -0.015 -0.015 -0.01592763327 2
0 -0.015 -0.005 -0.01581782075 2
0 -0.015 0.005 -0.0152314329 1
0 -0.015 0.015 -0.01434453168 1
0 -0.015 0.025 -0.01357281212 1
0 -0.015 0.035 -0.0130958015 1
0 -0.015 0.045 -0.01288620712 1
0 -0.015 0.055 -0.01274313098 1
0 -0.015 0.065 -0.01235235608 2
0 -0.015 0.075 -0.01159926183 2
0 -0.015 0.085 -0.01047267969 2
0 -0.015 0.095 -0.009121245694 2
0 -0.015 0.105 -0.007631249148 2
0 -0.015 0.115 -0.006044828277 2
0 -0.015 0.125 -0.004382418414 2
0 -0.015 0.135 -0.002641407065 2
0 -0.015 0.145 -0.0008183180619 2
0 -0.015 0.155 0.001061854176 2
0 -0.015 0.165 0.002963608391 2
0 -0.015 0.175 0.00479449394 2
0 -0.015 0.185 0.006505942505 2
0 -0.015 0.195 0.008036867672 2
0 -0.015 0.205 0.009441997033 2
0 -0.015 0.215 0.01071629446 2
0 -0.015 0.225 0.01187628041 2
0 -0.015 0.235 0.01281617086 2
0 -0.015 0.245 0.01351503706 2
0 -0.015 0.255 0.0139257099 2
0 -0.015 0.265 0.01411406345 2
0 -0.015 0.275 0.01411734659 2
0 -0.015 0.285 0.01399872577 2
0 -0.015 0.295 0.01376379088 2
0 -0.015 0.305 0.01338292078 2
0 -0.015 0.315 0.01282001472 2
0 -0.015 0.325 0.01205030887 2
0 -0.015 0.335 0.01105484077 2
0 -0.015 0.345 0.009780795946 2
0 -0.015 0.355 0.008320311755 2
0 -0.015 0.365 0.006828441428 1
0 -0.015 0.375 0.005496231302 1
0 -0.015 0.385 0.004280722839 1
0 -0.015 0.395 0.003023396822 1
0 -0.015 0.405 0.001586753159 1
0 -0.015 0.415 0.00059749246 2
0 -0.015 0.425 0 2
0 -0.015 0.435 0 2
0 -0.015 0.445 0 2
0 -0.015 0.455 0 2
0 -0.015 0.465 0 2
0 -0.005 -0.455 0 2
0 -0.005 -0.445 0 2
0 -0.005 -0.435 0 2
0 -0.005 -0.425 0 2
0 -0.005 -0.415 0.002053067794 2
0 -0.005 -0.405 0.005238132445 2
0 -0.005 -0.395 0.01041195368 2
0 -0.005 -0.385 0.01462945097 2
0 -0.005 -0.375 0.01815935984 2
0 -0.005 -0.365 0.02130465622 2
0 -0.005 -0.355 0.02405028961 2
0 -0.005 -0.345 0.02644012548 2
0 -0.005 -0.335 0.02845025867 2
0 -0.005 -0.325 0.03008855765 2
0 -0.005 -0.315 0.03136802473 2
0 -0.005 -0.305 0.03233583527 2
0 -0.005 -0.295 0.03306256798 2
0 -0.005 -0.285 0.03365155852 2
0 -0.005 -0.275 0.03415317911 2
0 -0.005 -0.265 0.03448443502 2
0 -0.005 -0.255 0.03447994817 2
0 -0.005 -0.245 0.03371906691 2
0 -0.005 -0.235 0.03214647103 2
0 -0.005 -0.225 0.02961251401 2
0 -0.005 -0.215 0.0264580257 2
0 -0.005 -0.205 0.02275954149 2
0 -0.005 -0.195 0.01878073644 2
0 -0.005 -0.185 0.01458207198 2
0 -0.005 -0.175 0.01028166201 2
0 -0.005 -0.165 0.005907179461 2
0 -0.005 -0.155 0.001512048101 2
0 -0.005 -0.145 -0.00287213331 2
0 -0.005 -0.135 -0.007199983516 2
0 -0.005 -0.125 -0.01143089038 2
0 -0.005 -0.115 -0.01552441091 2
0 -0.005 -0.105 -0.01944020341 2
0 -0.005 -0.095 -0.02313765524 2
0 -0.005 -0.085 -0.02657440239 2
0 -0.005 -0.075 -0.0296938172 2
0 -0.005 -0.065 -0.03239571187 2
0 -0.005 -0.055 -0.03461837627 2
0 -0.005 -0.045 -0.03636499162 2
0 -0.005 -0.035 -0.03786211979 2
0 -0.005 -0.025 -0.03911657236 2
0 -0.005 -0.015 -0.03993585196 2
0 -0.005 -0.005 -0.03975854642 2
0 -0.005 0.005 -0.03858386362 2
0 -0.005 0.015 -0.03668536696 1
0 -0.005 0.025 -0.03499345988 1
0 -0.005 0.035 -0.03378646367 1
0 -0.005 0.045 -0.03300410656 1
0 -0.005 0.055 -0.03230633061 2
0 -0.005 0.065 -0.03094648419 2
0 -0.005 0.075 -0.02878855346 2
0 -0.005 0.085 -0.02588631171 2
0 -0.005 0.095 -0.02252247335 2
0 -0.005 0.105 -0.01885199071 2
0 -0.005 0.115 -0.01495700964 2
0 -0.005 0.125 -0.01088622693 2
0 -0.005 0.135 -0.006645292721 2
0 -0.005 0.145 -0.002244504982 2
0 -0.005 0.155 0.002268264427 2
0 -0.005 0.165 0.006796415683 2
0 -0.005 0.175 0.011117548 2
0 -0.005 0.185 0.01507960389 2
0 -0.005 0.195 0.01857460053 2
0 -0.005 0.205 0.02179552488 2
0 -0.005 0.215 0.02488354141 2
0 -0.005 0.225 0.02786463718 2
0 -0.005 0.235 0.03051107315 2
0 -0.005 0.245 0.03256547604 2
0 -0.005 0.255 0.03380134466 2
0 -0.005 0.265 0.03436487729 2
0 -0.005 0.275 0.03446553904 2
0 -0.005 0.285 0.03422537536 2
0 -0.005 0.295 0.03367190915 2
0 -0.005 0.305 0.0327564975 2
0 -0.005 0.315 0.03139161284 2
0 -0.005 0.325 0.02950666165 2
0 -0.005 0.335 0.02697540115 2
0 -0.005 0.345 0.02378872928 2
0 -0.005 0.355 0.0201462248 2
0 -0.005 0.365 0.01656172985 1
0 -0.005 0.375 0.01334432397 1
0 -0.005 0.385 0.01048382495 1
0 -0.005 0.395 0.007407057793 1
0 -0.005 0.405 0.003736408528 1
0 -0.005 0.415 0.001462303646 1
0 -0.005 0.425 0 2
0 -0.005 0.435 0 2
0 -0.005 0.445 0 2
0 -0.005 0.455 0 2
0 -0.005 0.465 0 2
0 0.005 -0.455 0 1
0 0.005 -0.445 0 2
0 0.005 -0.435 0 2
0 0.005 -0.425 0 2
0 0.005 -0.415 0.003480888473 2
0 0.005 -0.405 0.009043700802 2
0 0.005 -0.395 0.01685515959 2
0 0.005 -0.385 0.02252413668 2
0 0.005 -0.375 0.02702754371 2
0 0.005 -0.365 0.03137788567 2
0 0.005 -0.355 0.03518656678 2
0 0.005 -0.345 0.03852624883 2
0 0.005 -0.335 0.04133906798 2
0 0.005 -0.325 0.04363098543 2
0 0.005 -0.315 0.04541378163 2
0 0.005 -0.305 0.04674664918 2
0 0.005 -0.295 0.04770468725 2
0 0.005 -0.285 0.04843062399 2
0 0.005 -0.275 0.04887192729 2
0 0.005 -0.265 0.0490026011 2
0 0.005 -0.255 0.04854800202 2
0 0.005 -0.245 0.04726039521 2
0 0.005 -0.235 0.04511675722 2
0 0.005 -0.225 0.04188083358 2
0 0.005 -0.215 0.03775607847 2
0 0.005 -0.205 0.03269143918 2
0 0.005 -0.195 0.02705368811 2
0 0.005 -0.185 0.02100188323 2
0 0.005 -0.175 0.01473562034 2
0 0.005 -0.165 0.008347470505 2
0 0.005 -0.155 0.001937447556 2
0 0.005 -0.145 -0.004447025305 2
0 0.005 -0.135 -0.0107500983 2
0 0.005 -0.125 -0.01691045755 2
0 0.005 -0.115 -0.02286920401 2
0 0.005 -0.105 -0.02856860283 2
0 0.005 -0.095 -0.03395063164 2
0 0.005 -0.085 -0.03896001315 2
0 0.005 -0.075 -0.04353471316 2
0 0.005 -0.065 -0.04757272063 2
0 0.005 -0.055 -0.05096845212 2
0 0.005 -0.045 -0.05372336793 2
0 0.005 -0.035 -0.05601875921 2
0 0.005 -0.025 -0.05793568127 2
0 0.005 -0.015 -0.05921439034 2
0 0.005 -0.005 -0.05930346508 2
0 0.005 0.005 -0.05813013942 2
0 0.005 0.015 -0.05608545547 2
0 0.005 0.025 -0.05396152998 2
0 0.005 0.035 -0.05206548121 2
0 0.005 0.045 -0.05035161795 2
0 0.005 0.055 -0.04849518659 2
0 0.005 0.065 -0.04588371088 2
0 0.005 0.075 -0.04234704414 2
0 0.005 0.085 -0.03798315301 2
0 0.005 0.095 -0.03305530602 2
0 0.005 0.105 -0.02771414852 2
0 0.005 0.115 -0.02205298001 2
0 0.005 0.125 -0.0161367176 2
0 0.005 0.135 -0.009989823314 2
0 0.005 0.145 -0.003638757559 2
0 0.005 0.155 0.002802652157 2
0 0.005 0.165 0.009139738824 2
0 0.005 0.175 0.01508565694 2
0 0.005 0.185 0.0203954101 1
0 0.005 0.195 0.02511263395 1
0 0.005 0.205 0.02944106994 1
0 0.005 0.215 0.03363290429 1
0 0.005 0.225 0.03766649687 1
0 0.005 0.235 0.04152712123 2
0 0.005 0.245 0.04481991328 2
0 0.005 0.255 0.04735300886 2
0 0.005 0.265 0.04886262704 2
0 0.005 0.275 0.04948420539 2
0 0.005 0.285 0.0494165546 2
0 0.005 0.295 0.04874213334 2
0 0.005 0.305 0.04751965468 2
0 0.005 0.315 0.04563670368 2
0 0.005 0.325 0.04301817597 2
0 0.005 0.335 0.03948808948 2
0 0.005 0.345 0.03503539043 2
0 0.005 0.355 0.02973254883 1
0 0.005 0.365 0.02464173982 1
0 0.005 0.375 0.02001853415 1
0 0.005 0.385 0.01624597523 1
0 0.005 0.395 0.01204943604 1
0 0.005 0.405 0.006482132274 1
0 0.005 0.415 0.002482646916 1
0 0.005 0.425 0 1
0 0.005 0.435 0 2
0 0.005 0.445 0 2
0 0.005 0.455 0 2
0 0.005 0.465 0 2
0 0.015 -0.455 0 1
0 0.015 -0.445 0 2
0 0.015 -0.435 0 2
0 0.015 -0.425 0 2
0 0.015 -0.415 0.004241658669 2
0 0.015 -0.405 0.01089866498 2
0 0.015 -0.395 0.01928413118 2
0 0.015 -0.385 0.02526649352 2
0 0.015 -0.375 0.02950041194 2
0 0.015 -0.365 0.03392420023 2
0 0.015 -0.355 0.03777249115 2
0 0.015 -0.345 0.04116455513 2
0 0.015 -0.335 0.0440087026 2
0 0.015 -0.325 0.04630632635 2
0 0.015 -0.315 0.04805926196 2
0 0.015 -0.305 0.04930412469 2
0 0.015 -0.295 0.0500959408 2
0 0.015 -0.285 0.05052714864 2
0 0.015 -0.275 0.05040413871 2
0 0.015 -0.265 0.04990097701 2
0 0.015 -0.255 0.04865256593 2
0 0.015 -0.245 0.0470725381 2
0 0.015 -0.235 0.04494697178 2
0 0.015 -0.225 0.04218720725 2
0 0.015 -0.215 0.03847925479 2
0 0.015 -0.205 0.03376147623 2
0 0.015 -0.195 0.0281707102 2
0 0.015 -0.185 0.02194181976 2
0 0.015 -0.175 0.01530151486 2
0 0.015 -0.165 0.008467453872 2
0 0.015 -0.155 0.001591151508 2
0 0.015 -0.145 -0.005246000258 2
0 0.015 -0.135 -0.01198487075 2
0 0.015 -0.125 -0.01856922703 2
0 0.015 -0.115 -0.02493515049 2
0 0.015 -0.105 -0.03102266968 2
0 0.015 -0.095 -0.03677172491 2
0 0.015 -0.085 -0.04212680714 2
0 0.015 -0.075 -0.04703264473 2
0 0.015 -0.065 -0.05143323417 2
0 0.015 -0.055 -0.05526204539 2
0 0.015 -0.045 -0.05852728072 2
0 0.015 -0.035 -0.06116901188 2
0 0.015 -0.025 -0.06321988106 2
0 0.015 -0.015 -0.06454080785 2
0 0.015 -0.005 -0.06501041174 2
0 0.015 0.005 -0.06448082711 2
0 0.015 0.015 -0.0632051726 2
0 0.015 0.025 -0.06130537717 2
0 0.015 0.035 -0.05917056349 2
0 0.015 0.045 -0.05678102273 2
0 0.015 0.055 -0.05383537656 2
0 0.015 0.065 -0.05029662079 2
0 0.015 0.075 -0.04602679582 2
0 0.015 0.085 -0.04115818169 2
0 0.015 0.095 -0.03582126495 2
0 0.015 0.105 -0.03009536118 2
0 0.015 0.115 -0.02405202665 2
0 0.015 0.125 -0.01776015322 2
0 0.015 0.135 -0.01127078216 2
0 0.015 0.145 -0.0046329496 2
0 0.015 0.155 0.001982346076 2
0 0.015 0.165 0.008395397551 2
0 0.015 0.175 0.01433479651 2
0 0.015 0.185 0.01956700792 1
0 0.015 0.195 0.02425373693 1
0 0.015 0.205 0.02857435114 1
0 0.015 0.215 0.0327706886 1
0 0.015 0.225 0.03685203407 1
0 0.015 0.235 0.0408597181 1
0 0.015 0.245 0.04444443116 1
0 0.015 0.255 0.04764069353 2
0 0.015 0.265 0.05006115402 2
0 0.015 0.275 0.05146600323 2
0 0.015 0.285 0.05200409847 2
0 0.015 0.295 0.05161866565 2
0 0.015 0.305 0.050539404 2
0 0.015 0.315 0.04873917381 2
0 0.015 0.325 0.04614883772 2
0 0.015 0.335 0.042574022 2
0 0.015 0.345 0.03796636002 2
0 0.015 0.355 0.03249047692 1
0 0.015 0.365 0.02706734301 1
0 0.015 0.375 0.02208935027 1
0 0.015 0.385 0.01826169343 1
0 0.015 0.395 0.01376513066 1
0 0.015 0.405 0.007781989717 1
0 0.015 0.415 0.003011923274 1
0 0.015 0.425 0 1
0 0.015 0.435 0 2
0 0.015 0.445 0 2
0 0.015 0.455 0 2
0 0.015 0.465 0 2
0 0.025 -0.455 0 1
0 0.025 -0.445 0 1
0 0.025 -0.435 0 2
0 0.025 -0.425 0 2
0 0.025 -0.415 0.004428980021 2
0 0.025 -0.405 0.01114369477 2
0 0.025 -0.395 0.01884376439 2
0 0.025 -0.385 0.02372223345 2
0 0.025 -0.375 0.026448789 2
0 0.025 -0.365 0.02982202622 2
0 0.025 -0.355 0.03271664346 2
0 0.025 -0.345 0.03530094853 2
0 0.025 -0.335 0.03744945561 2
0 0.025 -0.325 0.03915488633 2
0 0.025 -0.315 0.04040330567 2
0 0.025 -0.305 0.0411678843 2
0 0.025 -0.295 0.04145137375 2
0 0.025 -0.285 0.04116997478 2
0 0.025 -0.275 0.04011415529 2
0 0.025 -0.265 0.03857709242 2
0 0.025 -0.255 0.03656964685 1
0 0.025 -0.245 0.03491373723 1
0 0.025 -0.235 0.03325095357 1
0 0.025 -0.225 0.03162888811 2
0 0.025 -0.215 0.02932529407 2
0 0.025 -0.205 0.02636973229 2
0 0.025 -0.195 0.02243229641 2
0 0.025 -0.185 0.01766223636 2
0 0.025 -0.175 0.01223658642 2
0 0.025 -0.165 0.006463902091 2
0 0.025 -0.155 0.0005897536149 2
0 0.025 -0.145 -0.005263820247 2
0 0.025 -0.135 -0.01102033452 2
0 0.025 -0.125 -0.01664512186 2
0 0.025 -0.115 -0.02208037932 2
0 0.025 -0.105 -0.02727639853 2
0 0.025 -0.095 -0.03218545195 2
0 0.025 -0.085 -0.0367662824 2
0 0.025 -0.075 -0.04098598482 2
0 0.025 -0.065 -0.04482397458 2
0 0.025 -0.055 -0.04822177321 2
0 0.025 -0.045 -0.05114586828 2
0 0.025 -0.035 -0.05351219186 2
0 0.025 -0.025 -0.05535122566 2
0 0.025 -0.015 -0.05662068643 2
0 0.025 -0.005 -0.05739548142 2
0 0.025 0.005 -0.05756990567 2
0 0.025 0.015 -0.05721052204 2
0 0.025 0.025 -0.05603239463 2
0 0.025 0.035 -0.05409273329 2
0 0.025 0.045 -0.0514250835 2
0 0.025 0.055 -0.04809593778 2
0 0.025 0.065 -0.04440978036 2
0 0.025 0.075 -0.04034730251 2
0 0.025 0.085 -0.0360077647 2
0 0.025 0.095 -0.03137349506 2
0 0.025 0.105 -0.0264585811 2
0 0.025 0.115 -0.02130242504 2
0 0.025 0.125 -0.01596534579 2
0 0.025 0.135 -0.01052247006 2
0 0.025 0.145 -0.005053007813 2
0 0.025 0.155 0.0003348826669 2
0 0.025 0.165 0.005481889125 2
0 0.025 0.175 0.01012865035 1
0 0.025 0.185 0.01427088999 1
0 0.025 0.195 0.01803418324 1
0 0.025 0.205 0.02153750724 1
0 0.025 0.215 0.02482370939 1
0 0.025 0.225 0.02790253067 1
0 0.025 0.235 0.03084201439 1
0 0.025 0.245 0.03383474504 1
0 0.025 0.255 0.03687585759 1
0 0.025 0.265 0.03979883732 2
0 0.025 0.275 0.04197698972 2
0 0.025 0.285 0.0432574304 2
0 0.025 0.295 0.04351958127 2
0 0.025 0.305 0.04296729878 2
0 0.025 0.315 0.04179170065 2
0 0.025 0.325 0.03998255386 2
0 0.025 0.335 0.03739385122 2
0 0.025 0.345 0.03375835938 2
0 0.025 0.355 0.02940046391 2
0 0.025 0.365 0.02457425673 1
0 0.025 0.375 0.0202444215 1
0 0.025 0.385 0.01718719202 1
0 0.025 0.395 0.01336352753 1
0 0.025 0.405 0.007858051287 1
0 0.025 0.415 0.003104189603 1
0 0.025 0.425 0 1
0 0.025 0.435 0 2
0 0.025 0.445 0 2
0 0.025 0.455 0 2
0 0.025 0.465 0 2
0 0.035 -0.455 0 1
0 0.035 -0.445 0 1
0 0.035 -0.435 0 2
0 0.035 -0.425 0 2
0 0.035 -0.415 0.004437361967 2
0 0.035 -0.405 0.01117275923 2
0 0.035 -0.395 0.01870277259 2
0 0.035 -0.385 0.02328222122 2
0 0.035 -0.375 0.02551467263 2
0 0.035 -0.365 0.02838089271 2
0 0.035 -0.355 0.03074684039 2
0 0.035 -0.345 0.03283656607 2
0 0.035 -0.335 0.03452988476 2
0 0.035 -0.325 0.03582500747 2
0 0.035 -0.315 0.03672156678 2
0 0.035 -0.305 0.03711706945 2
0 0.035 -0.295 0.03699935744 2
0 0.035 -0.285 0.03618243941 2
0 0.035 -0.275 0.03463225641 2
0 0.035 -0.265 0.03238666454 1
0 0.035 -0.255 0.03006284759 1
0 0.035 -0.245 0.02810890984 1
0 0.035 -0.235 0.02652968559 1
0 0.035 -0.225 0.0251903774 1
0 0.035 -0.215 0.0235133735 1
0 0.035 -0.205 0.02142493083 2
0 0.035 -0.195 0.01853257029 2
0 0.035 -0.185 0.01478391975 2
0 0.035 -0.175 0.01025541791 2
0 0.035 -0.165 0.00514036695 2
0 0.035 -0.155 -0.0002338418438 2
0 0.035 -0.145 -0.005641872715 2
0 0.035 -0.135 -0.01095675618 2
0 0.035 -0.125 -0.01613982441 2
0 0.035 -0.115 -0.0211470449 2
0 0.035 -0.105 -0.02593200198 2
0 0.035 -0.095 -0.030453882 2
0 0.035 -0.085 -0.03467289683 2
0 0.035 -0.075 -0.03855054939 2
0 0.035 -0.065 -0.04205253225 2
0 0.035 -0.055 -0.04514169703 2
0 0.035 -0.045 -0.04779248561 2
0 0.035 -0.035 -0.0499678821 2
0 0.035 -0.025 -0.05167333167 2
0 0.035 -0.015 -0.05289697677 2
0 0.035 -0.005 -0.05365753388 2
0 0.035 0.005 -0.05387260722 2
0 0.035 0.015 -0.05351214914 2
0 0.035 0.025 -0.05244322768 2
0 0.035 0.035 -0.05067544147 2
0 0.035 0.045 -0.04824969023 2
0 0.035 0.055 -0.04524490658 2
0 0.035 0.065 -0.04183029311 2
0 0.035 0.075 -0.03805733914 2
0 0.035 0.085 -0.03400508446 2
0 0.035 0.095 -0.02968148916 2
0 0.035 0.105 -0.02511526554 2
0 0.035 0.115 -0.02034990284 2
0 0.035 0.125 -0.01545023609 2
0 0.035 0.135 -0.01050707146 2
0 0.035 0.145 -0.005612856699 2
0 0.035 0.155 -0.0007788334451 2
0 0.035 0.165 0.003847059229 2
0 0.035 0.175 0.008139657315 2
0 0.035 0.185 0.01212171103 1
0 0.035 0.195 0.01588250637 1
0 0.035 0.205 0.01933491533 1
0 0.035 0.215 0.02239326147 1
0 0.035 0.225 0.02506580462 1
0 0.035 0.235 0.02733722748 1
0 0.035 0.245 0.02958985795 1
0 0.035 0.255 0.03201991411 1
0 0.035 0.265 0.03475399741 1
0 0.035 0.275 0.03736517722 2
0 0.035 0.285 0.03900994174 2
0 0.035 0.295 0.03977610103 2
0 0.035 0.305 0.03963919994 2
0 0.035 0.315 0.03890501322 2
0 0.035 0.325 0.03758055152 2
0 0.035 0.335 0.03564035075 2
0 0.035 0.345 0.03269298863 2
0 0.035 0.355 0.02891257417 2
0 0.035 0.365 0.02432594921 1
0 0.035 0.375 0.02000903434 1
0 0.035 0.385 0.01684607587 1
0 0.035 0.395 0.01299733614 1
0 0.035 0.405 0.007632009273 1
0 0.035 0.415 0.003010725802 1
0 0.035 0.425 0 1
0 0.035 0.435 0 1
0 0.035 0.445 0 2
0 0.035 0.455 0 2
0 0.035 0.465 0 2
0 0.045 -0.455 0 1
0 0.045 -0.445 0 1
0 0.045 -0.435 0 2
0 0.045 -0.425 0 2
0 0.045 -0.415 0.00433387225 2
0 0.045 -0.405 0.0109098772 2
0 0.045 -0.395 0.0180656521 2
0 0.045 -0.385 0.02220478739 2
0 0.045 -0.375 0.02387786088 2
0 0.045 -0.365 0.02617978923 2
0 0.045 -0.355 0.02798864275 2
0 0.045 -0.345 0.02957425473 2
0 0.045 -0.335 0.03081438961 2
0 0.045 -0.325 0.03171209153 2
0 0.045 -0.315 0.03230164559 2
0 0.045 -0.305 0.03242146085 2
0 0.045 -0.295 0.03207278112 2
0 0.045 -0.285 0.03100660908 2
0 0.045 -0.275 0.02933663123 2
0 0.045 -0.265 0.02695410652 1
0 0.045 -0.255 0.02485527709 1
0 0.045 -0.245 0.02284702609 1
0 0.045 -0.235 0.02118553013 1
0 0.045 -0.225 0.01957282092 1
0 0.045 -0.215 0.01809648303 1
0 0.045 -0.205 0.01641247242 1
0 0.045 -0.195 0.01427058372 2
0 0.045 -0.185 0.01140134437 2
0 0.045 -0.175 0.007805988289 2
0 0.045 -0.165 0.003540267758 2
0 0.045 -0.155 -0.001181181244 2
0 0.045 -0.145 -0.006008801251 2
0 0.045 -0.135 -0.01077691473 2
0 0.045 -0.125 -0.01540707178 2
0 0.045 -0.115 -0.01988000811 2
0 0.045 -0.105 -0.02415221718 2
0 0.045 -0.095 -0.028190646 2
0 0.045 -0.085 -0.03196159027 2
0 0.045 -0.075 -0.03543299346 2
0 0.045 -0.065 -0.03857397253 2
0 0.045 -0.055 -0.04135201677 2
0 0.045 -0.045 -0.04374063052 2
0 0.045 -0.035 -0.0457126497 2
0 0.045 -0.025 -0.04725173356 2
0 0.045 -0.015 -0.04833344117 2
0 0.045 -0.005 -0.0489426839 2
0 0.045 0.005 -0.0490409224 2
0 0.045 0.015 -0.04861030219 2
0 0.045 0.025 -0.04761186707 2
0 0.045 0.035 -0.0460517717 2
0 0.045 0.045 -0.0439556072 2
0 0.045 0.055 -0.04136957797 2
0 0.045 0.065 -0.03837085471 2
0 0.045 0.075 -0.03501171798 2
0 0.045 0.085 -0.03135161881 2
0 0.045 0.095 -0.02743209767 2
0 0.045 0.105 -0.02329945755 2
0 0.045 0.115 -0.01900466714 2
0 0.045 0.125 -0.01461296896 2
0 0.045 0.135 -0.0102178085 2
0 0.045 0.145 -0.005912752969 2
0 0.045 0.155 -0.001656222799 2
0 0.045 0.165 0.002493933733 2
0 0.045 0.175 0.006489042998 2
0 0.045 0.185 0.01020220388 1
0 0.045 0.195 0.01377080846 1
0 0.045 0.205 0.0170894315 1
0 0.045 0.215 0.01999050973 1
0 0.045 0.225 0.02246947997 1
0 0.045 0.235 0.0244887735 1
0 0.045 0.245 0.02626731616 1
0 0.045 0.255 0.02810342454 1
0 0.045 0.265 0.03016825243 1
0 0.045 0.275 0.03263176076 2
0 0.045 0.285 0.03442982792 2
0 0.045 0.295 0.03552114077 2
0 0.045 0.305 0.03574200543 2
0 0.045 0.315 0.03536782886 2
0 0.045 0.325 0.03449908152 2
0 0.045 0.335 0.03312990256 2
0 0.045 0.345 0.0309357976 2
0 0.045 0.355 0.02779960348 2
0 0.045 0.365 0.02393201126 1
0 0.045 0.375 0.01972511981 1
0 0.045 0.385 0.01642294415 1
0 0.045 0.395 0.01239564489 1
0 0.045 0.405 0.007131464868 1
0 0.045 0.415 0.002793724497 1
0 0.045 0.425 0 1
0 0.045 0.435 0 1
0 0.045 0.445 0 2
0 0.045 0.455 0 2
0 0.045 0.465 0 2
0 0.055 -0.455 0 1
0 0.055 -0.445 0 2
0 0.055 -0.435 0 2
0 0.055 -0.425 0 2
0 0.055 -0.415 0.004232332217 2
0 0.055 -0.405 0.01062737562 2
0 0.055 -0.395 0.01732837208 2
0 0.055 -0.385 0.02092911336 2
0 0.055 -0.375 0.02193455947 2
0 0.055 -0.365 0.02360327864 2
0 0.055 -0.355 0.02489470951 2
0 0.055 -0.345 0.02612807398 2
0 0.055 -0.335 0.02716198994 2
0 0.055 -0.325 0.02798131262 2
0 0.055 -0.315 0.02849845373 2
0 0.055 -0.305 0.02860936753 2
0 0.055 -0.295 0.02828194624 2
0 0.055 -0.285 0.02731787039 2
0 0.055 -0.275 0.02588010523 2
0 0.055 -0.265 0.02385677585 1
0 0.055 -0.255 0.02210461638 1
0 0.055 -0.245 0.02018502095 1
0 0.055 -0.235 0.01837807279 1
0 0.055 -0.225 0.01639843126 1
0 0.055 -0.215 0.01467214694 1
0 0.055 -0.205 0.01291789072 1
0 0.055 -0.195 0.01098778011 1
0 0.055 -0.185 0.008608093366 2
0 0.055 -0.175 0.005533418452 2
0 0.055 -0.165 0.001936749045 2
0 0.055 -0.155 -0.002178704482 2
0 0.055 -0.145 -0.006491286939 2
0 0.055 -0.135 -0.01079855194 2
0 0.055 -0.125 -0.01495944804 2
0 0.055 -0.115 -0.01897882809 2
0 0.055 -0.105 -0.02281542273 2
0 0.055 -0.095 -0.02644232543 2
0 0.055 -0.085 -0.02983023741 2
0 0.055 -0.075 -0.03295156453 2
0 0.055 -0.065 -0.0357797329 2
0 0.055 -0.055 -0.03828766732 2
0 0.055 -0.045 -0.04045037433 2
0 0.055 -0.035 -0.04224262291 2
0 0.055 -0.025 -0.04364294809 2
0 0.055 -0.015 -0.04462701573 2
0 0.055 -0.005 -0.04517281965 2
0 0.055 0.005 -0.04525204781 2
0 0.055 0.015 -0.04484639649 2
0 0.055 0.025 -0.04393896362 2
0 0.055 0.035 -0.04253524117 2
0 0.055 0.045 -0.04065572534 2
0 0.055 0.055 -0.03833544911 2
0 0.055 0.065 -0.03562509988 2
0 0.055 0.075 -0.03257240246 2
0 0.055 0.085 -0.02922867224 2
0 0.055 0.095 -0.02563967619 2
0 0.055 0.105 -0.02185363571 2
0 0.055 0.115 -0.01792364581 2
0 0.055 0.125 -0.01391367739 2
0 0.055 0.135 -0.009905419636 2
0 0.055 0.145 -0.006000363676 2
0 0.055 0.155 -0.002150466053 2
0 0.055 0.165 0.00171369387 2
0 0.055 0.175 0.005533572867 2
0 0.055 0.185 0.009114712174 1
0 0.055 0.195 0.012357765 1
0 0.055 0.205 0.015409077 1
0 0.055 0.215 0.01813024928 1
0 0.055 0.225 0.02048903694 1
0 0.055 0.235 0.02243023204 1
0 0.055 0.245 0.02407059064 1
0 0.055 0.255 0.02568357638 1
0 0.055 0.265 0.02745152227 1
0 0.055 0.275 0.02946030341 2
0 0.055 0.285 0.03128301999 2
0 0.055 0.295 0.03240508142 2
0 0.055 0.305 0.03279699432 2
0 0.055 0.315 0.03260502858 2
0 0.055 0.325 0.03200886296 2
0 0.055 0.335 0.03102033381 2
0 0.055 0.345 0.02945718622 2
0 0.055 0.355 0.02698888719 2
0 0.055 0.365 0.02390287099 2
0 0.055 0.375 0.02002336067 1
0 0.055 0.385 0.01646095574 1
0 0.055 0.395 0.01209119581 1
0 0.055 0.405 0.006698770452 1
0 0.055 0.415 0.002565765246 1
0 0.055 0.425 0 1
0 0.055 0.435 0 2
0 0.055 0.445 0 2
0 0.055 0.455 0 2
0 0.055 0.465 0 2
0 0.065 -0.455 0 2
0 0.065 -0.445 0 2
0 0.065 -0.435 0 2
0 0.065 -0.425 0 2
0 0.065 -0.415 0.004095739908 2
0 0.065 -0.405 0.01021025606 2
0 0.065 -0.395 0.0162709463 2
0 0.065 -0.385 0.01908521587 2
0 0.065 -0.375 0.01923722452 2
0 0.065 -0.365 0.02020269208 2
0 0.065 -0.355 0.02101558718 2
0 0.065 -0.345 0.02198963674 2
0 0.065 -0.335 0.02299843937 2
0 0.065 -0.325 0.02405749964 2
0 0.065 -0.315 0.02479347818 2
0 0.065 -0.305 0.02518218781 2
0 0.065 -0.295 0.02511223159 2
0 0.065 -0.285 0.0245258696 2
0 0.065 -0.275 0.02347747091 2
0 0.065 -0.265 0.02190286689 1
0 0.065 -0.255 0.02032119316 1
0 0.065 -0.245 0.01851775442 1
0 0.065 -0.235 0.01663893833 1
0 0.065 -0.225 0.01455636841 1
0 0.065 -0.215 0.01255538749 1
0 0.065 -0.205 0.01060836695 1
0 0.065 -0.195 0.008541888341 1
0 0.065 -0.185 0.006285795684 2
0 0.065 -0.175 0.003478619691 2
0 0.065 -0.165 0.0003318444186 2
0 0.065 -0.155 -0.003238149525 2
0 0.065 -0.145 -0.007056713218 2
0 0.065 -0.135 -0.01090616941 2
0 0.065 -0.125 -0.01460919691 2
0 0.065 -0.115 -0.01818559108 2
0 0.065 -0.105 -0.02159754618 2
0 0.065 -0.095 -0.02482328799 2
0 0.065 -0.085 -0.02783970256 2
0 0.065 -0.075 -0.03062453311 2
0 0.065 -0.065 -0.03315665254 2
0 0.065 -0.055 -0.03541240973 2
0 0.065 -0.045 -0.03736765769 2
0 0.065 -0.035 -0.03899598383 2
0 0.065 -0.025 -0.04027146559 2
0 0.065 -0.015 -0.04116766985 2
0 0.065 -0.005 -0.04166086126 2
0 0.065 0.005 -0.04172896196 2
0 0.065 0.015 -0.04135751644 2
0 0.065 0.025 -0.04053842029 2
0 0.065 0.035 -0.03927667396 2
0 0.065 0.045 -0.03758856193 2
0 0.065 0.055 -0.03550107324 2
0 0.065 0.065 -0.03305100144 2
0 0.065 0.075 -0.03027833631 2
0 0.065 0.085 -0.02722692472 2
0 0.065 0.095 -0.02394122606 2
0 0.065 0.105 -0.02046868556 2
0 0.065 0.115 -0.01686069002 2
0 0.065 0.125 -0.01317660392 2
0 0.065 0.135 -0.009478020707 2
0 0.065 0.145 -0.005866435069 2
0 0.065 0.155 -0.002293838996 2
0 0.065 0.165 0.001350854382 2
0 0.065 0.175 0.005003663819 2
0 0.065 0.185 0.008573866512 2
0 0.065 0.195 0.01178800649 1
0 0.065 0.205 0.01459456541 1
0 0.065 0.215 0.01706375177 1
0 0.065 0.225 0.01912774817 1
0 0.065 0.235 0.02089234988 1
0 0.065 0.245 0.02240569035 1
0 0.065 0.255 0.0239194974 1
0 0.065 0.265 0.02561980738 1
0 0.065 0.275 0.02740569717 1
0 0.065 0.285 0.02901701863 2
0 0.065 0.295 0.02993150952 2
0 0.065 0.305 0.03025858283 2
0 0.065 0.315 0.03009259048 2
0 0.065 0.325 0.02959638736 2
0 0.065 0.335 0.02882827619 2
0 0.065 0.345 0.02776271436 2
0 0.065 0.355 0.02602579367 2
0 0.065 0.365 0.02361784483 2
0 0.065 0.375 0.02029682388 2
0 0.065 0.385 0.01669188507 1
0 0.065 0.395 0.01206376822 1
0 0.065 0.405 0.006457687894 1
0 0.065 0.415 0.002431896281 1
0 0.065 0.425 0 1
0 0.065 0.435 0 2
0 0.065 0.445 0 2
0 0.065 0.455 0 2
0 0.065 0.465 0 2
0 0.075 -0.455 0 2
0 0.075 -0.445 0 2
0 0.075 -0.435 0 2
0 0.075 -0.425 0 2
0 0.075 -0.415 0.003816693326 2
0 0.075 -0.405 0.009437676121 2
0 0.075 -0.395 0.01465787805 2
0 0.075 -0.385 0.01671244989 2
0 0.075 -0.375 0.01620767869 2
0 0.075 -0.365 0.01663097643 1
0 0.075 -0.355 0.01704765934 1
0 0.075 -0.345 0.01782217877 1
0 0.075 -0.335 0.01889049863 1
0 0.075 -0.325 0.02021367155 2
0 0.075 -0.315 0.0214344259 2
0 0.075 -0.305 0.02225865506 2
0 0.075 -0.295 0.02263185754 2
0 0.075 -0.285 0.02251531555 2
0 0.075 -0.275 0.0218128272 2
0 0.075 -0.265 0.02070663235 1
0 0.075 -0.255 0.0190269341 1
0 0.075 -0.245 0.01730374507 1
0 0.075 -0.235 0.01535060685 1
0 0.075 -0.225 0.01329055534 1
0 0.075 -0.215 0.01118184576 1
0 0.075 -0.205 0.009092816583 1
0 0.075 -0.195 0.006885805382 1
0 0.075 -0.185 0.004481001498 1
0 0.075 -0.175 0.001767111023 2
0 0.075 -0.165 -0.001186833545 2
0 0.075 -0.155 -0.004361176227 2
0 0.075 -0.145 -0.007724024105 2
0 0.075 -0.135 -0.01112960205 2
0 0.075 -0.125 -0.01440319044 2
0 0.075 -0.115 -0.01756200458 2
0 0.075 -0.105 -0.02057315661 2
0 0.075 -0.095 -0.02341731372 2
0 0.075 -0.085 -0.02608033615 2
0 0.075 -0.075 -0.02854604533 2
0 0.075 -0.065 -0.03080211635 2
0 0.075 -0.055 -0.03282823743 2
0 0.075 -0.045 -0.03460146402 2
0 0.075 -0.035 -0.03609207731 2
0 0.075 -0.025 -0.03726973523 2
0 0.075 -0.015 -0.03810501389 2
0 0.075 -0.005 -0.03857231998 2
0 0.075 0.005 -0.03865076855 2
0 0.075 0.015 -0.03832669768 2
0 0.075 0.025 -0.03759428082 2
0 0.075 0.035 -0.03645768435 2
0 0.075 0.045 -0.03493045806 2
0 0.075 0.055 -0.03303482162 2
0 0.075 0.065 -0.0308005992 2
0 0.075 0.075 -0.0282623872 2
0 0.075 0.085 -0.02545881905 2
0 0.075 0.095 -0.02243091334 2
0 0.075 0.105 -0.01922258817 2
0 0.075 0.115 -0.01588019181 2
0 0.075 0.125 -0.01245601917 2
0 0.075 0.135 -0.008993523071 2
0 0.075 0.145 -0.005578313817 2
0 0.075 0.155 -0.002185087522 2
0 0.075 0.165 0.001282687637 2
0 0.075 0.175 0.004845362659 2
0 0.075 0.185 0.008437115002 2
0 0.075 0.195 0.01182529065 2
0 0.075 0.205 0.01470681831 1
0 0.075 0.215 0.01722665464 1
0 0.075 0.225 0.01913442742 1
0 0.075 0.235 0.02086203418 1
0 0.075 0.245 0.02236327824 1
0 0.075 0.255 0.02382888766 1
0 0.075 0.265 0.0252625123 1
0 0.075 0.275 0.02674486727 2
0 0.075 0.285 0.02777449096 2
0 0.075 0.295 0.02831310992 2
0 0.075 0.305 0.02830256686 2
0 0.075 0.315 0.02794282073 2
0 0.075 0.325 0.02737152126 2
0 0.075 0.335 0.02665610403 2
0 0.075 0.345 0.02582235342 2
0 0.075 0.355 0.02464420751 2
0 0.075 0.365 0.02288881271 2
0 0.075 0.375 0.02019646226 2
0 0.075 0.385 0.0168983448 2
0 0.075 0.395 0.01232125447 1
0 0.075 0.405 0.006520259997 1
0 0.075 0.415 0.002458790485 1
0 0.075 0.425 0 2
0 0.075 0.435 0 2
0 0.075 0.445 0 2
0 0.075 0.455 0 2
0 0.075 0.465 0 2
0 0.085 -0.455 0 1
0 0.085 -0.445 0 1
0 0.085 -0.435 0 1
0 0.085 -0.425 0 1
0 0.085 -0.415 0.003329815066 1
0 0.085 -0.405 0.008156057769 1
0 0.085 -0.395 0.012449238 1
0 0.085 -0.385 0.01408218805 2
0 0.085 -0.375 0.01342141377 1
0 0.085 -0.365 0.01368074981 1
0 0.085 -0.355 0.01400292935 1
0 0.085 -0.345 0.01474053924 1
0 0.085 -0.335 0.01585513765 1
0 0.085 -0.325 0.01717581311 1
0 0.085 -0.315 0.01870397639 2
0 0.085 -0.305 0.01987077702 2
0 0.085 -0.295 0.02072771554 2
0 0.085 -0.285 0.02112968238 2
0 0.085 -0.275 0.02081442884 2
0 0.085 -0.265 0.02012086277 2
0 0.085 -0.255 0.01838833071 1
0 0.085 -0.245 0.0166001333 1
0 0.085 -0.235 0.01448807001 1
0 0.085 -0.225 0.01232144259 1
0 0.085 -0.215 0.01019209123 1
0 0.085 -0.205 0.007995135242 1
0 0.085 -0.195 0.005659730554 1
0 0.085 -0.185 0.003050144917 1
0 0.085 -0.175 0.0003142213594 2
0 0.085 -0.165 -0.00258715712 2
0 0.085 -0.155 -0.005514020779 2
0 0.085 -0.145 -0.008470579659 2
0 0.085 -0.135 -0.01142738587 2
0 0.085 -0.125 -0.01428696163 2
0 0.085 -0.115 -0.01704296749 2
0 0.085 -0.105 -0.01967031876 2
0 0.085 -0.095 -0.02214362495 2
0 0.085 -0.085 -0.02446293386 2
0 0.085 -0.075 -0.02661912375 2
0 0.085 -0.065 -0.02861550801 2
0 0.085 -0.055 -0.03043259688 2
0 0.085 -0.045 -0.03204917244 2
0 0.085 -0.035 -0.0334289059 2
0 0.085 -0.025 -0.0345351447 2
0 0.085 -0.015 -0.03533322549 2
0 0.085 -0.005 -0.03579429937 2
0 0.085 0.005 -0.03589678019 2
0 0.085 0.015 -0.03562667682 2
0 0.085 0.025 -0.03497859277 2
0 0.085 0.035 -0.03395585595 2
0 0.085 0.045 -0.03257013626 2
0 0.085 0.055 -0.03084055143 2
0 0.085 0.065 -0.02879265751 2
0 0.085 0.075 -0.02645686293 2
0 0.085 0.085 -0.02386749618 2
0 0.085 0.095 -0.02106165098 2
0 0.085 0.105 -0.0180789644 2
0 0.085 0.115 -0.01496020521 2
0 0.085 0.125 -0.01174960231 2
0 0.085 0.135 -0.008483527002 2
0 0.085 0.145 -0.005214754145 2
0 0.085 0.155 -0.00194211013 2
0 0.085 0.165 0.001386795536 2
0 0.085 0.175 0.004869704378 2
0 0.085 0.185 0.008493333199 2
0 0.085 0.195 0.01207011921 2
0 0.085 0.205 0.01525043903 2
0 0.085 0.215 0.01799134906 2
0 0.085 0.225 0.02018619684 1
0 0.085 0.235 0.02209613228 1
0 0.085 0.245 0.02362907139 1
0 0.085 0.255 0.02493292844 1
0 0.085 0.265 0.02598480753 1
0 0.085 0.275 0.02680343441 2
0 0.085 0.285 0.02711733676 2
0 0.085 0.295 0.02706101512 2
0 0.085 0.305 0.02660581237 2
0 0.085 0.315 0.02595721925 2
0 0.085 0.325 0.02517379836 2
0 0.085 0.335 0.02433913387 2
0 0.085 0.345 0.02351942153 2
0 0.085 0.355 0.02263391179 2
0 0.085 0.365 0.02149792056 2
0 0.085 0.375 0.01960287521 2
0 0.085 0.385 0.01701325797 2
0 0.085 0.395 0.01290633908 2
0 0.085 0.405 0.00702821229 2
0 0.085 0.415 0.002719056454 2
0 0.085 0.425 0 2
0 0.085 0.435 0 2
0 0.085 0.445 0 2
0 0.085 0.455 0 2
0 0.085 0.465 0 2
0 0.095 -0.455 0 1
0 0.095 -0.445 0 1
0 0.095 -0.435 0 1
0 0.095 -0.425 0 1
0 0.095 -0.415 0.002703485632 1
0 0.095 -0.405 0.006581581986 1
0 0.095 -0.395 0.0101236461 1
0 0.095 -0.385 0.01160175192 1
0 0.095 -0.375 0.0112935182 1
0 0.095 -0.365 0.01178971757 1
0 0.095 -0.355 0.01231677999 1
0 0.095 -0.345 0.01314139477 1
0 0.095 -0.335 0.01414347551 1
0 0.095 -0.325 0.01526417096 1
0 0.095 -0.315 0.0167225049 2
0 0.095 -0.305 0.0181734872 2
0 0.095 -0.295 0.01934173521 2
0 0.095 -0.285 0.02013834394 2
0 0.095 -0.275 0.02028270679 2
0 0.095 -0.265 0.01991340645 2
0 0.095 -0.255 0.01852149651 1
0 0.095 -0.245 0.01653869533 1
0 0.095 -0.235 0.01423673312 1
0 0.095 -0.225 0.01183030722 1
0 0.095 -0.215 0.009532091759 1
0 0.095 -0.205 0.007163303886 1
0 0.095 -0.195 0.004639706668 1
0 0.095 -0.185 0.001841633245 1
0 0.095 -0.175 -0.001058039788 2
0 0.095 -0.165 -0.00396800698 2
0 0.095 -0.155 -0.006706715586 2
0 0.095 -0.145 -0.009299345393 2
0 0.095 -0.135 -0.01182440181 2
0 0.095 -0.125 -0.01431445056 2
0 0.095 -0.115 -0.01670137663 2
0 0.095 -0.105 -0.01895737196 2
0 0.095 -0.095 -0.02103811331 2
0 0.095 -0.085 -0.02298436081 2
0 0.095 -0.075 -0.02479149354 2
0 0.095 -0.065 -0.02652893545 2
0 0.095 -0.055 -0.02816621567 2
0 0.095 -0.045 -0.02967018332 2
0 0.095 -0.035 -0.03098008333 2
0 0.095 -0.025 -0.03204618113 2
0 0.095 -0.015 -0.03283456458 2
0 0.095 -0.005 -0.03331131156 2
0 0.095 0.005 -0.03345257837 2
0 0.095 0.015 -0.03324312969 2
0 0.095 0.025 -0.0326776929 2
0 0.095 0.035 -0.03175915618 2
0 0.095 0.045 -0.03049817128 2
0 0.095 0.055 -0.02891204455 2
0 0.095 0.065 -0.02702372665 2
0 0.095 0.075 -0.02486064237 2
0 0.095 0.085 -0.0224537678 2
0 0.095 0.095 -0.01983660995 2
0 0.095 0.105 -0.01704462981 2
0 0.095 0.115 -0.01411361223 2
0 0.095 0.125 -0.01108034229 2
0 0.095 0.135 -0.007975869579 2
0 0.095 0.145 -0.004829820536 2
0 0.095 0.155 -0.001653828558 2
0 0.095 0.165 0.001570165418 2
0 0.095 0.175 0.004917919505 2
0 0.095 0.185 0.008419180314 2
0 0.095 0.195 0.01200763481 2
0 0.095 0.205 0.01553375568 2
0 0.095 0.215 0.01866168149 2
0 0.095 0.225 0.02136804291 2
0 0.095 0.235 0.02353349362 2
0 0.095 0.245 0.02522179083 2
0 0.095 0.255 0.02632500701 2
0 0.095 0.265 0.02695378063 2
0 0.095 0.275 0.02696063317 2
0 0.095 0.285 0.02662163369 2
0 0.095 0.295 0.02592867395 2
0 0.095 0.305 0.02505849977 2
0 0.095 0.315 0.02407739178 2
0 0.095 0.325 0.023008644 2
0 0.095 0.335 0.02194119696 2
0 0.095 0.345 0.02098435292 2
0 0.095 0.355 0.02019347791 2
0 0.095 0.365 0.01947671972 2
0 0.095 0.375 0.01835481349 2
0 0.095 0.385 0.01683302772 2
0 0.095 0.395 0.01345422642 2
0 0.095 0.405 0.007623241457 2
0 0.095 0.415 0.003044778762 2
0 0.095 0.425 0 2
0 0.095 0.435 0 2
0 0.095 0.445 0 2
0 0.095 0.455 0 2
0 0.095 0.465 0 2
0 0.105 -0.455 0 1
0 0.105 -0.445 0 1
0 0.105 -0.435 0 1
0 0.105 -0.425 0 1
0 0.105 -0.415 0.002053670112 1
0 0.105 -0.405 0.005017671853 1
0 0.105 -0.395 0.008057827532 1
0 0.105 -0.385 0.009599501475 1
0 0.105 -0.375 0.009901552583 1
0 0.105 -0.365 0.0107569355 1
0 0.105 -0.355 0.01162326299 1
0 0.105 -0.345 0.01257762038 1
0 0.105 -0.335 0.01344138745 1
0 0.105 -0.325 0.01440383499 1
0 0.105 -0.315 0.01556509349 1
0 0.105 -0.305 0.01710621724 2
0 0.105 -0.295 0.01839889038 2
0 0.105 -0.285 0.01945563816 2
0 0.105 -0.275 0.02000334065 2
0 0.105 -0.265 0.01989870243 2
0 0.105 -0.255 0.01901670741 2
0 0.105 -0.245 0.01723086634 1
0 0.105 -0.235 0.01486452498 1
0 0.105 -0.225 0.01223664854 1
0 0.105 -0.215 0.009518375343 1
0 0.105 -0.205 0.00675418749 1
0 0.105 -0.195 0.003849311209 1
0 0.105 -0.185 0.0007946162135 1
0 0.105 -0.175 -0.002346063387 2
0 0.105 -0.165 -0.005297455157 2
0 0.105 -0.155 -0.007885109733 2
0 0.105 -0.145 -0.01012112966 2
0 0.105 -0.135 -0.01219226488 2
0 0.105 -0.125 -0.01426347547 2
0 0.105 -0.115 -0.01626839307 2
0 0.105 -0.105 -0.01817802112 2
0 0.105 -0.095 -0.01990641162 2
0 0.105 -0.085 -0.02153656327 2
0 0.105 -0.075 -0.02301635776 2
0 0.105 -0.065 -0.02452062648 2
0 0.105 -0.055 -0.02599397549 2
0 0.105 -0.045 -0.02741584585 2
0 0.105 -0.035 -0.02869327319 2
0 0.105 -0.025 -0.02975867736 2
0 0.105 -0.015 -0.03057120952 2
0 0.105 -0.005 -0.03108572164 2
0 0.105 0.005 -0.03128013428 2
0 0.105 0.015 -0.03113756908 2
0 0.105 0.025 -0.03065332441 2
0 0.105 0.035 -0.02983077838 2
0 0.105 0.045 -0.02868052808 2
0 0.105 0.055 -0.02721913851 2
0 0.105 0.065 -0.02546809535 2
0 0.105 0.075 -0.02345278145 2
0 0.105 0.085 -0.02120162541 2
0 0.105 0.095 -0.01874517131 2
0 0.105 0.105 -0.01611533691 2
0 0.105 0.115 -0.0133440156 2
0 0.105 0.125 -0.0104624015 2
0 0.105 0.135 -0.00749762492 2
0 0.105 0.145 -0.004469576319 2
0 0.105 0.155 -0.0013913377 2
0 0.105 0.165 0.001730473842 2
0 0.105 0.175 0.004938991749 2
0 0.105 0.185 0.008242052861 2
0 0.105 0.195 0.01162181692 2
0 0.105 0.205 0.01508937543 2
0 0.105 0.215 0.01834309015 2
0 0.105 0.225 0.0213428344 2
0 0.105 0.235 0.0237358796 2
0 0.105 0.245 0.02553568531 2
0 0.105 0.255 0.02651257488 2
0 0.105 0.265 0.0268402787 2
0 0.105 0.275 0.02639582996 2
0 0.105 0.285 0.02567958214 2
0 0.105 0.295 0.02465612396 2
0 0.105 0.305 0.02352749288 2
0 0.105 0.315 0.02225360364 2
0 0.105 0.325 0.02090610602 2
0 0.105 0.335 0.01957992986 2
0 0.105 0.345 0.01841429735 2
0 0.105 0.355 0.01750846474 2
0 0.105 0.365 0.01693972754 2
0 0.105 0.375 0.0163255159 2
0 0.105 0.385 0.01596078994 2
0 0.105 0.395 0.0135127075 2
0 0.105 0.405 0.008114667763 2
0 0.105 0.415 0.003312546681 2
0 0.105 0.425 0 2
0 0.105 0.435 0 2
0 0.105 0.445 0 2
0 0.105 0.455 0 2
0 0.105 0.465 0 2
0 0.115 -0.455 0 1
0 0.115 -0.445 0 1
0 0.115 -0.435 0 1
0 0.115 -0.425 0 1
0 0.115 -0.415 0.001422517695 1
0 0.115 -0.405 0.003629670063 1
0 0.115 -0.395 0.006292694027 1
0 0.115 -0.385 0.008071338533 1
0 0.115 -0.375 0.009125168345 1
0 0.115 -0.365 0.01034871063 1
0 0.115 -0.355 0.01144793266 1
0 0.115 -0.345 0.0124173127 1
0 0.115 -0.335 0.01319167018 1
0 0.115 -0.325 0.01408290313 1
0 0.115 -0.315 0.01511358317 1
0 0.115 -0.305 0.01659840826 2
0 0.115 -0.295 0.01790313814 2
0 0.115 -0.285 0.01902607924 2
0 0.115 -0.275 0.01977680551 2
0 0.115 -0.265 0.01999353092 2
0 0.115 -0.255 0.01951384664 2
0 0.115 -0.245 0.01816650342 2
0 0.115 -0.235 0.01599527232 1
0 0.115 -0.225 0.01337812163 1
0 0.115 -0.215 0.01025940908 1
0 0.115 -0.205 0.007030076659 1
0 0.115 -0.195 0.003620942253 1
0 0.115 -0.185 0.0001875048285 1
0 0.115 -0.175 -0.003290359765 2
0 0.115 -0.165 -0.006349444851 2
0 0.115 -0.155 -0.008765600143 2
0 0.115 -0.145 -0.01058048836 2
0 0.115 -0.135 -0.01222442057 2
0 0.115 -0.125 -0.01385950419 2
0 0.115 -0.115 -0.01538018257 2
0 0.115 -0.105 -0.01687076612 2
0 0.115 -0.095 -0.01830793231 2
0 0.115 -0.085 -0.01976498174 2
0 0.115 -0.075 -0.02111354233 2
0 0.115 -0.065 -0.02249524423 2
0 0.115 -0.055 -0.02386937368 2
0 0.115 -0.045 -0.02525161472 2
0 0.115 -0.035 -0.02653711539 2
0 0.115 -0.025 -0.0276436935 2
0 0.115 -0.015 -0.02851997387 2
0 0.115 -0.005 -0.02909830012 2
0 0.115 0.005 -0.02935965659 2
0 0.115 0.015 -0.02928962015 2
0 0.115 0.025 -0.02888469262 2
0 0.115 0.035 -0.02815012126 2
0 0.115 0.045 -0.02709768713 2
0 0.115 0.055 -0.02574420106 2
0 0.115 0.065 -0.02411062375 2
0 0.115 0.075 -0.02222111183 2
0 0.115 0.085 -0.0201022978 2
0 0.115 0.095 -0.01778248746 2
0 0.115 0.105 -0.01529090756 2
0 0.115 0.115 -0.01265660738 2
0 0.115 0.125 -0.009907383428 2
0 0.115 0.135 -0.00706803074 2
0 0.115 0.145 -0.004159001588 2
0 0.115 0.155 -0.001191749902 2
0 0.115 0.165 0.001820422414 2
0 0.115 0.175 0.004883130328 2
0 0.115 0.185 0.007991025849 2
0 0.115 0.195 0.01113258574 2
0 0.115 0.205 0.01430137811 2
0 0.115 0.215 0.01733353205 2
0 0.115 0.225 0.02017328838 2
0 0.115 0.235 0.02250113819 2
0 0.115 0.245 0.02422578587 2
0 0.115 0.255 0.02517021906 2
0 0.115 0.265 0.02544732969 2
0 0.115 0.275 0.02503824536 2
0 0.115 0.285 0.02429326128 2
0 0.115 0.295 0.02324335478 2
0 0.115 0.305 0.02200341926 2
0 0.115 0.315 0.0205421742 2
0 0.115 0.325 0.01896432343 2
0 0.115 0.335 0.01738527066 2
0 0.115 0.345 0.01601744317 2
0 0.115 0.355 0.01484946289 2
0 0.115 0.365 0.01422186467 2
0 0.115 0.375 0.01384756064 2
0 0.115 0.385 0.01435881528 2
0 0.115 0.395 0.0127101579 2
0 0.115 0.405 0.008113760361 2
0 0.115 0.415 0.003358151182 2
0 0.115 0.425 0 2
0 0.115 0.435 0 2
0 0.115 0.445 0 2
0 0.115 0.455 0 2
0 0.115 0.465 0 2
0 0.125 -0.455 0 1
0 0.125 -0.445 0 1
0 0.125 -0.435 0 1
0 0.125 -0.425 0 1
0 0.125 -0.415 0.0007530244107 1
0 0.125 -0.405 0.002223664792 1
0 0.125 -0.395 0.004566653779 1
0 0.125 -0.385 0.006736077978 1
0 0.125 -0.375 0.008638138543 1
0 0.125 -0.365 0.01018081652 1
0 0.125 -0.355 0.01137737884 1
0 0.125 -0.345 0.01230243574 1
0 0.125 -0.335 0.01303147497 1
0 0.125 -0.325 0.01391372627 1
0 0.125 -0.315 0.01502432585 1
0 0.125 -0.305 0.01645596077 2
0 0.125 -0.295 0.01772801738 2
0 0.125 -0.285 0.01875723497 2
0 0.125 -0.275 0.01946684991 2
0 0.125 -0.265 0.01984330828 2
0 0.125 -0.255 0.01966831212 2
0 0.125 -0.245 0.01875282736 2
0 0.125 -0.235 0.01700320036 2
0 0.125 -0.225 0.01454397226 2
0 0.125 -0.215 0.01138231533 1
0 0.125 -0.205 0.007834649545 1
0 0.125 -0.195 0.003938178634 1
0 0.125 -0.185 2.635196437e-05 2
0 0.125 -0.175 -0.00373949376 2
0 0.125 -0.165 -0.006791383524 2
0 0.125 -0.155 -0.008973303543 2
0 0.125 -0.145 -0.01039843637 2
0 0.125 -0.135 -0.01161778341 2
0 0.125 -0.125 -0.01278849759 2
0 0.125 -0.115 -0.01381468879 2
0 0.125 -0.105 -0.01490402117 2
0 0.125 -0.095 -0.01611105872 2
0 0.125 -0.085 -0.01742523033 2
0 0.125 -0.075 -0.01883328506 2
0 0.125 -0.065 -0.0202712345 2
0 0.125 -0.055 -0.02174042174 2
0 0.125 -0.045 -0.02316575875 2
0 0.125 -0.035 -0.02451672615 2
0 0.125 -0.025 -0.02570010209 2
0 0.125 -0.015 -0.0266694633 2
0 0.125 -0.005 -0.02733746864 2
0 0.125 0.005 -0.02767786401 2
0 0.125 0.015 -0.02768303598 2
0 0.125 0.025 -0.0273537121 2
0 0.125 0.035 -0.02669822661 2
0 0.125 0.045 -0.0257308899 2
0 0.125 0.055 -0.02446963998 2
0 0.125 0.065 -0.02293566859 2
0 0.125 0.075 -0.02115256178 2
0 0.125 0.085 -0.01914578783 2
0 0.125 0.095 -0.01694207849 2
0 0.125 0.105 -0.01456879476 2
0 0.125 0.115 -0.01205311261 2
0 0.125 0.125 -0.009421131195 2
0 0.125 0.135 -0.006696770354 2
0 0.125 0.145 -0.003901458612 2
0 0.125 0.155 -0.001052123433 2
0 0.125 0.165 0.001836569717 2
0 0.125 0.175 0.004750382186 2
0 0.125 0.185 0.007667991699 2
0 0.125 0.195 0.0105658977 2
0 0.125 0.205 0.01341823675 2
0 0.125 0.215 0.01612913028 2
0 0.125 0.225 0.01861867729 2
0 0.125 0.235 0.02070552417 2
0 0.125 0.245 0.02228756729 2
0 0.125 0.255 0.02324359948 2
0 0.125 0.265 0.02361159369 2
0 0.125 0.275 0.02342030699 2
0 0.125 0.285 0.02282714106 2
0 0.125 0.295 0.02188362575 2
0 0.125 0.305 0.02061589546 2
0 0.125 0.315 0.019064559 2
0 0.125 0.325 0.01732889091 2
0 0.125 0.335 0.01549373654 2
0 0.125 0.345 0.013798172 2
0 0.125 0.355 0.0123690911 1
0 0.125 0.365 0.01164610293 1
0 0.125 0.375 0.01137126578 1
0 0.125 0.385 0.01239450042 1
0 0.125 0.395 0.01146595589 1
0 0.125 0.405 0.007716665244 2
0 0.125 0.415 0.003218806761 2
0 0.125 0.425 0 2
0 0.125 0.435 0 2
0 0.125 0.445 0 2
0 0.125 0.455 0 2
0 0.125 0.465 0 2
0 0.135 -0.455 0 1
0 0.135 -0.445 0 1
0 0.135 -0.435 0 1
0 0.135 -0.425 0 1
0 0.135 -0.415 8.061496408e-05 1
0 0.135 -0.405 0.0007348669006 1
0 0.135 -0.395 0.002802839635 1
0 0.135 -0.385 0.005350645122 1
0 0.135 -0.375 0.008059793266 1
0 0.135 -0.365 0.009902940318 1
0 0.135 -0.355 0.01124938118 1
0 0.135 -0.345 0.01218774061 1
0 0.135 -0.335 0.01290270115 1
0 0.135 -0.325 0.01381623524 1
0 0.135 -0.315 0.0150573013 1
0 0.135 -0.305 0.01652133594 2
0 0.135 -0.295 0.01775557142 2
0 0.135 -0.285 0.0186259882 2
0 0.135 -0.275 0.01915130924 2
0 0.135 -0.265 0.01940875623 2
0 0.135 -0.255 0.01931173724 2
0 0.135 -0.245 0.01867050564 2
0 0.135 -0.235 0.01733846437 2
0 0.135 -0.225 0.01512014597 2
0 0.135 -0.215 0.01217254746 2
0 0.135 -0.205 0.008585236911 2
0 0.135 -0.195 0.004555960329 2
0 0.135 -0.185 0.0003614928551 2
0 0.135 -0.175 -0.003500093513 2
0 0.135 -0.165 -0.006394437371 2
0 0.135 -0.155 -0.00839694344 2
0 0.135 -0.145 -0.009575163813 2
0 0.135 -0.135 -0.01031256444 1
0 0.135 -0.125 -0.01105717923 2
0 0.135 -0.115 -0.01187905342 2
0 0.135 -0.105 -0.01276885938 1
0 0.135 -0.095 -0.01367786297 1
0 0.135 -0.085 -0.01473225982 1
0 0.135 -0.075 -0.01616386021 2
0 0.135 -0.065 -0.01775496493 2
0 0.135 -0.055 -0.01949667415 2
0 0.135 -0.045 -0.02110096617 2
0 0.135 -0.035 -0.02260757455 2
0 0.135 -0.025 -0.02393665092 2
0 0.135 -0.015 -0.02501992436 2
0 0.135 -0.005 -0.02579995002 2
0 0.135 0.005 -0.026230384 2
0 0.135 0.015 -0.02630877345 2
0 0.135 0.025 -0.02604811794 2
0 0.135 0.035 -0.02546092975 2
0 0.135 0.045 -0.02456526899 2
0 0.135 0.055 -0.02338096679 2
0 0.135 0.065 -0.02192996963 2
0 0.135 0.075 -0.02023574421 2
0 0.135 0.085 -0.01832305571 2
0 0.135 0.095 -0.01621758093 2
0 0.135 0.105 -0.01394547211 2
0 0.135 0.115 -0.01153279597 2
0 0.135 0.125 -0.009004971486 2
0 0.135 0.135 -0.00638607177 2
0 0.135 0.145 -0.00369873034 2
0 0.135 0.155 -0.0009638691559 2
0 0.135 0.165 0.001797991481 2
0 0.135 0.175 0.004565382231 2
0 0.135 0.185 0.007313142653 2
0 0.135 0.195 0.01000480011 2
0 0.135 0.205 0.0125943004 2
0 0.135 0.215 0.01500948133 2
0 0.135 0.225 0.01717726828 2
0 0.135 0.235 0.01899915159 2
0 0.135 0.245 0.02040889318 2
0 0.135 0.255 0.02134991659 2
0 0.135 0.265 0.02182234795 2
0 0.135 0.275 0.02183576418 2
0 0.135 0.285 0.02143584293 2
0 0.135 0.295 0.02065272222 2
0 0.135 0.305 0.01944328874 2
0 0.135 0.315 0.01791139817 2
0 0.135 0.325 0.01614826089 2
0 0.135 0.335 0.01421482126 2
0 0.135 0.345 0.01222389693 2
0 0.135 0.355 0.01074448408 1
0 0.135 0.365 0.009913746424 1
0 0.135 0.375 0.00959652252 1
0 0.135 0.385 0.01052543238 1
0 0.135 0.395 0.009846748165 1
0 0.135 0.405 0.006736433531 2
0 0.135 0.415 0.00283656084 2
0 0.135 0.425 0 2
0 0.135 0.435 0 2
0 0.135 0.445 0 2
0 0.135 0.455 0 2
0 0.135 0.465 0 2
0 0.145 -0.455 0 2
0 0.145 -0.445 0 2
0 0.145 -0.435 0 1
0 0.145 -0.425 0 1
0 0.145 -0.415 -0.0004808976451 1
0 0.145 -0.405 -0.0006122831394 1
0 0.145 -0.395 0.001204763063 1
0 0.145 -0.385 0.003990891928 1
0 0.145 -0.375 0.007269544514 1
0 0.145 -0.365 0.009286180744 1
0 0.145 -0.355 0.01083077412 1
0 0.145 -0.345 0.01189979105 1
0 0.145 -0.335 0.01274950771 1
0 0.145 -0.325 0.0138149601 1
0 0.145 -0.315 0.01520556572 1
0 0.145 -0.305 0.01675158602 2
0 0.145 -0.295 0.01790999652 2
0 0.145 -0.285 0.01856228819 2
0 0.145 -0.275 0.01879912733 2
0 0.145 -0.265 0.01879200802 2
0 0.145 -0.255 0.01856105913 2
0 0.145 -0.245 0.01792734177 2
0 0.145 -0.235 0.01677934204 2
0 0.145 -0.225 0.01485206268 2
0 0.145 -0.215 0.01224122467 2
0 0.145 -0.205 0.008905494876 2
0 0.145 -0.195 0.005025294039 2
0 0.145 -0.185 0.000929093613 2
0 0.145 -0.175 -0.002719181423 2
0 0.145 -0.165 -0.005391208207 2
0 0.145 -0.155 -0.007197196808 1
0 0.145 -0.145 -0.008179177919 1
0 0.145 -0.135 -0.008759586761 1
0 0.145 -0.125 -0.009364592686 1
0 0.145 -0.115 -0.01008286185 1
0 0.145 -0.105 -0.01094334108 1
0 0.145 -0.095 -0.01176587456 1
0 0.145 -0.085 -0.01275755157 1
0 0.145 -0.075 -0.01405491089 1
0 0.145 -0.065 -0.0155015591 1
0 0.145 -0.055 -0.01724492798 2
0 0.145 -0.045 -0.01907568781 2
0 0.145 -0.035 -0.02084099706 2
0 0.145 -0.025 -0.02239047773 2
0 0.145 -0.015 -0.02362090189 2
0 0.145 -0.005 -0.02450467486 2
0 0.145 0.005 -0.02502104953 2
0 0.145 0.015 -0.02516323828 2
0 0.145 0.025 -0.02495892217 2
0 0.145 0.035 -0.02442621997 2
0 0.145 0.045 -0.02358746313 2
0 0.145 0.055 -0.02246473732 2
0 0.145 0.065 -0.0210809177 2
0 0.145 0.075 -0.01945951796 2
0 0.145 0.085 -0.01762483769 2
0 0.145 0.095 -0.01560182489 2
0 0.145 0.105 -0.01341585763 2
0 0.145 0.115 -0.01109239528 2
0 0.145 0.125 -0.008656639996 2
0 0.145 0.135 -0.006133206719 2
0 0.145 0.145 -0.0035460777 2
0 0.145 0.155 -0.0009188621498 2
0 0.145 0.165 0.00172423695 2
0 0.145 0.175 0.004357110803 2
0 0.145 0.185 0.006950122326 2
0 0.145 0.195 0.009466523422 2
0 0.145 0.205 0.01186198398 2
0 0.145 0.215 0.01407958335 2
0 0.145 0.225 0.01605996216 2
0 0.145 0.235 0.01773732784 2
0 0.145 0.245 0.01906072573 2
0 0.145 0.255 0.01999057077 2
0 0.145 0.265 0.02051420562 2
0 0.145 0.275 0.0206309975 2
0 0.145 0.285 0.02035105626 2
0 0.145 0.295 0.01968978512 2
0 0.145 0.305 0.01858042421 2
0 0.145 0.315 0.01715088926 2
0 0.145 0.325 0.01542177075 2
0 0.145 0.335 0.01348881325 2
0 0.145 0.345 0.01139577274 1
0 0.145 0.355 0.009959918768 1
0 0.145 0.365 0.008996828168 1
0 0.145 0.375 0.008489995436 1
0 0.145 0.385 0.008874936553 1
0 0.145 0.395 0.008031308131 1
0 0.145 0.405 0.005418901232 1
0 0.145 0.415 0.002273899166 2
0 0.145 0.425 0 2
0 0.145 0.435 0 2
0 0.145 0.445 0 2
0 0.145 0.455 0 2
0 0.145 0.465 0 2
0 0.155 -0.455 0 2
0 0.155 -0.445 0 2
0 0.155 -0.435 0 2
0 0.155 -0.425 0 2
0 0.155 -0.415 -0.0007867551077 2
0 0.155 -0.405 -0.001392021794 2
0 0.155 -0.395 9.215655601e-05 2
0 0.155 -0.385 0.002850484884 2
0 0.155 -0.375 0.006344370634 2
0 0.155 -0.365 0.008426931736 1
0 0.155 -0.355 0.01011837915 1
0 0.155 -0.345 0.01143929432 1
0 0.155 -0.335 0.01270752711 1
0 0.155 -0.325 0.01410031158 1
0 0.155 -0.315 0.01568704288 1
0 0.155 -0.305 0.01717620249 2
0 0.155 -0.295 0.01816249686 2
0 0.155 -0.285 0.01853921294 2
0 0.155 -0.275 0.01847609268 2
0 0.155 -0.265 0.0181731822 2
0 0.155 -0.255 0.01771609228 2
0 0.155 -0.245 0.01694753685 2
0 0.155 -0.235 0.015790595 2
0 0.155 -0.225 0.01405742735 2
0 0.155 -0.215 0.01173931469 2
0 0.155 -0.205 0.008789420789 2
0 0.155 -0.195 0.005370286489 2
0 0.155 -0.185 0.001805244044 2
0 0.155 -0.175 -0.001421076609 2
0 0.155 -0.165 -0.003943749607 2
0 0.155 -0.155 -0.005721049386 1
0 0.155 -0.145 -0.006788941121 1
0 0.155 -0.135 -0.00752287381 1
0 0.155 -0.125 -0.008229351976 1
0 0.155 -0.115 -0.009035991577 1
0 0.155 -0.105 -0.009984267582 1
0 0.155 -0.095 -0.01087359611 1
0 0.155 -0.085 -0.01184119062 1
0 0.155 -0.075 -0.01289111146 1
0 0.155 -0.065 -0.01406488152 1
0 0.155 -0.055 -0.01555394261 1
0 0.155 -0.045 -0.01739433258 2
0 0.155 -0.035 -0.01938313533 2
0 0.155 -0.025 -0.02110971776 2
0 0.155 -0.015 -0.02249653798 2
0 0.155 -0.005 -0.02346772812 2
0 0.155 0.005 -0.02405450805 2
0 0.155 0.015 -0.0242446592 2
0 0.155 0.025 -0.02407838019 2
0 0.155 0.035 -0.02358291135 2
0 0.155 0.045 -0.02278478168 2
0 0.155 0.055 -0.021708067 2
0 0.155 0.065 -0.02037631629 2
0 0.155 0.075 -0.01881291926 2
0 0.155 0.085 -0.01704170725 2
0 0.155 0.095 -0.01508702762 2
0 0.155 0.105 -0.01297371359 2
0 0.155 0.115 -0.01072688339 2
0 0.155 0.125 -0.0083717339 2
0 0.155 0.135 -0.005933382797 2
0 0.155 0.145 -0.003436909734 2
0 0.155 0.155 -0.0009076400283 2
0 0.155 0.165 0.001628216387 2
0 0.155 0.175 0.004142479973 2
0 0.155 0.185 0.006603824127 2
0 0.155 0.195 0.008976211143 2
0 0.155 0.205 0.01121884591 2
0 0.155 0.215 0.01328542253 2
0 0.155 0.225 0.01512867783 2
0 0.155 0.235 0.01670138957 2
0 0.155 0.245 0.01796478151 2
0 0.155 0.255 0.01888910214 2
0 0.155 0.265 0.01945822986 2
0 0.155 0.275 0.0196648921 2
0 0.155 0.285 0.01950434493 2
0 0.155 0.295 0.01898119351 2
0 0.155 0.305 0.01803818715 2
0 0.155 0.315 0.01678217216 2
0 0.155 0.325 0.01514264732 2
0 0.155 0.335 0.01326543148 2
0 0.155 0.345 0.01127306755 1
0 0.155 0.355 0.009809370327 1
0 0.155 0.365 0.008659449034 1
0 0.155 0.375 0.007814948337 1
0 0.155 0.385 0.007471467669 1
0 0.155 0.395 0.006284632987 1
0 0.155 0.405 0.004059508828 1
0 0.155 0.415 0.001657458287 2
0 0.155 0.425 0 2
0 0.155 0.435 0 2
0 0.155 0.445 0 2
0 0.155 0.455 0 2
0 0.155 0.465 0 2
0 0.165 -0.455 0 2
0 0.165 -0.445 0 2
0 0.165 -0.435 0 2
0 0.165 -0.425 0 2
0 0.165 -0.415 -0.0008544745669 2
0 0.165 -0.405 -0.001640999982 2
0 0.165 -0.395 -0.000617618706 2
0 0.165 -0.385 0.001868276152 2
0 0.165 -0.375 0.005311690915 2
0 0.165 -0.365 0.007582786292 1
0 0.165 -0.355 0.00950277253 1
0 0.165 -0.345 0.01126845668 1
0 0.165 -0.335 0.01308670976 1
0 0.165 -0.325 0.01478908205 1
0 0.165 -0.315 0.01650981064 1
0 0.165 -0.305 0.01771339312 2
0 0.165 -0.295 0.01844482467 2
0 0.165 -0.285 0.01850091328 2
0 0.165 -0.275 0.01815286457 2
0 0.165 -0.265 0.01759842763 2
0 0.165 -0.255 0.0169258154 2
0 0.165 -0.245 0.01600560092 2
0 0.165 -0.235 0.01478374163 2
0 0.165 -0.225 0.01314867255 2
0 0.165 -0.215 0.0110853529 2
0 0.165 -0.205 0.00859782544 2
0 0.165 -0.195 0.005815922781 2
0 0.165 -0.185 0.002872432961 2
0 0.165 -0.175 4.396014948e-05 2
0 0.165 -0.165 -0.002382207332 2
0 0.165 -0.155 -0.004254084904 1
0 0.165 -0.145 -0.005626291208 1
0 0.165 -0.135 -0.006721559212 1
0 0.165 -0.125 -0.007713990816 1
0 0.165 -0.115 -0.008661647898 1
0 0.165 -0.105 -0.009668881697 1
0 0.165 -0.095 -0.01074414705 1
0 0.165 -0.085 -0.01180627869 1
0 0.165 -0.075 -0.01273443448 1
0 0.165 -0.065 -0.01358447036 1
0 0.165 -0.055 -0.01464780344 1
0 0.165 -0.045 -0.01620821796 1
0 0.165 -0.035 -0.01824595755 2
0 0.165 -0.025 -0.02013693254 2
0 0.165 -0.015 -0.02168294221 2
0 0.165 -0.005 -0.02273057387 2
0 0.165 0.005 -0.02334481689 2
0 0.165 0.015 -0.02355134515 2
0 0.165 0.025 -0.02339788834 2
0 0.165 0.035 -0.0229188364 2
0 0.165 0.045 -0.0221438788 2
0 0.165 0.055 -0.02109771531 2
0 0.165 0.065 -0.0198037708 2
0 0.165 0.075 -0.0182847792 2
0 0.165 0.085 -0.01656388205 2
0 0.165 0.095 -0.01466479245 2
0 0.165 0.105 -0.01261188146 2
0 0.165 0.115 -0.01043003343 2
0 0.165 0.125 -0.008144487619 2
0 0.165 0.135 -0.005780719379 2
0 0.165 0.145 -0.003364466877 2
0 0.165 0.155 -0.0009219493008 2
0 0.165 0.165 0.001519701631 2
0 0.165 0.175 0.003931796624 2
0 0.165 0.185 0.006283437979 2
0 0.165 0.195 0.00854086614 2
0 0.165 0.205 0.0106676306 2
0 0.165 0.215 0.01262498669 2
0 0.165 0.225 0.01437435212 2
0 0.165 0.235 0.01587900538 2
0 0.165 0.245 0.01710796518 2
0 0.165 0.255 0.01803709118 2
0 0.165 0.265 0.01865076869 2
0 0.165 0.275 0.01893969738 2
0 0.165 0.285 0.01889744453 2
0 0.165 0.295 0.01852184465 2
0 0.165 0.305 0.01778598035 2
0 0.165 0.315 0.0167242025 2
0 0.165 0.325 0.01522278714 2
0 0.165 0.335 0.01338673293 2
0 0.165 0.345 0.01142002571 1
0 0.165 0.355 0.009810027019 1
0 0.165 0.365 0.008464614069 1
0 0.165 0.375 0.007293928572 1
0 0.165 0.385 0.006358937209 1
0 0.165 0.395 0.004913274989 1
0 0.165 0.405 0.002924357985 1
0 0.165 0.415 0.001147929445 2
0 0.165 0.425 0 2
0 0.165 0.435 0 2
0 0.165 0.445 0 2
0 0.165 0.455 0 2
0 0.165 0.465 0 2
0 0.175 -0.455 0 2
0 0.175 -0.445 0 2
0 0.175 -0.435 0 2
0 0.175 -0.425 0 2
0 0.175 -0.415 -0.0007800887715 2
0 0.175 -0.405 -0.001566435746 2
0 0.175 -0.395 -0.001001873609 2
0 0.175 -0.385 0.001005874305 2
0 0.175 -0.375 0.004131168958 2
0 0.175 -0.365 0.006654451502 2
0 0.175 -0.355 0.009011263905 1
0 0.175 -0.345 0.01133885319 1
0 0.175 -0.335 0.01366648034 1
0 0.175 -0.325 0.01565956002 1
0 0.175 -0.315 0.01731926989 2
0 0.175 -0.305 0.01819968462 2
0 0.175 -0.295 0.01859641475 2
0 0.175 -0.285 0.0183334443 2
0 0.175 -0.275 0.01777188556 2
0 0.175 -0.265 0.01706679696 2
0 0.175 -0.255 0.01626863101 2
0 0.175 -0.245 0.01525447817 2
0 0.175 -0.235 0.01398949981 2
0 0.175 -0.225 0.01243319012 2
0 0.175 -0.215 0.01059878983 2
0 0.175 -0.205 0.008510325341 2
0 0.175 -0.195 0.006306110236 2
0 0.175 -0.185 0.003941557517 2
0 0.175 -0.175 0.001489210996 2
0 0.175 -0.165 -0.0008630791811 2
0 0.175 -0.155 -0.002910309897 1
0 0.175 -0.145 -0.004692467709 1
0 0.175 -0.135 -0.006202376733 1
0 0.175 -0.125 -0.007571915933 1
0 0.175 -0.115 -0.008724376302 1
0 0.175 -0.105 -0.009785656665 1
0 0.175 -0.095 -0.0108978325 1
0 0.175 -0.085 -0.01197755741 1
0 0.175 -0.075 -0.01294211484 1
0 0.175 -0.065 -0.01370747764 1
0 0.175 -0.055 -0.01448653076 1
0 0.175 -0.045 -0.01571400325 1
0 0.175 -0.035 -0.01753787816 2
0 0.175 -0.025 -0.01958809905 2
0 0.175 -0.015 -0.02122285084 2
0 0.175 -0.005 -0.02230455844 2
0 0.175 0.005 -0.02289289717 2
0 0.175 0.015 -0.02307414318 2
0 0.175 0.025 -0.02290380788 2
0 0.175 0.035 -0.02241865456 2
0 0.175 0.045 -0.02164959309 2
0 0.175 0.055 -0.02061948416 2
0 0.175 0.065 -0.01935039754 2
0 0.175 0.075 -0.01786362394 2
0 0.175 0.085 -0.01618126099 2
0 0.175 0.095 -0.01432627364 2
0 0.175 0.105 -0.01232259183 2
0 0.175 0.115 -0.01019491362 2
0 0.175 0.125 -0.007968505536 2
0 0.175 0.135 -0.00566903311 2
0 0.175 0.145 -0.003322510942 2
0 0.175 0.155 -0.0009554057263 2
0 0.175 0.165 0.001405110587 2
0 0.175 0.175 0.003730798813 2
0 0.175 0.185 0.005992032988 2
0 0.175 0.195 0.008157612125 2
0 0.175 0.205 0.01019506278 2
0 0.175 0.215 0.01207129039 2
0 0.175 0.225 0.013754119 2
0 0.175 0.235 0.01521375996 2
0 0.175 0.245 0.01642495434 2
0 0.175 0.255 0.01736792605 2
0 0.175 0.265 0.01802958353 2
0 0.175 0.275 0.01840149878 2
0 0.175 0.285 0.01848207853 2
0 0.175 0.295 0.01826285544 2
0 0.175 0.305 0.01776077107 2
0 0.175 0.315 0.01690643167 2
0 0.175 0.325 0.01553781047 2
0 0.175 0.335 0.01367775968 2
0 0.175 0.345 0.01156464778 1
0 0.175 0.355 0.009698065038 1
0 0.175 0.365 0.008156211383 1
0 0.175 0.375 0.006800275712 1
0 0.175 0.385 0.00549667381 1
0 0.175 0.395 0.003945133725 1
0 0.175 0.405 0.002098639738 1
0 0.175 0.415 0.000785870559 2
0 0.175 0.425 0 2
0 0.175 0.435 0 2
0 0.175 0.445 0 2
0 0.175 0.455 0 2
0 0.175 0.465 0 2
0 0.185 -0.455 0 2
0 0.185 -0.445 0 2
0 0.185 -0.435 0 2
0 0.185 -0.425 0 2
0 0.185 -0.415 -0.0006966598051 2
0 0.185 -0.405 -0.001444187529 2
0 0.185 -0.395 -0.001279263113 2
0 0.185 -0.385 0.0002120027948 2
0 0.185 -0.375 0.002904113188 2
0 0.185 -0.365 0.005638956331 2
0 0.185 -0.355 0.008535862276 2
0 0.185 -0.345 0.01136602341 2
0 0.185 -0.335 0.01398818312 2
0 0.185 -0.325 0.01611744916 2
0 0.185 -0.315 0.01757709368 2
0 0.185 -0.305 0.01827929394 2
0 0.185 -0.295 0.0183816135 2
0 0.185 -0.285 0.01793682455 2
0 0.185 -0.275 0.01728692504 2
0 0.185 -0.265 0.01652625352 2
0 0.185 -0.255 0.01567391467 2
0 0.185 -0.245 0.01463953568 2
0 0.185 -0.235 0.01340576432 2
0 0.185 -0.225 0.01195864685 2
0 0.185 -0.215 0.01032600381 2
0 0.185 -0.205 0.0085384231 2
0 0.185 -0.195 0.006755509809 2
0 0.185 -0.185 0.004855413141 2
0 0.185 -0.175 0.00271680396 2
0 0.185 -0.165 0.0004443419799 2
0 0.185 -0.155 -0.001660686399 1
0 0.185 -0.145 -0.003793243944 1
0 0.185 -0.135 -0.005724849489 1
0 0.185 -0.125 -0.007471020596 1
0 0.185 -0.115 -0.008816847696 1
0 0.185 -0.105 -0.00993972665 1
0 0.185 -0.095 -0.0110558325 1
0 0.185 -0.085 -0.01213265947 1
0 0.185 -0.075 -0.01312928025 1
0 0.185 -0.065 -0.01391765243 1
0 0.185 -0.055 -0.01459636051 1
0 0.185 -0.045 -0.01568685087 1
0 0.185 -0.035 -0.01729844163 1
0 0.185 -0.025 -0.01944234064 2
0 0.185 -0.015 -0.0211163743 2
0 0.185 -0.005 -0.02219538534 2
0 0.185 0.005 -0.02269283315 2
0 0.185 0.015 -0.02279433386 2
0 0.185 0.025 -0.02257561703 2
0 0.185 0.035 -0.02206279341 2
0 0.185 0.045 -0.02128439176 2
0 0.185 0.055 -0.02025799128 2
0 0.185 0.065 -0.01900277794 2
0 0.185 0.075 -0.0175377287 2
0 0.185 0.085 -0.01588354055 2
0 0.185 0.095 -0.01406234729 2
0 0.185 0.105 -0.01209769435 2
0 0.185 0.115 -0.01001417521 2
0 0.185 0.125 -0.007837100282 2
0 0.185 0.135 -0.005592205984 2
0 0.185 0.145 -0.00330549043 2
0 0.185 0.155 -0.001003195171 2
0 0.185 0.165 0.001288080965 2
0 0.185 0.175 0.003541189005 2
0 0.185 0.185 0.005728273537 2
0 0.185 0.195 0.007820755495 2
0 0.185 0.205 0.009789638001 2
0 0.185 0.215 0.01160612634 2
0 0.185 0.225 0.01324272407 2
0 0.185 0.235 0.01467442777 2
0 0.185 0.245 0.01588023024 2
0 0.185 0.255 0.01684395365 2
0 0.185 0.265 0.01755581119 2
0 0.185 0.275 0.01801000953 2
0 0.185 0.285 0.01821287625 2
0 0.185 0.295 0.01815287911 2
0 0.185 0.305 0.01789372683 2
0 0.185 0.315 0.01726389813 2
0 0.185 0.325 0.0160300319 2
0 0.185 0.335 0.01414852208 2
0 0.185 0.345 0.01184486477 1
0 0.185 0.355 0.009704519236 1
0 0.185 0.365 0.00792819428 1
0 0.185 0.375 0.006367162963 1
0 0.185 0.385 0.004668460307 1
0 0.185 0.395 0.002997272286 1
0 0.185 0.405 0.001276057306 1
0 0.185 0.415 0.00042366536 2
0 0.185 0.425 0 2
0 0.185 0.435 0 2
0 0.185 0.445 0 2
0 0.185 0.455 0 2
0 0.185 0.465 0 2
0 0.195 -0.455 0 2
0 0.195 -0.445 0 2
0 0.195 -0.435 0 2
0 0.195 -0.425 0 2
0 0.195 -0.415 -0.0005601205148 2
0 0.195 -0.405 -0.001141206797 2
0 0.195 -0.395 -0.001278288565 2
0 0.195 -0.385 -0.00027350819 2
0 0.195 -0.375 0.001856897923 2
0 0.195 -0.365 0.004506389165 2
0 0.195 -0.355 0.007646009164 2
0 0.195 -0.345 0.01078576477 2
0 0.195 -0.335 0.01355626304 2
0 0.195 -0.325 0.01572814529 2
0 0.195 -0.315 0.0170966768 2
0 0.195 -0.305 0.01771261298 2
0 0.195 -0.295 0.01772111028 2
0 0.195 -0.285 0.01731202667 2
0 0.195 -0.275 0.01670011308 2
0 0.195 -0.265 0.01596866116 2
0 0.195 -0.255 0.01511319271 2
0 0.195 -0.245 0.01409084399 2
0 0.195 -0.235 0.01290241877 2
0 0.195 -0.225 0.011554682 2
0 0.195 -0.215 0.01008617502 2
0 0.195 -0.205 0.008531987502 2
0 0.195 -0.195 0.007044987211 2
0 0.195 -0.185 0.005509176254 2
0 0.195 -0.175 0.0037128267 2
0 0.195 -0.165 0.00159743471 2
0 0.195 -0.155 -0.0005422557259 2
0 0.195 -0.145 -0.002821422923 1
0 0.195 -0.135 -0.005020835751 1
0 0.195 -0.125 -0.007068498105 1
0 0.195 -0.115 -0.008706105274 1
0 0.195 -0.105 -0.01000189527 1
0 0.195 -0.095 -0.01119898556 1
0 0.195 -0.085 -0.01232806558 1
0 0.195 -0.075 -0.01336379779 1
0 0.195 -0.065 -0.01416809106 1
0 0.195 -0.055 -0.01482959372 1
0 0.195 -0.045 -0.01592577931 1
0 0.195 -0.035 -0.01752455424 1
0 0.195 -0.025 -0.01968236499 2
0 0.195 -0.015 -0.02136422363 2
0 0.195 -0.005 -0.02236954307 2
0 0.195 0.005 -0.02270691045 2
0 0.195 0.015 -0.02267375995 2
0 0.195 0.025 -0.02238263216 2
0 0.195 0.035 -0.02182662694 2
0 0.195 0.045 -0.02102834032 2
0 0.195 0.055 -0.01999690583 2
0 0.195 0.065 -0.01874725725 2
0 0.195 0.075 -0.01729540265 2
0 0.195 0.085 -0.01566046078 2
0 0.195 0.095 -0.01386381728 2
0 0.195 0.105 -0.0119288334 2
0 0.195 0.115 -0.009880204098 2
0 0.195 0.125 -0.007743406626 2
0 0.195 0.135 -0.005544227493 2
0 0.195 0.145 -0.003308454444 2
0 0.195 0.155 -0.001061750273 2
0 0.195 0.165 0.001170311986 2
0 0.195 0.175 0.003362112407 2
0 0.195 0.185 0.005487852031 2
0 0.195 0.195 0.007521535002 2
0 0.195 0.205 0.009437193648 2
0 0.195 0.215 0.01120939666 2
0 0.195 0.225 0.01281410517 2
0 0.195 0.235 0.0142296978 2
0 0.195 0.245 0.01543828278 2
0 0.195 0.255 0.01642654987 2
0 0.195 0.265 0.0171878836 2
0 0.195 0.275 0.01771978669 2
0 0.195 0.285 0.01803657893 2
0 0.195 0.295 0.01812956762 2
0 0.195 0.305 0.01809849779 2
0 0.195 0.315 0.01770252317 2
0 0.195 0.325 0.0166702895 2
0 0.195 0.335 0.0148790334 2
0 0.195 0.345 0.01254768053 1
0 0.195 0.355 0.01011892898 1
0 0.195 0.365 0.007960433124 1
0 0.195 0.375 0.005925057164 1
0 0.195 0.385 0.003562801926 1
0 0.195 0.395 0.001607620054 1
0 0.195 0.405 0.0001119544433 1
0 0.195 0.415 -9.857924831e-05 2
0 0.195 0.425 0 2
0 0.195 0.435 0 2
0 0.195 0.445 0 2
0 0.195 0.455 0 2
0 0.195 0.465 0 2
0 0.205 -0.455 0 2
0 0.205 -0.445 0 2
0 0.205 -0.435 0 2
0 0.205 -0.425 0 2
0 0.205 -0.415 -0.0003063830695 2
0 0.205 -0.405 -0.0005677392086 2
0 0.205 -0.395 -0.0007914835148 2
0 0.205 -0.385 -0.0002005036527 2
0 0.205 -0.375 0.001265923465 2
0 0.205 -0.365 0.003628325239 2
0 0.205 -0.355 0.006638062536 2
0 0.205 -0.345 0.009751506494 2
0 0.205 -0.335 0.01250258547 2
0 0.205 -0.325 0.01462169226 2
0 0.205 -0.315 0.01599093332 2
0 0.205 -0.305 0.01666354531 2
0 0.205 -0.295 0.01679610097 2
0 0.205 -0.285 0.01654893391 2
0 0.205 -0.275 0.01605736128 2
0 0.205 -0.265 0.0153958637 2
0 0.205 -0.255 0.01456645462 2
0 0.205 -0.245 0.01357174228 2
0 0.205 -0.235 0.01242903775 2
0 0.205 -0.225 0.01116174053 2
0 0.205 -0.215 0.00981518897 2
0 0.205 -0.205 0.008428520354 2
0 0.205 -0.195 0.007125681614 2
0 0.205 -0.185 0.005849349534 2
0 0.205 -0.175 0.004405058391 2
0 0.205 -0.165 0.00252627301 2
0 0.205 -0.155 0.0003591432795 2
0 0.205 -0.145 -0.001875233175 1
0 0.205 -0.135 -0.00416457581 1
0 0.205 -0.125 -0.006382152911 1
0 0.205 -0.115 -0.008372549343 1
0 0.205 -0.105 -0.009973488594 1
0 0.205 -0.095 -0.01132689551 1
0 0.205 -0.085 -0.01255414836 1
0 0.205 -0.075 -0.01364308954 1
0 0.205 -0.065 -0.01447308913 1
0 0.205 -0.055 -0.0151937079 1
0 0.205 -0.045 -0.01636726042 1
0 0.205 -0.035 -0.01808557083 1
0 0.205 -0.025 -0.02025333346 2
0 0.205 -0.015 -0.02189125578 2
0 0.205 -0.005 -0.02272935235 2
0 0.205 0.005 -0.02286179434 2
0 0.205 0.015 -0.02266095892 2
0 0.205 0.025 -0.02228682813 2
0 0.205 0.035 -0.02168221992 2
0 0.205 0.045 -0.02086037717 2
0 0.205 0.055 -0.01981990755 2
0 0.205 0.065 -0.0185706711 2
0 0.205 0.075 -0.01712551876 2
0 0.205 0.085 -0.01550216247 2
0 0.205 0.095 -0.0137216236 2
0 0.205 0.105 -0.0118075323 2
0 0.205 0.115 -0.009785103425 2
0 0.205 0.125 -0.007680273889 2
0 0.205 0.135 -0.005518990951 2
0 0.205 0.145 -0.003326733621 2
0 0.205 0.155 -0.001128297786 2
0 0.205 0.165 0.001052182401 2
0 0.205 0.175 0.003191041273 2
0 0.205 0.185 0.005264837121 2
0 0.205 0.195 0.007250192182 2
0 0.205 0.205 0.009123851848 2
0 0.205 0.215 0.01086304649 2
0 0.205 0.225 0.01244620775 2
0 0.205 0.235 0.01385393599 2
0 0.205 0.245 0.01507032732 2
0 0.205 0.255 0.01608396931 2
0 0.205 0.265 0.01689052578 2
0 0.205 0.275 0.01749045866 2
0 0.205 0.285 0.0179040126 2
0 0.205 0.295 0.01813005408 2
0 0.205 0.305 0.01829815625 2
0 0.205 0.315 0.01816477172 2
0 0.205 0.325 0.01741661936 2
0 0.205 0.335 0.01580788791 2
0 0.205 0.345 0.01365729359 1
0 0.205 0.355 0.01089653586 1
0 0.205 0.365 0.008257406743 1
0 0.205 0.375 0.005577385886 1
0 0.205 0.385 0.00231945779 1
0 0.205 0.395 -8.567574236e-05 1
0 0.205 0.405 -0.001246516417 1
0 0.205 0.415 -0.0007193049897 2
0 0.205 0.425 0 2
0 0.205 0.435 0 2
0 0.205 0.445 0 2
0 0.205 0.455 0 2
0 0.205 0.465 0 2
0 0.215 -0.455 0 2
0 0.215 -0.445 0 2
0 0.215 -0.435 0 2
0 0.215 -0.425 0 2
0 0.215 -0.415 8.884937939e-06 2
0 0.215 -0.405 8.514249215e-05 2
0 0.215 -0.395 -8.684033391e-05 2
0 0.215 -0.385 0.0001536643917 2
0 0.215 -0.375 0.001008840143 2
0 0.215 -0.365 0.003033422741 2
0 0.215 -0.355 0.005762810138 2
0 0.215 -0.345 0.008673194358 2
0 0.215 -0.335 0.01129659656 2
0 0.215 -0.325 0.01333324704 2
0 0.215 -0.315 0.01473396423 2
0 0.215 -0.305 0.01553827659 2
0 0.215 -0.295 0.01584604031 2
0 0.215 -0.285 0.01577614069 2
0 0.215 -0.275 0.01541604586 2
0 0.215 -0.265 0.01482349182 2
0 0.215 -0.255 0.01402446597 2
0 0.215 -0.245 0.01305167425 2
0 0.215 -0.235 0.01193833315 2
0 0.215 -0.225 0.01072304924 2
0 0.215 -0.215 0.009456514536 2
0 0.215 -0.205 0.008181875976 2
0 0.215 -0.195 0.006979377279 2
0 0.215 -0.185 0.005868148067 2
0 0.215 -0.175 0.004692392387 2
0 0.215 -0.165 0.003119740224 2
0 0.215 -0.155 0.001065683222 2
0 0.215 -0.145 -0.001167046654 2
0 0.215 -0.135 -0.003537951473 1
0 0.215 -0.125 -0.005878236459 1
0 0.215 -0.115 -0.008081961452 1
0 0.215 -0.105 -0.01001169421 1
0 0.215 -0.095 -0.01164339176 1
0 0.215 -0.085 -0.01306042219 1
0 0.215 -0.075 -0.01413120923 1
0 0.215 -0.065 -0.01487631987 1
0 0.215 -0.055 -0.01573729021 1
0 0.215 -0.045 -0.01708609989 1
0 0.215 -0.035 -0.01899146082 1
0 0.215 -0.025 -0.0210522374 2
0 0.215 -0.015 -0.02251380942 2
0 0.215 -0.005 -0.02310376048 2
0 0.215 0.005 -0.02303929727 2
0 0.215 0.015 -0.02269085068 2
0 0.215 0.025 -0.02224510087 2
0 0.215 0.035 -0.0216006467 2
0 0.215 0.045 -0.02076017118 2
0 0.215 0.055 -0.01971210468 2
0 0.215 0.065 -0.01846139702 2
0 0.215 0.075 -0.01701824947 2
0 0.215 0.085 -0.015399641 2
0 0.215 0.095 -0.01362704843 2
0 0.215 0.105 -0.01172518819 2
0 0.215 0.115 -0.00972051878 2
0 0.215 0.125 -0.007639962068 2
0 0.215 0.135 -0.00550989818 2
0 0.215 0.145 -0.003355479995 2
0 0.215 0.155 -0.001200349541 2
0 0.215 0.165 0.0009332853547 2
0 0.215 0.175 0.003024271785 2
0 0.215 0.185 0.005051993109 2
0 0.215 0.195 0.006995907092 2
0 0.215 0.205 0.008835325658 2
0 0.215 0.215 0.01054959232 2
0 0.215 0.225 0.01211871304 2
0 0.215 0.235 0.01352437292 2
0 0.215 0.245 0.01475140008 2
0 0.215 0.255 0.01578900481 2
0 0.215 0.265 0.01663363589 2
0 0.215 0.275 0.01728735012 2
0 0.215 0.285 0.01777263518 2
0 0.215 0.295 0.0180964474 2
0 0.215 0.305 0.01839605879 2
0 0.215 0.315 0.01849285002 2
0 0.215 0.325 0.01808832299 2
0 0.215 0.335 0.01678197095 2
0 0.215 0.345 0.01484070016 2
0 0.215 0.355 0.01194601545 1
0 0.215 0.365 0.008901214396 1
0 0.215 0.375 0.005606737551 1
0 0.215 0.385 0.001412599733 1
0 0.215 0.395 -0.00147907802 1
0 0.215 0.405 -0.002402225978 2
0 0.215 0.415 -0.001232270162 2
0 0.215 0.425 0 2
0 0.215 0.435 0 2
0 0.215 0.445 0 2
0 0.215 0.455 0 2
0 0.215 0.465 0 2
0 0.225 -0.455 0 2
0 0.225 -0.445 0 2
0 0.225 -0.435 0 2
0 0.225 -0.425 0 1
0 0.225 -0.415 0.0002685062895 1
0 0.225 -0.405 0.000574254668 1
0 0.225 -0.395 0.0004356233465 1
0 0.225 -0.385 0.0005035743481 2
0 0.225 -0.375 0.001081793672 2
0 0.225 -0.365 0.002791369741 2
0 0.225 -0.355 0.005175933666 2
0 0.225 -0.345 0.007848906422 2
0 0.225 -0.335 0.01031668206 2
0 0.225 -0.325 0.01228488486 2
0 0.225 -0.315 0.01369619925 2
0 0.225 -0.305 0.0146055537 2
0 0.225 -0.295 0.01505247483 2
0 0.225 -0.285 0.01510677843 2
0 0.225 -0.275 0.0148293719 2
0 0.225 -0.265 0.01427470934 2
0 0.225 -0.255 0.01348807841 2
0 0.225 -0.245 0.01251231301 2
0 0.225 -0.235 0.01139588414 2
0 0.225 -0.225 0.01019371161 2
0 0.225 -0.215 0.00896618547 2
0 0.225 -0.205 0.007763352523 2
0 0.225 -0.195 0.00662428177 2
0 0.225 -0.185 0.005597343279 2
0 0.225 -0.175 0.004562213552 2
0 0.225 -0.165 0.003277399212 2
0 0.225 -0.155 0.001504168752 2
0 0.225 -0.145 -0.0007023398483 2
0 0.225 -0.135 -0.003194471389 2
0 0.225 -0.125 -0.005730548891 1
0 0.225 -0.115 -0.008104380232 1
0 0.225 -0.105 -0.01032537152 1
0 0.225 -0.095 -0.01221003214 1
0 0.225 -0.085 -0.0138279828 1
0 0.225 -0.075 -0.01494192778 1
0 0.225 -0.065 -0.01571797935 1
0 0.225 -0.055 -0.01674805018 1
0 0.225 -0.045 -0.01814147175 1
0 0.225 -0.035 -0.02007046412 1
0 0.225 -0.025 -0.02183344528 2
0 0.225 -0.015 -0.02304695374 2
0 0.225 -0.005 -0.02337246311 2
0 0.225 0.005 -0.02314511708 2
0 0.225 0.015 -0.02270610803 2
0 0.225 0.025 -0.0222195172 2
0 0.225 0.035 -0.02155725462 2
0 0.225 0.045 -0.0207113599 2
0 0.225 0.055 -0.01966223261 2
0 0.225 0.065 -0.01841084835 2
0 0.225 0.075 -0.01696600008 2
0 0.225 0.085 -0.01534521652 2
0 0.225 0.095 -0.01357181723 2
0 0.225 0.105 -0.0116728767 2
0 0.225 0.115 -0.009677207264 2
0 0.225 0.125 -0.007613537456 2
0 0.225 0.135 -0.005509163721 2
0 0.225 0.145 -0.003388974862 2
0 0.225 0.155 -0.001275106451 2
0 0.225 0.165 0.000812862773 2
0 0.225 0.175 0.002857175853 2
0 0.225 0.185 0.004840871616 2
0 0.225 0.195 0.006746786237 2
0 0.225 0.205 0.008556865826 2
0 0.225 0.215 0.01025210162 2
0 0.225 0.225 0.01181312111 2
0 0.225 0.235 0.01322140432 2
0 0.225 0.245 0.0144610248 2
0 0.225 0.255 0.01552025212 2
0 0.225 0.265 0.01639447601 2
0 0.225 0.275 0.01708534495 2
0 0.225 0.285 0.01761330872 2
0 0.225 0.295 0.01799090184 2
0 0.225 0.305 0.01833125976 2
0 0.225 0.315 0.01855726343 2
0 0.225 0.325 0.01843968371 2
0 0.225 0.335 0.01748311201 2
0 0.225 0.345 0.01565961062 2
0 0.225 0.355 0.01293855165 1
0 0.225 0.365 0.009646877103 1
0 0.225 0.375 0.005920051889 1
0 0.225 0.385 0.001062062777 1
0 0.225 0.395 -0.002136507587 1
0 0.225 0.405 -0.002975334457 2
0 0.225 0.415 -0.001476745412 2
0 0.225 0.425 0 2
0 0.225 0.435 0 2
0 0.225 0.445 0 2
0 0.225 0.455 0 2
0 0.225 0.465 0 2
0 0.235 -0.455 0 2
0 0.235 -0.445 0 2
0 0.235 -0.435 0 1
0 0.235 -0.425 0 1
0 0.235 -0.415 0.0003660615044 1
0 0.235 -0.405 0.0007351093218 1
0 0.235 -0.395 0.0006598928515 1
0 0.235 -0.385 0.0007505205279 1
0 0.235 -0.375 0.001246745373 2
0 0.235 -0.365 0.002866282206 2
0 0.235 -0.355 0.004988803943 2
0 0.235 -0.345 0.007434497585 2
0 0.235 -0.335 0.009775193262 2
0 0.235 -0.325 0.01170524423 2
0 0.235 -0.315 0.01308172971 2
0 0.235 -0.305 0.01399859723 2
0 0.235 -0.295 0.01447777962 2
0 0.235 -0.285 0.01457069709 2
0 0.235 -0.275 0.01432141106 2
0 0.235 -0.265 0.01377285745 2
0 0.235 -0.255 0.01296695806 2
0 0.235 -0.245 0.0119516462 2
0 0.235 -0.235 0.01078909434 2
0 0.235 -0.225 0.009552558325 2
0 0.235 -0.215 0.008321647512 2
0 0.235 -0.205 0.007158583399 2
0 0.235 -0.195 0.006081334532 2
0 0.235 -0.185 0.005105563933 2
0 0.235 -0.175 0.004144360978 2
0 0.235 -0.165 0.003029323011 2
0 0.235 -0.155 0.001488537113 2
0 0.235 -0.145 -0.0006326839405 2
0 0.235 -0.135 -0.003226990178 2
0 0.235 -0.125 -0.005973525057 2
0 0.235 -0.115 -0.008565974983 2
0 0.235 -0.105 -0.01097147877 2
0 0.235 -0.095 -0.01301758838 1
0 0.235 -0.085 -0.0146784967 2
0 0.235 -0.075 -0.01580887797 2
0 0.235 -0.065 -0.01662835407 1
0 0.235 -0.055 -0.01767452181 1
0 0.235 -0.045 -0.01910873165 1
0 0.235 -0.035 -0.02093077625 2
0 0.235 -0.025 -0.02236792688 2
0 0.235 -0.015 -0.02325722269 2
0 0.235 -0.005 -0.02337177324 2
0 0.235 0.005 -0.02309014375 2
0 0.235 0.015 -0.02265769622 2
0 0.235 0.025 -0.02218009573 2
0 0.235 0.035 -0.02153426941 2
0 0.235 0.045 -0.02070380967 2
0 0.235 0.055 -0.01966457216 2
0 0.235 0.065 -0.01841502013 2
0 0.235 0.075 -0.01696452403 2
0 0.235 0.085 -0.0153331385 2
0 0.235 0.095 -0.01354820789 2
0 0.235 0.105 -0.01164105033 2
0 0.235 0.115 -0.009644446024 2
0 0.235 0.125 -0.007590094435 2
0 0.235 0.135 -0.005506958416 2
0 0.235 0.145 -0.003419821956 2
0 0.235 0.155 -0.001348847239 2
0 0.235 0.165 0.0006901021081 2
0 0.235 0.175 0.002684136744 2
0 0.235 0.185 0.004621428059 2
0 0.235 0.195 0.006489275551 2
0 0.235 0.205 0.008272601114 2
0 0.235 0.215 0.009953571398 2
0 0.235 0.225 0.01151223011 2
0 0.235 0.235 0.01292821446 2
0 0.235 0.245 0.01418302336 2
0 0.235 0.255 0.01526218406 2
0 0.235 0.265 0.0161580854 2
0 0.235 0.275 0.01686979782 2
0 0.235 0.285 0.0174114884 2
0 0.235 0.295 0.01779670712 2
0 0.235 0.305 0.01809050872 2
0 0.235 0.315 0.01831603332 2
0 0.235 0.325 0.0182814267 2
0 0.235 0.335 0.01757563756 2
0 0.235 0.345 0.01594268563 2
0 0.235 0.355 0.01352744337 2
0 0.235 0.365 0.01020607926 2
0 0.235 0.375 0.006328268865 2
0 0.235 0.385 0.001314200536 2
0 0.235 0.395 -0.001953015106 2
0 0.235 0.405 -0.002748928712 2
0 0.235 0.415 -0.001408501603 2
0 0.235 0.425 0 2
0 0.235 0.435 0 2
0 0.235 0.445 0 2
0 0.235 0.455 0 2
0 0.235 0.465 0 2
0 0.245 -0.455 0 2
0 0.245 -0.445 0 2
0 0.245 -0.435 0 1
0 0.245 -0.425 0 1
0 0.245 -0.415 0.0003424087437 1
0 0.245 -0.405 0.0007025154154 1
0 0.245 -0.395 0.0007629449057 1
0 0.245 -0.385 0.001061928318 1
0 0.245 -0.375 0.001652190282 2
0 0.245 -0.365 0.003331721147 2
0 0.245 -0.355 0.005247747446 2
0 0.245 -0.345 0.007426515117 2
0 0.245 -0.335 0.009592165194 2
0 0.245 -0.325 0.01143559855 2
0 0.245 -0.315 0.01273914185 2
0 0.245 -0.305 0.01361932327 2
0 0.245 -0.295 0.01408502758 2
0 0.245 -0.285 0.01417383611 2
0 0.245 -0.275 0.01391490206 2
0 0.245 -0.265 0.01333790833 2
0 0.245 -0.255 0.01247753668 2
0 0.245 -0.245 0.01136596511 2
0 0.245 -0.235 0.01007293951 2
0 0.245 -0.225 0.008702261244 2
0 0.245 -0.215 0.007385829077 2
0 0.245 -0.205 0.00624574627 2
0 0.245 -0.195 0.005316938531 2
0 0.245 -0.185 0.004520805665 2
0 0.245 -0.175 0.003697021159 2
0 0.245 -0.165 0.002656461192 2
0 0.245 -0.155 0.001143873802 2
0 0.245 -0.145 -0.0009494190377 2
0 0.245 -0.135 -0.003548382074 2
0 0.245 -0.125 -0.006368102631 2
0 0.245 -0.115 -0.009096558304 2
0 0.245 -0.105 -0.0114875616 2
0 0.245 -0.095 -0.01338813707 2
0 0.245 -0.085 -0.01482455995 2
0 0.245 -0.075 -0.01602717169 2
0 0.245 -0.065 -0.01708990006 2
0 0.245 -0.055 -0.01815335174 2
0 0.245 -0.045 -0.0195049089 2
0 0.245 -0.035 -0.02106357805 2
0 0.245 -0.025 -0.02232186292 2
0 0.245 -0.015 -0.0230028862 2
0 0.245 -0.005 -0.02307855325 2
0 0.245 0.005 -0.02286405864 2
0 0.245 0.015 -0.02252715965 2
0 0.245 0.025 -0.02211542208 2
0 0.245 0.035 -0.02152786645 2
0 0.245 0.045 -0.02073920123 2
0 0.245 0.055 -0.01972284793 2
0 0.245 0.065 -0.01847649059 2
0 0.245 0.075 -0.01701352625 2
0 0.245 0.085 -0.01535945952 2
0 0.245 0.095 -0.0135486387 2
0 0.245 0.105 -0.01161877044 2
0 0.245 0.115 -0.009608807374 2
0 0.245 0.125 -0.007555056776 2
0 0.245 0.135 -0.00548942069 2
0 0.245 0.145 -0.003437030511 2
0 0.245 0.155 -0.001415538283 2
0 0.245 0.165 0.0005646333161 2
0 0.245 0.175 0.002498019131 2
0 0.245 0.185 0.004380607205 2
0 0.245 0.195 0.006206248122 2
0 0.245 0.205 0.007963600142 2
0 0.245 0.215 0.009635380936 2
0 0.245 0.225 0.01119918762 2
0 0.245 0.235 0.01263041183 2
0 0.245 0.245 0.01390555589 2
0 0.245 0.255 0.01500540472 2
0 0.245 0.265 0.01591768102 2
0 0.245 0.275 0.01663730386 2
0 0.245 0.285 0.01717003142 2
0 0.245 0.295 0.01752688362 2
0 0.245 0.305 0.0177263019 2
0 0.245 0.315 0.01783276719 2
0 0.245 0.325 0.01768859624 2
0 0.245 0.335 0.01705533629 2
0 0.245 0.345 0.01564922167 2
0 0.245 0.355 0.01346153907 2
0 0.245 0.365 0.01025103321 2
0 0.245 0.375 0.006471495543 2
0 0.245 0.385 0.001781091177 2
0 0.245 0.395 -0.00138932093 2
0 0.245 0.405 -0.002144105313 2
0 0.245 0.415 -0.001176885637 2
0 0.245 0.425 0 2
0 0.245 0.435 0 2
0 0.245 0.445 0 2
0 0.245 0.455 0 2
0 0.245 0.465 0 2
0 0.255 -0.455 0 2
0 0.255 -0.445 0 2
0 0.255 -0.435 0 1
0 0.255 -0.425 0 1
0 0.255 -0.415 0.00024989938 1
0 0.255 -0.405 0.0006226740888 1
0 0.255 -0.395 0.0009206492387 1
0 0.255 -0.385 0.001471687975 1
0 0.255 -0.375 0.002299853373 1
0 0.255 -0.365 0.003968390312 2
0 0.255 -0.355 0.005825021656 2
0 0.255 -0.345 0.007826924453 2
0 0.255 -0.335 0.009767060973 2
0 0.255 -0.325 0.01145585277 2
0 0.255 -0.315 0.01265000222 2
0 0.255 -0.305 0.0134547855 2
0 0.255 -0.295 0.01386932654 2
0 0.255 -0.285 0.01391953383 2
0 0.255 -0.275 0.01362158413 2
0 0.255 -0.265 0.01299125265 2
0 0.255 -0.255 0.0120522631 2
0 0.255 -0.245 0.01080390932 2
0 0.255 -0.235 0.00932567999 2
0 0.255 -0.225 0.007758792015 2
0 0.255 -0.215 0.006293230781 2
0 0.255 -0.205 0.00512994561 2
0 0.255 -0.195 0.00435525222 2
0 0.255 -0.185 0.003790479387 2
0 0.255 -0.175 0.003178690062 2
0 0.255 -0.165 0.00221283459 2
0 0.255 -0.155 0.0006051730783 2
0 0.255 -0.145 -0.001562248144 2
0 0.255 -0.135 -0.004122010752 2
0 0.255 -0.125 -0.00681521046 2
0 0.255 -0.115 -0.009283577156 2
0 0.255 -0.105 -0.01125434853 2
0 0.255 -0.095 -0.01278884075 2
0 0.255 -0.085 -0.01399789337 2
0 0.255 -0.075 -0.01504943519 2
0 0.255 -0.065 -0.01616071485 2
0 0.255 -0.055 -0.01739346043 2
0 0.255 -0.045 -0.01891503829 2
0 0.255 -0.035 -0.02046888042 2
0 0.255 -0.025 -0.02167402036 2
0 0.255 -0.015 -0.02231072466 2
0 0.255 -0.005 -0.02251841791 2
0 0.255 0.005 -0.02247257576 2
0 0.255 0.015 -0.02230670085 2
0 0.255 0.025 -0.02202140939 2
0 0.255 0.035 -0.02154165879 2
0 0.255 0.045 -0.02082839634 2
0 0.255 0.055 -0.01985130378 2
0 0.255 0.065 -0.01860769234 2
0 0.255 0.075 -0.01711978002 2
0 0.255 0.085 -0.01542337639 2
0 0.255 0.095 -0.01356544575 2
0 0.255 0.105 -0.01159284727 2
0 0.255 0.115 -0.009553315829 2
0 0.255 0.125 -0.007489425371 2
0 0.255 0.135 -0.005437998669 2
0 0.255 0.145 -0.003425450816 2
0 0.255 0.155 -0.001466533269 2
0 0.255 0.165 0.000436323855 2
0 0.255 0.175 0.002289417948 2
0 0.255 0.185 0.004101340142 2
0 0.255 0.195 0.005876293255 2
0 0.255 0.205 0.007607805003 2
0 0.255 0.215 0.009277860876 2
0 0.255 0.225 0.01085833907 2
0 0.255 0.235 0.01231678471 2
0 0.255 0.245 0.01362154068 2
0 0.255 0.255 0.01474658552 2
0 0.255 0.265 0.01567382644 2
0 0.255 0.275 0.01639333517 2
0 0.255 0.285 0.01690263521 2
0 0.255 0.295 0.01720656596 2
0 0.255 0.305 0.01729563672 2
0 0.255 0.315 0.01721096603 2
0 0.255 0.325 0.01685613072 2
0 0.255 0.335 0.01610493115 2
0 0.255 0.345 0.01473721479 2
0 0.255 0.355 0.0126659805 2
0 0.255 0.365 0.009715644866 2
0 0.255 0.375 0.006287779442 2
0 0.255 0.385 0.002247855663 2
0 0.255 0.395 -0.0005922530468 2
0 0.255 0.405 -0.001419884502 2
0 0.255 0.415 -0.000871589276 2
0 0.255 0.425 0 2
0 0.255 0.435 0 2
0 0.255 0.445 0 2
0 0.255 0.455 0 2
0 0.255 0.465 0 2
0 0.265 -0.455 0 2
0 0.265 -0.445 0 2
0 0.265 -0.435 0 1
0 0.265 -0.425 0 1
0 0.265 -0.415 0.00011647791 1
0 0.265 -0.405 0.0004071781509 1
0 0.265 -0.395 0.0009192441201 1
0 0.265 -0.385 0.001792125275 1
0 0.265 -0.375 0.003035024672 1
0 0.265 -0.365 0.004706200457 2
0 0.265 -0.355 0.006601259854 2
0 0.265 -0.345 0.00851812064 2
0 0.265 -0.335 0.01022984658 2
0 0.265 -0.325 0.01170741056 2
0 0.265 -0.315 0.01276370889 2
0 0.265 -0.305 0.01346538467 2
0 0.265 -0.295 0.01380579221 2
0 0.265 -0.285 0.01379823106 2
0 0.265 -0.275 0.01344666497 2
0 0.265 -0.265 0.01275364043 2
0 0.265 -0.255 0.01171715995 2
0 0.265 -0.245 0.01031017565 2
0 0.265 -0.235 0.008626101543 2
0 0.265 -0.225 0.006843901689 2
0 0.265 -0.215 0.005216571998 2
0 0.265 -0.205 0.003962252663 2
0 0.265 -0.195 0.003266079274 2
0 0.265 -0.185 0.002894234438 2
0 0.265 -0.175 0.002486152935 2
0 0.265 -0.165 0.001622827925 2
0 0.265 -0.155 1.13780142e-05 2
0 0.265 -0.145 -0.002194971581 2
0 0.265 -0.135 -0.004651879567 2
0 0.265 -0.125 -0.006964102527 2
0 0.265 -0.115 -0.008852627248 2
0 0.265 -0.105 -0.01028540726 2
0 0.265 -0.095 -0.011441814 2
0 0.265 -0.085 -0.01246108613 2
0 0.265 -0.075 -0.01335955325 2
0 0.265 -0.065 -0.01447813653 2
0 0.265 -0.055 -0.01592431575 2
0 0.265 -0.045 -0.01767513902 2
0 0.265 -0.035 -0.01937118476 2
0 0.265 -0.025 -0.02065728627 2
0 0.265 -0.015 -0.021404848 2
0 0.265 -0.005 -0.02178112647 2
0 0.265 0.005 -0.02194658717 2
0 0.265 0.015 -0.02200927133 2
0 0.265 0.025 -0.02193421648 2
0 0.265 0.035 -0.02162624683 2
0 0.265 0.045 -0.02101884761 2
0 0.265 0.055 -0.02008153678 2
0 0.265 0.065 -0.01882265319 2
0 0.265 0.075 -0.01729033581 2
0 0.265 0.085 -0.01552352834 2
0 0.265 0.095 -0.01358953356 2
0 0.265 0.105 -0.01154712688 2
0 0.265 0.115 -0.009455372464 2
0 0.265 0.125 -0.007364354649 2
0 0.265 0.135 -0.005320408774 2
0 0.265 0.145 -0.003355055856 2
0 0.265 0.155 -0.001481704173 2
0 0.265 0.165 0.0003090903337 2
0 0.265 0.175 0.002043839826 2
0 0.265 0.185 0.003753698272 2
0 0.265 0.195 0.005461631384 2
0 0.265 0.205 0.007168272712 2
0 0.265 0.215 0.008852032691 2
0 0.265 0.225 0.01047146341 2
0 0.265 0.235 0.01197891686 2
0 0.265 0.245 0.01332942951 2
0 0.265 0.255 0.01448880979 2
0 0.265 0.265 0.01543376677 2
0 0.265 0.275 0.01615070685 2
0 0.265 0.285 0.01663170489 2
0 0.265 0.295 0.01687498065 2
0 0.265 0.305 0.01686900173 2
0 0.265 0.315 0.01661341241 2
0 0.265 0.325 0.01605050168 2
0 0.265 0.335 0.01510365605 2
0 0.265 0.345 0.01364334345 2
0 0.265 0.355 0.0116304694 2
0 0.265 0.365 0.008997079228 2
0 0.265 0.375 0.00602488617 2
0 0.265 0.385 0.002601505476 2
0 0.265 0.395 9.156422881e-05 2
0 0.265 0.405 -0.0008675950262 2
0 0.265 0.415 -0.0006152065809 2
0 0.265 0.425 0 2
0 0.265 0.435 0 2
0 0.265 0.445 0 2
0 0.265 0.455 0 2
0 0.265 0.465 0 2
0 0.275 -0.455 0 2
0 0.275 -0.445 0 2
0 0.275 -0.435 0 1
0 0.275 -0.425 0 1
0 0.275 -0.415 -3.187555151e-05 1
0 0.275 -0.405 0.0001431033088 1
0 0.275 -0.395 0.0008062974238 1
0 0.275 -0.385 0.001972831517 1
0 0.275 -0.375 0.003619587319 1
0 0.275 -0.365 0.005498090014 2
0 0.275 -0.355 0.007523773237 2
0 0.275 -0.345 0.009386740317 2
0 0.275 -0.335 0.01090092845 2
0 0.275 -0.325 0.01213663175 2
0 0.275 -0.315 0.01303739031 2
0 0.275 -0.305 0.01361793251 2
0 0.275 -0.295 0.01387131501 2
0 0.275 -0.285 0.01379756982 2
0 0.275 -0.275 0.01339122074 2
0 0.275 -0.265 0.01264457486 2
0 0.275 -0.255 0.01152279561 2
0 0.275 -0.245 0.01000006603 2
0 0.275 -0.235 0.008161318598 2
0 0.275 -0.225 0.006213736493 2
0 0.275 -0.215 0.004466422299 2
0 0.275 -0.205 0.003087127671 2
0 0.275 -0.195 0.002330396133 2
0 0.275 -0.185 0.002007011826 2
0 0.275 -0.175 0.001657261075 2
0 0.275 -0.165 0.0008183996059 2
0 0.275 -0.155 -0.0006612088841 2
0 0.275 -0.145 -0.00263474629 2
0 0.275 -0.135 -0.004694960953 2
0 0.275 -0.125 -0.006496335025 2
0 0.275 -0.115 -0.008024009006 2
0 0.275 -0.105 -0.009214398107 2
0 0.275 -0.095 -0.01006028823 1
0 0.275 -0.085 -0.01086356833 1
0 0.275 -0.075 -0.01175616302 1
0 0.275 -0.065 -0.01289177993 1
0 0.275 -0.055 -0.01442815182 1
0 0.275 -0.045 -0.01635917128 2
0 0.275 -0.035 -0.01832864843 2
0 0.275 -0.025 -0.01971670827 2
0 0.275 -0.015 -0.02051258472 2
0 0.275 -0.005 -0.02095182818 2
0 0.275 0.005 -0.02126835184 2
0 0.275 0.015 -0.02157059481 2
0 0.275 0.025 -0.021800832 2
0 0.275 0.035 -0.02176774804 2
0 0.275 0.045 -0.02135542623 2
0 0.275 0.055 -0.02048776556 2
0 0.275 0.065 -0.01918204709 2
0 0.275 0.075 -0.01755128858 2
0 0.275 0.085 -0.01565716375 2
0 0.275 0.095 -0.01360852297 2
0 0.275 0.105 -0.01145972033 2
0 0.275 0.115 -0.009285404354 2
0 0.275 0.125 -0.007145712621 2
0 0.275 0.135 -0.005103063266 2
0 0.275 0.145 -0.003197811708 2
0 0.275 0.155 -0.001444734754 2
0 0.275 0.165 0.0001815966021 2
0 0.275 0.175 0.00174077847 2
0 0.275 0.185 0.003303576452 2
0 0.275 0.195 0.004926033497 2
0 0.275 0.205 0.006615236045 2
0 0.275 0.215 0.008338434884 2
0 0.275 0.225 0.01002898546 2
0 0.275 0.235 0.01161580067 2
0 0.275 0.245 0.0130346687 2
0 0.275 0.255 0.0142416169 2
0 0.275 0.265 0.01521000817 2
0 0.275 0.275 0.01592568743 2
0 0.275 0.285 0.01637930982 2
0 0.275 0.295 0.01656474844 2
0 0.275 0.305 0.01647026674 2
0 0.275 0.315 0.01607568037 2
0 0.275 0.325 0.01534260092 2
0 0.275 0.335 0.01423253531 2
0 0.275 0.345 0.01269582296 2
0 0.275 0.355 0.01073654552 2
0 0.275 0.365 0.008348579339 2
0 0.275 0.375 0.005745061017 2
0 0.275 0.385 0.002748387776 2
0 0.275 0.395 0.000471709468 2
0 0.275 0.405 -0.0005514175432 2
0 0.275 0.415 -0.0004634809089 2
0 0.275 0.425 0 2
0 0.275 0.435 0 2
0 0.275 0.445 0 2
0 0.275 0.455 0 2
0 0.275 0.465 0 2
0 0.285 -0.455 0 2
0 0.285 -0.445 0 2
0 0.285 -0.435 0 1
0 0.285 -0.425 0 1
0 0.285 -0.415 -0.0001869618141 1
0 0.285 -0.405 -0.000145629186 1
0 0.285 -0.395 0.0005641544531 1
0 0.285 -0.385 0.00201588843 1
0 0.285 -0.375 0.004128770598 1
0 0.285 -0.365 0.006369791733 2
0 0.285 -0.355 0.008570258733 2
0 0.285 -0.345 0.01037580262 2
0 0.285 -0.335 0.01169832574 2
0 0.285 -0.325 0.01267943993 2
0 0.285 -0.315 0.01342071867 2
0 0.285 -0.305 0.01387369056 2
0 0.285 -0.295 0.01403642872 2
0 0.285 -0.285 0.01389689266 2
0 0.285 -0.275 0.01344538908 2
0 0.285 -0.265 0.01266875388 2
0 0.285 -0.255 0.01150897413 2
0 0.285 -0.245 0.009962767673 2
0 0.285 -0.235 0.008074803162 2
0 0.285 -0.225 0.005999649921 2
0 0.285 -0.215 0.003995594947 2
0 0.285 -0.205 0.002483017422 1
0 0.285 -0.195 0.001622151866 1
0 0.285 -0.185 0.001352494898 1
0 0.285 -0.175 0.001045350018 1
0 0.285 -0.165 0.0001714586651 2
0 0.285 -0.155 -0.001219229317 2
0 0.285 -0.145 -0.002785260685 2
0 0.285 -0.135 -0.004313347365 2
0 0.285 -0.125 -0.005734809524 2
0 0.285 -0.115 -0.006953315706 1
0 0.285 -0.105 -0.007925610627 1
0 0.285 -0.095 -0.008888652474 1
0 0.285 -0.085 -0.01001782914 1
0 0.285 -0.075 -0.0111872405 1
0 0.285 -0.065 -0.01243985111 1
0 0.285 -0.055 -0.01392872565 1
0 0.285 -0.045 -0.01566881209 1
0 0.285 -0.035 -0.01753494004 2
0 0.285 -0.025 -0.01885551627 2
0 0.285 -0.015 -0.01955579526 2
0 0.285 -0.005 -0.01988168531 2
0 0.285 0.005 -0.02025745522 2
0 0.285 0.015 -0.02082521531 2
0 0.285 0.025 -0.02149767813 2
0 0.285 0.035 -0.02190556132 2
0 0.285 0.045 -0.02182248695 2
0 0.285 0.055 -0.02104919607 2
0 0.285 0.065 -0.01967783104 2
0 0.285 0.075 -0.01789797185 2
0 0.285 0.085 -0.01581133745 2
0 0.285 0.095 -0.01360602939 2
0 0.285 0.105 -0.01131110579 2
0 0.285 0.115 -0.009021673184 2
0 0.285 0.125 -0.006786682846 2
0 0.285 0.135 -0.004695184104 2
0 0.285 0.145 -0.002822344114 2
0 0.285 0.155 -0.001232816146 2
0 0.285 0.165 0.0001081449386 2
0 0.285 0.175 0.001335713197 2
0 0.285 0.185 0.002619446484 2
0 0.285 0.195 0.004106388246 2
0 0.285 0.205 0.005816229624 2
0 0.285 0.215 0.007673197159 2
0 0.285 0.225 0.009521752981 2
0 0.285 0.235 0.01124329489 2
0 0.285 0.245 0.01275422855 2
0 0.285 0.255 0.01402174514 2
0 0.285 0.265 0.01501931156 2
0 0.285 0.275 0.0157362686 2
0 0.285 0.285 0.01616644272 2
0 0.285 0.295 0.0163037879 2
0 0.285 0.305 0.01613903886 2
0 0.285 0.315 0.01565846374 2
0 0.285 0.325 0.01484074323 2
0 0.285 0.335 0.01366749666 2
0 0.285 0.345 0.01212082739 2
0 0.285 0.355 0.01022133328 2
0 0.285 0.365 0.007971394719 2
0 0.285 0.375 0.005546850262 2
0 0.285 0.385 0.002733463181 2
0 0.285 0.395 0.0005604831788 2
0 0.285 0.405 -0.0004649880667 2
0 0.285 0.415 -0.0004206576064 2
0 0.285 0.425 0 2
0 0.285 0.435 0 2
0 0.285 0.445 0 2
0 0.285 0.455 0 2
0 0.285 0.465 0 2
0 0.295 -0.455 0 2
0 0.295 -0.445 0 2
0 0.295 -0.435 0 1
0 0.295 -0.425 0 1
0 0.295 -0.415 -0.0003810984611 1
0 0.295 -0.405 -0.000485760319 1
0 0.295 -0.395 0.0003280423472 1
0 0.295 -0.385 0.002168223022 1
0 0.295 -0.375 0.004844812095 1
0 0.295 -0.365 0.007430749855 2
0 0.295 -0.355 0.009746728067 2
0 0.295 -0.345 0.01143886435 2
0 0.295 -0.335 0.01254220014 2
0 0.295 -0.325 0.01327651534 2
0 0.295 -0.315 0.01386382264 2
0 0.295 -0.305 0.01419394171 2
0 0.295 -0.295 0.01426926048 2
0 0.295 -0.285 0.01406903492 2
0 0.295 -0.275 0.01358615171 2
0 0.295 -0.265 0.01280915432 2
0 0.295 -0.255 0.01169083868 2
0 0.295 -0.245 0.01023337999 2
0 0.295 -0.235 0.008423342924 2
0 0.295 -0.225 0.006335430311 2
0 0.295 -0.215 0.004113828377 2
0 0.295 -0.205 0.002520497219 1
0 0.295 -0.195 0.001466486369 1
0 0.295 -0.185 0.0009971546049 1
0 0.295 -0.175 0.0004988335785 1
0 0.295 -0.165 -0.0003321998164 1
0 0.295 -0.155 -0.001479633885 2
0 0.295 -0.145 -0.002734222066 2
0 0.295 -0.135 -0.003879027203 2
0 0.295 -0.125 -0.004900890944 1
0 0.295 -0.115 -0.005913567666 1
0 0.295 -0.105 -0.007043301455 1
0 0.295 -0.095 -0.008408819035 1
0 0.295 -0.085 -0.009979950701 1
0 0.295 -0.075 -0.01152144531 1
0 0.295 -0.065 -0.01297125452 1
0 0.295 -0.055 -0.01440126459 1
0 0.295 -0.045 -0.01586838704 1
0 0.295 -0.035 -0.01730734334 2
0 0.295 -0.025 -0.01832999361 2
0 0.295 -0.015 -0.01876070474 2
0 0.295 -0.005 -0.01887472359 2
0 0.295 0.005 -0.01918354944 2
0 0.295 0.015 -0.01984753793 2
0 0.295 0.025 -0.02083641509 2
0 0.295 0.035 -0.021730679 2
0 0.295 0.045 -0.02219014732 2
0 0.295 0.055 -0.02169264174 2
0 0.295 0.065 -0.02030578268 2
0 0.295 0.075 -0.01831805043 2
0 0.295 0.085 -0.01597210473 2
0 0.295 0.095 -0.01356963755 2
0 0.295 0.105 -0.01107129486 2
0 0.295 0.115 -0.008595374491 2
0 0.295 0.125 -0.006203361865 2
0 0.295 0.135 -0.004057172775 2
0 0.295 0.145 -0.002280959764 2
0 0.295 0.155 -0.0009551541802 2
0 0.295 0.165 -1.886581478e-05 2
0 0.295 0.175 0.0007822283271 2
0 0.295 0.185 0.001736786295 2
0 0.295 0.195 0.003090970856 2
0 0.295 0.205 0.004850422446 2
0 0.295 0.215 0.006890166917 2
0 0.295 0.225 0.008966195853 2
0 0.295 0.235 0.0108841024 2
0 0.295 0.245 0.01251923427 2
0 0.295 0.255 0.01385262631 2
0 0.295 0.265 0.01488065158 2
0 0.295 0.275 0.01559922014 2
0 0.295 0.285 0.01600891519 2
0 0.295 0.295 0.01610700886 2
0 0.295 0.305 0.01588859939 2
0 0.295 0.315 0.01534652834 2
0 0.295 0.325 0.01447183385 2
0 0.295 0.335 0.01326057084 2
0 0.295 0.345 0.01171169614 2
0 0.295 0.355 0.009853820904 2
0 0.295 0.365 0.007688918747 2
0 0.295 0.375 0.005370987347 2
0 0.295 0.385 0.002657248679 2
0 0.295 0.395 0.0005445702657 2
0 0.295 0.405 -0.000459262732 2
0 0.295 0.415 -0.0004174361287 2
0 0.295 0.425 0 2
0 0.295 0.435 0 2
0 0.295 0.445 0 2
0 0.295 0.455 0 2
0 0.295 0.465 0 2
0 0.305 -0.455 0 2
0 0.305 -0.445 0 2
0 0.305 -0.435 0 2
0 0.305 -0.425 0 1
0 0.305 -0.415 -0.0006357392003 1
0 0.305 -0.405 -0.0009178186936 1
0 0.305 -0.395 0.0001676962432 1
0 0.305 -0.385 0.002533473132 1
0 0.305 -0.375 0.005849124832 1
0 0.305 -0.365 0.008587621661 2
0 0.305 -0.355 0.01091120777 2
0 0.305 -0.345 0.01245247353 2
0 0.305 -0.335 0.01333954183 2
0 0.305 -0.325 0.01386650505 2
0 0.305 -0.315 0.01431923894 2
0 0.305 -0.305 0.01454220804 2
0 0.305 -0.295 0.01453703105 2
0 0.305 -0.285 0.0142794662 2
0 0.305 -0.275 0.01377249617 2
0 0.305 -0.265 0.01301755539 2
0 0.305 -0.255 0.01201993283 2
0 0.305 -0.245 0.01075848668 2
0 0.305 -0.235 0.009090996667 2
0 0.305 -0.225 0.007033302749 2
0 0.305 -0.215 0.004764171635 1
0 0.305 -0.205 0.003063289339 1
0 0.305 -0.195 0.001846323505 1
0 0.305 -0.185 0.001058999213 1
0 0.305 -0.175 0.0002667352295 1
0 0.305 -0.165 -0.0005529478683 1
0 0.305 -0.155 -0.001445425287 1
0 0.305 -0.145 -0.00246862648 2
0 0.305 -0.135 -0.003410298499 1
0 0.305 -0.125 -0.004206039809 1
0 0.305 -0.115 -0.005203983954 1
0 0.305 -0.105 -0.006660305178 1
0 0.305 -0.095 -0.008537641692 1
0 0.305 -0.085 -0.01059719347 1
0 0.305 -0.075 -0.01253338348 1
0 0.305 -0.065 -0.01421396201 1
0 0.305 -0.055 -0.01561344281 1
0 0.305 -0.045 -0.01676586703 1
0 0.305 -0.035 -0.01765330506 1
0 0.305 -0.025 -0.01822035789 1
0 0.305 -0.015 -0.01832293576 1
0 0.305 -0.005 -0.01819731287 1
0 0.305 0.005 -0.0183179267 1
0 0.305 0.015 -0.01901604915 1
0 0.305 0.025 -0.0202472078 2
0 0.305 0.035 -0.0215258142 2
0 0.305 0.045 -0.02246531318 2
0 0.305 0.055 -0.0223017079 2
0 0.305 0.065 -0.02094567474 2
0 0.305 0.075 -0.01874027195 2
0 0.305 0.085 -0.01611933992 2
0 0.305 0.095 -0.01348246025 2
0 0.305 0.105 -0.01072601462 2
0 0.305 0.115 -0.008024818096 2
0 0.305 0.125 -0.005491820821 2
0 0.305 0.135 -0.003340616576 2
0 0.305 0.145 -0.001761998038 2
0 0.305 0.155 -0.0008168819484 2
0 0.305 0.165 -0.0003301943602 2
0 0.305 0.175 0.0001099924806 2
0 0.305 0.185 0.0008268350713 2
0 0.305 0.195 0.002093705313 2
0 0.305 0.205 0.003920255227 2
0 0.305 0.215 0.006162580418 2
0 0.305 0.225 0.008483377103 2
0 0.305 0.235 0.01060502806 2
0 0.305 0.245 0.01237230894 2
0 0.305 0.255 0.01376219135 2
0 0.305 0.265 0.01481290998 2
0 0.305 0.275 0.01552858755 2
0 0.305 0.285 0.01591804075 2
0 0.305 0.295 0.01598317776 2
0 0.305 0.305 0.01572408717 2
0 0.305 0.315 0.01513954539 2
0 0.305 0.325 0.01422855311 2
0 0.305 0.335 0.01299544971 2
0 0.305 0.345 0.01144673599 2
0 0.305 0.355 0.009613374423 2
0 0.305 0.365 0.007494040624 2
0 0.305 0.375 0.005230808511 2
0 0.305 0.385 0.002563597039 2
0 0.305 0.395 0.0004809863532 2
0 0.305 0.405 -0.0004918825341 2
0 0.305 0.415 -0.0004341962113 2
0 0.305 0.425 0 2
0 0.305 0.435 0 2
0 0.305 0.445 0 2
0 0.305 0.455 0 2
0 0.305 0.465 0 2
0 0.315 -0.455 0 2
0 0.315 -0.445 0 2
0 0.315 -0.435 0 2
0 0.315 -0.425 0 1
0 0.315 -0.415 -0.0009153932314 1
0 0.315 -0.405 -0.001431682578 1
0 0.315 -0.395 -2.999849937e-05 1
0 0.315 -0.385 0.002920620591 1
0 0.315 -0.375 0.006912168722 1
0 0.315 -0.365 0.009679903634 2
0 0.315 -0.355 0.01197203127 2
0 0.315 -0.345 0.01333573574 2
0 0.315 -0.335 0.01401786563 2
0 0.315 -0.325 0.01439693511 2
0 0.315 -0.315 0.01475144511 2
0 0.315 -0.305 0.01489106762 2
0 0.315 -0.295 0.0148126482 2
0 0.315 -0.285 0.01449457666 2
0 0.315 -0.275 0.01395670407 2
0 0.315 -0.265 0.01322482633 2
0 0.315 -0.255 0.01236590451 2
0 0.315 -0.245 0.01131849657 2
0 0.315 -0.235 0.009856527188 2
0 0.315 -0.225 0.007964969284 2
0 0.315 -0.215 0.005931386191 1
0 0.315 -0.205 0.004122030562 1
0 0.315 -0.195 0.002716428093 1
0 0.315 -0.185 0.001518234664 1
0 0.315 -0.175 0.0004525330942 1
0 0.315 -0.165 -0.0004131388342 1
0 0.315 -0.155 -0.001199794149 1
0 0.315 -0.145 -0.002018216792 1
0 0.315 -0.135 -0.002847698686 1
0 0.315 -0.125 -0.003735290874 1
0 0.315 -0.115 -0.005020269666 1
0 0.315 -0.105 -0.006976434534 1
0 0.315 -0.095 -0.009329474667 1
0 0.315 -0.085 -0.01170347206 1
0 0.315 -0.075 -0.01386153396 1
0 0.315 -0.065 -0.0156500123 1
0 0.315 -0.055 -0.01701344214 1
0 0.315 -0.045 -0.0179843793 1
0 0.315 -0.035 -0.01858443562 1
0 0.315 -0.025 -0.01883395185 1
0 0.315 -0.015 -0.01872936362 1
0 0.315 -0.005 -0.0185015697 1
0 0.315 0.005 -0.01838019419 1
0 0.315 0.015 -0.01867910243 1
0 0.315 0.025 -0.01969651074 1
0 0.315 0.035 -0.02126450624 1
0 0.315 0.045 -0.02276011668 2
0 0.315 0.055 -0.02295584445 2
0 0.315 0.065 -0.02157691601 2
0 0.315 0.075 -0.01913794547 2
0 0.315 0.085 -0.01623258642 2
0 0.315 0.095 -0.01333223911 2
0 0.315 0.105 -0.01031558501 2
0 0.315 0.115 -0.007427025491 2
0 0.315 0.125 -0.004864209101 2
0 0.315 0.135 -0.002871821365 2
0 0.315 0.145 -0.001560687907 2
0 0.315 0.155 -0.0009089393847 2
0 0.315 0.165 -0.0007177416628 2
0 0.315 0.175 -0.0005190564951 2
0 0.315 0.185 0.0001035928908 2
0 0.315 0.195 0.001378901744 2
0 0.315 0.205 0.003340580768 2
0 0.315 0.215 0.005729881404 2
0 0.315 0.225 0.00823237413 2
0 0.315 0.235 0.010493573 2
0 0.315 0.245 0.01235644866 2
0 0.315 0.255 0.0137760418 2
0 0.315 0.265 0.0148310294 2
0 0.315 0.275 0.01553349604 2
0 0.315 0.285 0.01589898978 2
0 0.315 0.295 0.01593320476 2
0 0.315 0.305 0.01563988499 2
0 0.315 0.315 0.01502194126 2
0 0.315 0.325 0.01408324904 2
0 0.315 0.335 0.01283282344 2
0 0.315 0.345 0.01128070687 2
0 0.315 0.355 0.009458292611 2
0 0.315 0.365 0.007361116387 2
0 0.315 0.375 0.005124320238 2
0 0.315 0.385 0.002477121772 2
0 0.315 0.395 0.000407572981 2
0 0.315 0.405 -0.000534218328 2
0 0.315 0.415 -0.0004570995284 2
0 0.315 0.425 0 2
0 0.315 0.435 0 2
0 0.315 0.445 0 2
0 0.315 0.455 0 2
0 0.315 0.465 0 2
0 0.325 -0.455 0 2
0 0.325 -0.445 0 2
0 0.325 -0.435 0 2
0 0.325 -0.425 0 2
0 0.325 -0.415 -0.001076784057 1
0 0.325 -0.405 -0.001722877646 1
0 0.325 -0.395 -7.874785364e-05 1
0 0.325 -0.385 0.003348391573 1
0 0.325 -0.375 0.007781407325 2
0 0.325 -0.365 0.01058487606 2
0 0.325 -0.355 0.01274834018 2
0 0.325 -0.345 0.01391195048 2
0 0.325 -0.335 0.01449118048 2
0 0.325 -0.325 0.014831065 2
0 0.325 -0.315 0.01514103092 2
0 0.325 -0.305 0.01522753117 2
0 0.325 -0.295 0.01508400533 2
0 0.325 -0.285 0.01468625959 2
0 0.325 -0.275 0.01407189038 2
0 0.325 -0.265 0.01330646499 2
0 0.325 -0.255 0.01253334169 2
0 0.325 -0.245 0.01170591532 2
0 0.325 -0.235 0.01055480898 2
0 0.325 -0.225 0.008938205658 2
0 0.325 -0.215 0.007212467763 1
0 0.325 -0.205 0.005408883831 1
0 0.325 -0.195 0.003908638011 1
0 0.325 -0.185 0.00249968781 1
0 0.325 -0.175 0.001314109495 1
0 0.325 -0.165 0.00032543829 1
0 0.325 -0.155 -0.0005413975272 1
0 0.325 -0.145 -0.001342236695 1
0 0.325 -0.135 -0.002268729972 1
0 0.325 -0.125 -0.003562144251 1
0 0.325 -0.115 -0.005376472867 1
0 0.325 -0.105 -0.007802085451 1
0 0.325 -0.095 -0.01049195475 1
0 0.325 -0.085 -0.01312584889 1
0 0.325 -0.075 -0.01542624708 1
0 0.325 -0.065 -0.01722483441 1
0 0.325 -0.055 -0.01853950459 1
0 0.325 -0.045 -0.01938333576 1
0 0.325 -0.035 -0.0198269222 1
0 0.325 -0.025 -0.01994732389 1
0 0.325 -0.015 -0.01978039261 1
0 0.325 -0.005 -0.01950309357 1
0 0.325 0.005 -0.01915996162 1
0 0.325 0.015 -0.01909888899 1
0 0.325 0.025 -0.01992109198 1
0 0.325 0.035 -0.02148529524 1
0 0.325 0.045 -0.02312191957 2
0 0.325 0.055 -0.0234339137 2
0 0.325 0.065 -0.02200588471 2
0 0.325 0.075 -0.01943446236 2
0 0.325 0.085 -0.01632698756 2
0 0.325 0.095 -0.01321776345 2
0 0.325 0.105 -0.01002589948 2
0 0.325 0.115 -0.007055404677 2
0 0.325 0.125 -0.00458279194 2
0 0.325 0.135 -0.00282328414 2
0 0.325 0.145 -0.001650959009 2
0 0.325 0.155 -0.001019011967 2
0 0.325 0.165 -0.0009294229418 1
0 0.325 0.175 -0.0009635245931 1
0 0.325 0.185 -0.000399455738 1
0 0.325 0.195 0.00101357893 2
0 0.325 0.205 0.003292790842 2
0 0.325 0.215 0.005794579486 2
0 0.325 0.225 0.00834192061 2
0 0.325 0.235 0.01063057127 2
0 0.325 0.245 0.01250574636 2
0 0.325 0.255 0.01391097392 2
0 0.325 0.265 0.01494243201 2
0 0.325 0.275 0.01561671727 2
0 0.325 0.285 0.01595138085 2
0 0.325 0.295 0.01595374685 2
0 0.325 0.305 0.01562913489 2
0 0.325 0.315 0.01498257207 2
0 0.325 0.325 0.01402038246 2
0 0.325 0.335 0.01275380026 2
0 0.325 0.345 0.01119421712 2
0 0.325 0.355 0.009372601023 2
0 0.325 0.365 0.007282134639 2
0 0.325 0.375 0.005053808687 2
0 0.325 0.385 0.002410978445 2
0 0.325 0.395 0.0003423631485 2
0 0.325 0.405 -0.0005734729965 2
0 0.325 0.415 -0.0004799953507 2
0 0.325 0.425 0 2
0 0.325 0.435 0 2
0 0.325 0.445 0 2
0 0.325 0.455 0 2
0 0.325 0.465 0 2
0 0.335 -0.455 0 2
0 0.335 -0.445 0 2
0 0.335 -0.435 0 2
0 0.335 -0.425 0 2
0 0.335 -0.415 -0.0009891240764 2
0 0.335 -0.405 -0.001445710323 2
0 0.335 -0.395 0.00031435177 2
0 0.335 -0.385 0.003859420858 2
0 0.335 -0.375 0.008259093026 2
0 0.335 -0.365 0.01106462137 2
0 0.335 -0.355 0.01305121507 2
0 0.335 -0.345 0.01411367424 2
0 0.335 -0.335 0.01474018141 2
0 0.335 -0.325 0.01516271691 2
0 0.335 -0.315 0.0154978482 2
0 0.335 -0.305 0.01556898471 2
0 0.335 -0.295 0.01536084436 2
0 0.335 -0.285 0.01484431732 2
0 0.335 -0.275 0.01408846907 2
0 0.335 -0.265 0.01323029842 2
0 0.335 -0.255 0.01246391484 2
0 0.335 -0.245 0.01183967952 2
0 0.335 -0.235 0.01106278537 2
0 0.335 -0.225 0.009839906226 2
0 0.335 -0.215 0.008319515777 2
0 0.335 -0.205 0.006615704106 1
0 0.335 -0.195 0.005154864805 1
0 0.335 -0.185 0.003822122639 1
0 0.335 -0.175 0.002653418467 1
0 0.335 -0.165 0.001576372882 1
0 0.335 -0.155 0.0005560807335 1
0 0.335 -0.145 -0.0005103197218 1
0 0.335 -0.135 -0.001853237765 1
0 0.335 -0.125 -0.003682134234 1
0 0.335 -0.115 -0.006009919416 1
0 0.335 -0.105 -0.008868200733 1
0 0.335 -0.095 -0.01196225505 1
0 0.335 -0.085 -0.01489163409 1
0 0.335 -0.075 -0.01722860537 1
0 0.335 -0.065 -0.01886245111 1
0 0.335 -0.055 -0.02001516047 1
0 0.335 -0.045 -0.02070891406 1
0 0.335 -0.035 -0.02112171359 1
0 0.335 -0.025 -0.02128383591 1
0 0.335 -0.015 -0.0211793087 1
0 0.335 -0.005 -0.02093766294 1
0 0.335 0.005 -0.02044178752 1
0 0.335 0.015 -0.02003707707 1
0 0.335 0.025 -0.02058394727 1
0 0.335 0.035 -0.02198472423 1
0 0.335 0.045 -0.02356396153 2
0 0.335 0.055 -0.02382018381 2
0 0.335 0.065 -0.02229698511 2
0 0.335 0.075 -0.01964106224 2
0 0.335 0.085 -0.01642841365 2
0 0.335 0.095 -0.01320876403 2
0 0.335 0.105 -0.009989135841 2
0 0.335 0.115 -0.007092521871 2
0 0.335 0.125 -0.004693979594 2
0 0.335 0.135 -0.003032724949 2
0 0.335 0.145 -0.002029436345 1
0 0.335 0.155 -0.00158045739 1
0 0.335 0.165 -0.001380380438 1
0 0.335 0.175 -0.001114007054 1
0 0.335 0.185 -0.0003081931877 1
0 0.335 0.195 0.001272047344 1
0 0.335 0.205 0.003727405589 2
0 0.335 0.215 0.006347818202 2
0 0.335 0.225 0.008870169393 2
0 0.335 0.235 0.0110482574 2
0 0.335 0.245 0.01282825196 2
0 0.335 0.255 0.01416743219 2
0 0.335 0.265 0.01514376086 2
0 0.335 0.275 0.01577335662 2
0 0.335 0.285 0.01606916638 2
0 0.335 0.295 0.0160372496 2
0 0.335 0.305 0.01568212133 2
0 0.335 0.315 0.01500901996 2
0 0.335 0.325 0.01402491776 2
0 0.335 0.335 0.01274171452 2
0 0.335 0.345 0.01117102905 2
0 0.335 0.355 0.009343091454 2
0 0.335 0.365 0.007249495088 2
0 0.335 0.375 0.005018448906 2
0 0.335 0.385 0.002370819684 2
0 0.335 0.395 0.0002941940038 2
0 0.335 0.405 -0.0006032856567 2
0 0.335 0.415 -0.0004996940053 2
0 0.335 0.425 0 2
0 0.335 0.435 0 2
0 0.335 0.445 0 2
0 0.335 0.455 0 2
0 0.335 0.465 0 2
0 0.345 -0.455 0 2
0 0.345 -0.445 0 2
0 0.345 -0.435 0 2
0 0.345 -0.425 0 2
0 0.345 -0.415 -0.0006986261562 2
0 0.345 -0.405 -0.0007481418946 2
0 0.345 -0.395 0.001017878133 2
0 0.345 -0.385 0.004360618086 2
0 0.345 -0.375 0.008329831553 2
0 0.345 -0.365 0.01096307959 2
0 0.345 -0.355 0.01283623858 2
0 0.345 -0.345 0.01399319069 2
0 0.345 -0.335 0.01480037761 2
0 0.345 -0.325 0.01541752091 2
0 0.345 -0.315 0.01585547157 2
0 0.345 -0.305 0.01594843859 2
0 0.345 -0.295 0.01567303258 2
0 0.345 -0.285 0.01500133993 2
0 0.345 -0.275 0.01402094349 2
0 0.345 -0.265 0.01299901726 2
0 0.345 -0.255 0.01214700935 2
0 0.345 -0.245 0.0116650729 2
0 0.345 -0.235 0.01125479255 2
0 0.345 -0.225 0.01050730833 2
0 0.345 -0.215 0.009237988377 2
0 0.345 -0.205 0.007825380186 1
0 0.345 -0.195 0.006507878286 1
0 0.345 -0.185 0.005280318125 1
0 0.345 -0.175 0.004068152287 1
0 0.345 -0.165 0.002903494407 1
0 0.345 -0.155 0.001696831526 1
0 0.345 -0.145 0.0002152213037 1
0 0.345 -0.135 -0.001738057681 1
0 0.345 -0.125 -0.004187716691 1
0 0.345 -0.115 -0.006992702688 1
0 0.345 -0.105 -0.01022133153 1
0 0.345 -0.095 -0.01360953309 1
0 0.345 -0.085 -0.01673092423 1
0 0.345 -0.075 -0.01913838698 1
0 0.345 -0.065 -0.02067203848 1
0 0.345 -0.055 -0.0215950634 1
0 0.345 -0.045 -0.02202561748 1
0 0.345 -0.035 -0.02238283706 1
0 0.345 -0.025 -0.02261221049 1
0 0.345 -0.015 -0.02260354846 1
0 0.345 -0.005 -0.0223899735 1
0 0.345 0.005 -0.0218864541 1
0 0.345 0.015 -0.02143838594 1
0 0.345 0.025 -0.02185872134 1
0 0.345 0.035 -0.02293911179 1
0 0.345 0.045 -0.02406290218 2
0 0.345 0.055 -0.02399945247 2
0 0.345 0.065 -0.0223913247 2
0 0.345 0.075 -0.01977904328 2
0 0.345 0.085 -0.0166323061 2
0 0.345 0.095 -0.01344304219 2
0 0.345 0.105 -0.01033580638 2
0 0.345 0.115 -0.007535889385 2
0 0.345 0.125 -0.005156104667 2
0 0.345 0.135 -0.003613199624 1
0 0.345 0.145 -0.002787341516 1
0 0.345 0.155 -0.002353907785 1
0 0.345 0.165 -0.001831365477 1
0 0.345 0.175 -0.001072283908 1
0 0.345 0.185 0.0001227868581 1
0 0.345 0.195 0.002025158634 1
0 0.345 0.205 0.004614103659 2
0 0.345 0.215 0.007318864467 2
0 0.345 0.225 0.00975397554 2
0 0.345 0.235 0.01171536871 2
0 0.345 0.245 0.01329704698 2
0 0.345 0.255 0.01452561376 2
0 0.345 0.265 0.01541957588 2
0 0.345 0.275 0.01599073563 2
0 0.345 0.285 0.01624130778 2
0 0.345 0.295 0.01617329495 2
0 0.345 0.305 0.01578826566 2
0 0.345 0.315 0.01509007809 2
0 0.345 0.325 0.01408503402 2
0 0.345 0.335 0.01278468501 2
0 0.345 0.345 0.01120026898 2
0 0.345 0.355 0.009361174033 2
0 0.345 0.365 0.007258033179 2
0 0.345 0.375 0.005016910218 2
0 0.345 0.385 0.002358712382 2
0 0.345 0.395 0.0002668927548 2
0 0.345 0.405 -0.0006209014669 2
0 0.345 0.415 -0.0005147558155 2
0 0.345 0.425 0 2
0 0.345 0.435 0 2
0 0.345 0.445 0 2
0 0.345 0.455 0 2
0 0.345 0.465 0 2
0 0.355 -0.455 0 2
0 0.355 -0.445 0 2
0 0.355 -0.435 0 2
0 0.355 -0.425 0 2
0 0.355 -0.415 -0.0003639268671 2
0 0.355 -0.405 -9.960331321e-06 2
0 0.355 -0.395 0.001716578143 2
0 0.355 -0.385 0.004689899755 2
0 0.355 -0.375 0.008015110001 2
0 0.355 -0.365 0.0104237675 2
0 0.355 -0.355 0.01230308106 2
0 0.355 -0.345 0.01368217906 2
0 0.355 -0.335 0.0147518423 2
0 0.355 -0.325 0.01562762869 2
0 0.355 -0.315 0.01623933471 2
0 0.355 -0.305 0.01640766968 2
0 0.355 -0.295 0.01603451221 2
0 0.355 -0.285 0.01507565238 2
0 0.355 -0.275 0.01379241853 2
0 0.355 -0.265 0.0126283449 2
0 0.355 -0.255 0.01180848446 2
0 0.355 -0.245 0.01154401557 2
0 0.355 -0.235 0.01139453604 2
0 0.355 -0.225 0.01095011904 2
0 0.355 -0.215 0.0100747142 1
0 0.355 -0.205 0.009063492053 1
0 0.355 -0.195 0.007986603226 1
0 0.355 -0.185 0.006799844957 1
0 0.355 -0.175 0.005448385136 1
0 0.355 -0.165 0.004024367205 1
0 0.355 -0.155 0.002406326137 1
0 0.355 -0.145 0.0003903594397 1
0 0.355 -0.135 -0.002148562481 1
0 0.355 -0.125 -0.005090230153 1
0 0.355 -0.115 -0.008243067847 1
0 0.355 -0.105 -0.011683143 1
0 0.355 -0.095 -0.01525783184 1
0 0.355 -0.085 -0.01856210368 2
0 0.355 -0.075 -0.02104238688 2
0 0.355 -0.065 -0.02240691472 1
0 0.355 -0.055 -0.02305832853 1
0 0.355 -0.045 -0.0234377922 1
0 0.355 -0.035 -0.02390613231 1
0 0.355 -0.025 -0.02424046031 1
0 0.355 -0.015 -0.0243250684 1
0 0.355 -0.005 -0.02415994497 1
0 0.355 0.005 -0.02369375002 1
0 0.355 0.015 -0.02321269918 1
0 0.355 0.025 -0.02338370682 1
0 0.355 0.035 -0.02404385449 1
0 0.355 0.045 -0.0246257402 2
0 0.355 0.055 -0.02415894299 2
0 0.355 0.065 -0.02246317854 2
0 0.355 0.075 -0.01998496626 2
0 0.355 0.085 -0.0170527709 2
0 0.355 0.095 -0.0140353118 2
0 0.355 0.105 -0.01101346213 2
0 0.355 0.115 -0.008092871536 2
0 0.355 0.125 -0.005804553536 1
0 0.355 0.135 -0.004423310249 1
0 0.355 0.145 -0.003758107413 1
0 0.355 0.155 -0.003212172954 1
0 0.355 0.165 -0.002263943291 1
0 0.355 0.175 -0.0009173130278 1
0 0.355 0.185 0.0007946807623 1
0 0.355 0.195 0.003067737017 1
0 0.355 0.205 0.005809390722 2
0 0.355 0.215 0.008533104462 2
0 0.355 0.225 0.01082539983 2
0 0.355 0.235 0.01253207357 2
0 0.355 0.245 0.01385569736 2
0 0.355 0.255 0.01494742551 2
0 0.355 0.265 0.01574371601 2
0 0.355 0.275 0.01624951911 2
0 0.355 0.285 0.01645271387 2
0 0.355 0.295 0.01634924086 2
0 0.355 0.305 0.01593622275 2
0 0.355 0.315 0.01521501521 2
0 0.355 0.325 0.01419039358 2
0 0.355 0.335 0.01287296692 2
0 0.355 0.345 0.01127331369 2
0 0.355 0.355 0.009419995109 2
0 0.355 0.365 0.007303195503 2
0 0.355 0.375 0.005047074198 2
0 0.355 0.385 0.002374568767 2
0 0.355 0.395 0.0002615871698 2
0 0.355 0.405 -0.0006254082742 2
0 0.355 0.415 -0.0005246223997 2
0 0.355 0.425 0 2
0 0.355 0.435 0 2
0 0.355 0.445 0 2
0 0.355 0.455 0 2
0 0.355 0.465 0 2
0 0.365 -0.455 0 2
0 0.365 -0.445 0 2
0 0.365 -0.435 0 2
0 0.365 -0.425 0 2
0 0.365 -0.415 -0.000124337125 2
0 0.365 -0.405 0.0004779007679 2
0 0.365 -0.395 0.002051349527 2
0 0.365 -0.385 0.004652945161 2
0 0.365 -0.375 0.007442945114 2
0 0.365 -0.365 0.009763072001 2
0 0.365 -0.355 0.01172364035 2
0 0.365 -0.345 0.01332119548 2
0 0.365 -0.335 0.01465019026 2
0 0.365 -0.325 0.01580590887 2
0 0.365 -0.315 0.0166410393 2
0 0.365 -0.305 0.01687842898 2
0 0.365 -0.295 0.01635361333 2
0 0.365 -0.285 0.01508593283 2
0 0.365 -0.275 0.01366744949 2
0 0.365 -0.265 0.01243501476 2
0 0.365 -0.255 0.01169715104 1
0 0.365 -0.245 0.01155670538 1
0 0.365 -0.235 0.01162496582 1
0 0.365 -0.225 0.01150578021 1
0 0.365 -0.215 0.0110949109 1
0 0.365 -0.205 0.01037831631 1
0 0.365 -0.195 0.009421144497 1
0 0.365 -0.185 0.008159188873 1
0 0.365 -0.175 0.00661109858 1
0 0.365 -0.165 0.004782662192 1
0 0.365 -0.155 0.002573652697 1
0 0.365 -0.145 -4.209139409e-05 1
0 0.365 -0.135 -0.003090728101 1
0 0.365 -0.125 -0.006380061054 2
0 0.365 -0.115 -0.009865534208 2
0 0.365 -0.105 -0.01334919839 2
0 0.365 -0.095 -0.01661700496 2
0 0.365 -0.085 -0.01963416575 2
0 0.365 -0.075 -0.02215415909 2
0 0.365 -0.065 -0.02379508086 2
0 0.365 -0.055 -0.02456463093 2
0 0.365 -0.045 -0.02494223113 1
0 0.365 -0.035 -0.02539984359 1
0 0.365 -0.025 -0.02588060847 1
0 0.365 -0.015 -0.02610080565 1
0 0.365 -0.005 -0.0259328573 1
0 0.365 0.005 -0.02547334253 1
0 0.365 0.015 -0.02515877072 1
0 0.365 0.025 -0.02521078385 2
0 0.365 0.035 -0.02530027343 2
0 0.365 0.045 -0.02509013923 2
0 0.365 0.055 -0.02416444722 2
0 0.365 0.065 -0.02250543027 2
0 0.365 0.075 -0.02030221821 2
0 0.365 0.085 -0.01769032751 2
0 0.365 0.095 -0.01489634501 2
0 0.365 0.105 -0.0119164476 2
0 0.365 0.115 -0.008830371016 2
0 0.365 0.125 -0.006650748651 1
0 0.365 0.135 -0.005311114441 1
0 0.365 0.145 -0.004587949283 1
0 0.365 0.155 -0.00370570648 1
0 0.365 0.165 -0.002352743072 1
0 0.365 0.175 -0.0005911526335 1
0 0.365 0.185 0.001542520142 1
0 0.365 0.195 0.004213883299 1
0 0.365 0.205 0.007115744453 2
0 0.365 0.215 0.009824729738 2
0 0.365 0.225 0.01191481521 2
0 0.365 0.235 0.01335583449 2
0 0.365 0.245 0.01442949856 2
0 0.365 0.255 0.01538283417 2
0 0.365 0.265 0.01608291902 2
0 0.365 0.275 0.01652606814 2
0 0.365 0.285 0.0166858954 2
0 0.365 0.295 0.01655144331 2
0 0.365 0.305 0.01611474503 2
0 0.365 0.315 0.01537407649 2
0 0.365 0.325 0.01433227579 2
0 0.365 0.335 0.01299876948 2
0 0.365 0.345 0.01138345088 2
0 0.365 0.355 0.009514175873 2
0 0.365 0.365 0.007381140778 2
0 0.365 0.375 0.005106652889 2
0 0.365 0.385 0.002417349997 2
0 0.365 0.395 0.0002781053667 2
0 0.365 0.405 -0.0006167767111 2
0 0.365 0.415 -0.0005291770282 2
0 0.365 0.425 0 2
0 0.365 0.435 0 2
0 0.365 0.445 0 2
0 0.365 0.455 0 2
0 0.365 0.465 0 2
0 0.375 -0.455 0 2
0 0.375 -0.445 0 2
0 0.375 -0.435 0 2
0 0.375 -0.425 0 2
0 0.375 -0.415 7.086098265e-05 2
0 0.375 -0.405 0.0008797393231 2
0 0.375 -0.395 0.002274323791 2
0 0.375 -0.385 0.004571006339 2
0 0.375 -0.375 0.006932193591 2
0 0.375 -0.365 0.009201509882 2
0 0.375 -0.355 0.01124456607 2
0 0.375 -0.345 0.01299435157 2
0 0.375 -0.335 0.01449443423 2
0 0.375 -0.325 0.01589574498 2
0 0.375 -0.315 0.01697639196 2
0 0.375 -0.305 0.01732862529 2
0 0.375 -0.295 0.01672071899 2
0 0.375 -0.285 0.01514651749 2
0 0.375 -0.275 0.01357404089 1
0 0.375 -0.265 0.01240068188 1
0 0.375 -0.255 0.01205460267 1
0 0.375 -0.245 0.01215573602 1
0 0.375 -0.235 0.01228091488 1
0 0.375 -0.225 0.01223671616 1
0 0.375 -0.215 0.01196306263 1
0 0.375 -0.205 0.01138858978 1
0 0.375 -0.195 0.01046360513 1
0 0.375 -0.185 0.009101745515 1
0 0.375 -0.175 0.00731238057 1
0 0.375 -0.165 0.005009497982 1
0 0.375 -0.155 0.002209803323 1
0 0.375 -0.145 -0.0009485585878 1
0 0.375 -0.135 -0.004365819664 2
0 0.375 -0.125 -0.007854559931 2
0 0.375 -0.115 -0.01139146413 2
0 0.375 -0.105 -0.01466492307 2
0 0.375 -0.095 -0.01760365006 2
0 0.375 -0.085 -0.0203331878 2
0 0.375 -0.075 -0.02260579934 2
0 0.375 -0.065 -0.02422642703 2
0 0.375 -0.055 -0.02529434058 2
0 0.375 -0.045 -0.0261083591 2
0 0.375 -0.035 -0.02682791245 2
0 0.375 -0.025 -0.02742443558 2
0 0.375 -0.015 -0.02770593028 2
0 0.375 -0.005 -0.02762100881 2
0 0.375 0.005 -0.02720800653 2
0 0.375 0.015 -0.02674828401 2
0 0.375 0.025 -0.02634346973 2
0 0.375 0.035 -0.02593902348 2
0 0.375 0.045 -0.02534481117 2
0 0.375 0.055 -0.02426404076 2
0 0.375 0.065 -0.02271707399 2
0 0.375 0.075 -0.02081899775 2
0 0.375 0.085 -0.01858952813 2
0 0.375 0.095 -0.01595805775 2
0 0.375 0.105 -0.01288571497 2
0 0.375 0.115 -0.009688146271 1
0 0.375 0.125 -0.007436755976 1
0 0.375 0.135 -0.006002836222 1
0 0.375 0.145 -0.005048593317 1
0 0.375 0.155 -0.003858930222 1
0 0.375 0.165 -0.002230919507 1
0 0.375 0.175 -0.00011764111 1
0 0.375 0.185 0.002409044601 1
0 0.375 0.195 0.005419600314 1
0 0.375 0.205 0.008347856702 2
0 0.375 0.215 0.01099839096 2
0 0.375 0.225 0.01286777043 2
0 0.375 0.235 0.01405887901 2
0 0.375 0.245 0.01494375883 2
0 0.375 0.255 0.01578018633 2
0 0.375 0.265 0.0164020886 2
0 0.375 0.275 0.01679557835 2
0 0.375 0.285 0.01692296514 2
0 0.375 0.295 0.01676657165 2
0 0.375 0.305 0.01631347731 2
0 0.375 0.315 0.01555882018 2
0 0.375 0.325 0.01450351375 2
0 0.375 0.335 0.013155896 2
0 0.375 0.345 0.01152538831 2
0 0.375 0.355 0.009639387557 2
0 0.375 0.365 0.007488572413 2
0 0.375 0.375 0.005193374634 2
0 0.375 0.385 0.002485629256 2
0 0.375 0.395 0.0003156939299 2
0 0.375 0.405 -0.0005953520897 2
0 0.375 0.415 -0.000528504709 2
0 0.375 0.425 0 2
0 0.375 0.435 0 2
0 0.375 0.445 0 2
0 0.375 0.455 0 2
0 0.375 0.465 0 2
0 0.385 -0.455 0 2
0 0.385 -0.445 0 2
0 0.385 -0.435 0 2
0 0.385 -0.425 0 2
0 0.385 -0.415 0.0003506479166 2
0 0.385 -0.405 0.001500246476 2
0 0.385 -0.395 0.002870773726 2
0 0.385 -0.385 0.004821184685 2
0 0.385 -0.375 0.006709339971 2
0 0.385 -0.365 0.008842289893 2
0 0.385 -0.355 0.01085893603 2
0 0.385 -0.345 0.01266590886 2
0 0.385 -0.335 0.01425363778 2
0 0.385 -0.325 0.01584095215 2
0 0.385 -0.315 0.01716055239 2
0 0.385 -0.305 0.01765364492 2
0 0.385 -0.295 0.01695801135 2
0 0.385 -0.285 0.01525211606 1
0 0.385 -0.275 0.01375958869 1
0 0.385 -0.265 0.01289334056 1
0 0.385 -0.255 0.01277523975 1
0 0.385 -0.245 0.01295785971 1
0 0.385 -0.235 0.01307223717 1
0 0.385 -0.225 0.01301188289 1
0 0.385 -0.215 0.01268010157 1
0 0.385 -0.205 0.01203145246 1
0 0.385 -0.195 0.01098908354 1
0 0.385 -0.185 0.009467137493 1
0 0.385 -0.175 0.00738827991 1
0 0.385 -0.165 0.004665813466 1
0 0.385 -0.155 0.001439662816 1
0 0.385 -0.145 -0.002100651015 1
0 0.385 -0.135 -0.005726287063 2
0 0.385 -0.125 -0.009322022475 2
0 0.385 -0.115 -0.01266685236 2
0 0.385 -0.105 -0.01556943622 2
0 0.385 -0.095 -0.01815516887 2
0 0.385 -0.085 -0.02053209996 2
0 0.385 -0.075 -0.02258347615 2
0 0.385 -0.065 -0.02428055396 2
0 0.385 -0.055 -0.02563748529 2
0 0.385 -0.045 -0.02669814179 2
0 0.385 -0.035 -0.02759361581 2
0 0.385 -0.025 -0.02830012587 2
0 0.385 -0.015 -0.02863880325 2
0 0.385 -0.005 -0.02858780044 2
0 0.385 0.005 -0.02818827881 2
0 0.385 0.015 -0.02768212714 2
0 0.385 0.025 -0.02712401719 2
0 0.385 0.035 -0.02640037977 2
0 0.385 0.045 -0.02549963232 2
0 0.385 0.055 -0.0243612605 2
0 0.385 0.065 -0.0229842211 2
0 0.385 0.075 -0.0214413096 2
0 0.385 0.085 -0.01958937103 2
0 0.385 0.095 -0.01708835175 2
0 0.385 0.105 -0.01393799128 2
0 0.385 0.115 -0.01066008165 1
0 0.385 0.125 -0.008132685703 1
0 0.385 0.135 -0.006475015451 1
0 0.385 0.145 -0.005260191575 1
0 0.385 0.155 -0.003850864855 1
0 0.385 0.165 -0.001898999107 1
0 0.385 0.175 0.000592064249 1
0 0.385 0.185 0.003505143565 1
0 0.385 0.195 0.006682621133 2
0 0.385 0.205 0.009553962759 2
0 0.385 0.215 0.01195761264 2
0 0.385 0.225 0.0135330784 2
0 0.385 0.235 0.01454201587 2
0 0.385 0.245 0.0153329863 2
0 0.385 0.255 0.01609348395 2
0 0.385 0.265 0.01666898631 2
0 0.385 0.275 0.01703527105 2
0 0.385 0.285 0.01714786203 2
0 0.385 0.295 0.01698317763 2
0 0.385 0.305 0.01652401786 2
0 0.385 0.315 0.01576275632 2
0 0.385 0.325 0.01469878909 2
0 0.385 0.335 0.01333979065 2
0 0.385 0.345 0.01169517143 2
0 0.385 0.355 0.009792263715 2
0 0.385 0.365 0.007622754778 2
0 0.385 0.375 0.005305158 2
0 0.385 0.385 0.002577939711 2
0 0.385 0.395 0.0003734248342 2
0 0.385 0.405 -0.0005615728214 2
0 0.385 0.415 -0.0005227633453 2
0 0.385 0.425 0 2
0 0.385 0.435 0 2
0 0.385 0.445 0 2
0 0.385 0.455 0 2
0 0.385 0.465 0 2
0 0.395 -0.455 0 2
0 0.395 -0.445 0 2
0 0.395 -0.435 0 2
0 0.395 -0.425 0 2
0 0.395 -0.415 0.0007226193775 2
0 0.395 -0.405 0.002335024391 2
0 0.395 -0.395 0.003944164317 2
0 0.395 -0.385 0.005587091021 2
0 0.395 -0.375 0.006905451222 2
0 0.395 -0.365 0.008751208949 2
0 0.395 -0.355 0.01054263621 2
0 0.395 -0.345 0.01222650834 2
0 0.395 -0.335 0.01376122469 2
0 0.395 -0.325 0.0154002363 2
0 0.395 -0.315 0.01688826326 2
0 0.395 -0.305 0.01763189077 2
0 0.395 -0.295 0.01711406345 2
0 0.395 -0.285 0.01561925424 1
0 0.395 -0.275 0.01418303066 1
0 0.395 -0.265 0.01354926634 1
0 0.395 -0.255 0.01363139126 1
0 0.395 -0.245 0.0138581738 1
0 0.395 -0.235 0.01384157698 1
0 0.395 -0.225 0.0135822493 1
0 0.395 -0.215 0.0130193127 1
0 0.395 -0.205 0.0121260369 1
0 0.395 -0.195 0.01090706772 1
0 0.395 -0.185 0.009296394826 1
0 0.395 -0.175 0.007021438433 2
0 0.395 -0.165 0.003946663799 2
0 0.395 -0.155 0.0003904150946 2
0 0.395 -0.145 -0.003345952729 2
0 0.395 -0.135 -0.006981278619 2
0 0.395 -0.125 -0.01041629399 2
0 0.395 -0.115 -0.01342087536 2
0 0.395 -0.105 -0.0159905322 2
0 0.395 -0.095 -0.01833883456 2
0 0.395 -0.085 -0.02056087668 2
0 0.395 -0.075 -0.02254487792 2
0 0.395 -0.065 -0.02424876856 2
0 0.395 -0.055 -0.02570336436 2
0 0.395 -0.045 -0.02692828304 2
0 0.395 -0.035 -0.02795074673 2
0 0.395 -0.025 -0.02868433273 2
0 0.395 -0.015 -0.02903024945 2
0 0.395 -0.005 -0.02901076717 2
0 0.395 0.005 -0.02864304079 2
0 0.395 0.015 -0.02806722535 2
0 0.395 0.025 -0.02737603124 2
0 0.395 0.035 -0.02653556875 2
0 0.395 0.045 -0.02557462832 2
0 0.395 0.055 -0.02448987433 2
0 0.395 0.065 -0.02327373681 2
0 0.395 0.075 -0.0220733732 2
0 0.395 0.085 -0.02057548434 2
0 0.395 0.095 -0.01828041235 2
0 0.395 0.105 -0.01512098205 2
0 0.395 0.115 -0.01168770005 1
0 0.395 0.125 -0.008865364278 1
0 0.395 0.135 -0.006889986845 1
0 0.395 0.145 -0.005307671831 1
0 0.395 0.155 -0.003523071785 1
0 0.395 0.165 -0.001155794248 1
0 0.395 0.175 0.001624061896 1
0 0.395 0.185 0.004688749714 1
0 0.395 0.195 0.007756168737 2
0 0.395 0.205 0.01053248203 2
0 0.395 0.215 0.01261035748 2
0 0.395 0.225 0.01388787342 2
0 0.395 0.235 0.01478160946 2
0 0.395 0.245 0.0155559471 2
0 0.395 0.255 0.01628918436 2
0 0.395 0.265 0.01685773545 2
0 0.395 0.275 0.01722671963 2
0 0.395 0.285 0.01734815179 2
0 0.395 0.295 0.01719313822 2
0 0.395 0.305 0.01674099246 2
0 0.395 0.315 0.01598203896 2
0 0.395 0.325 0.01491498122 2
0 0.395 0.335 0.01354763224 2
0 0.395 0.345 0.01189013103 2
0 0.395 0.355 0.009970305523 2
0 0.395 0.365 0.007781457462 2
0 0.395 0.375 0.005440137044 2
0 0.395 0.385 0.002692891758 2
0 0.395 0.395 0.0004503547822 2
0 0.395 0.405 -0.0005158560756 2
0 0.395 0.415 -0.0005121291759 2
0 0.395 0.425 0 2
0 0.395 0.435 0 2
0 0.395 0.445 0 2
0 0.395 0.455 0 2
0 0.395 0.465 0 2
0 0.405 -0.455 0 2
0 0.405 -0.445 0 2
0 0.405 -0.435 0 1
0 0.405 -0.425 0 1
0 0.405 -0.415 0.001097307602 1
0 0.405 -0.405 0.003173018659 1
0 0.405 -0.395 0.005137558271 2
0 0.405 -0.385 0.006780624335 2
0 0.405 -0.375 0.007630574286 2
0 0.405 -0.365 0.009050496647 2
0 0.405 -0.355 0.01044902652 2
0 0.405 -0.345 0.01184302782 2
0 0.405 -0.335 0.01319009604 2
0 0.405 -0.325 0.01472457625 2
0 0.405 -0.315 0.01625913493 2
0 0.405 -0.305 0.01730499906 2
0 0.405 -0.295 0.0171558472 2
0 0.405 -0.285 0.01607127457 1
0 0.405 -0.275 0.01486404083 1
0 0.405 -0.265 0.01437122209 1
0 0.405 -0.255 0.01446104816 1
0 0.405 -0.245 0.01464732197 1
0 0.405 -0.235 0.01446289673 1
0 0.405 -0.225 0.0139682605 1
0 0.405 -0.215 0.01311744295 1
0 0.405 -0.205 0.01194679973 1
0 0.405 -0.195 0.01053147299 1
0 0.405 -0.185 0.008769679115 1
0 0.405 -0.175 0.006288180817 2
0 0.405 -0.165 0.003001174445 2
0 0.405 -0.155 -0.0006680247301 2
0 0.405 -0.145 -0.004319853271 2
0 0.405 -0.135 -0.007761954287 2
0 0.405 -0.125 -0.01089245658 2
0 0.405 -0.115 -0.01363045242 2
0 0.405 -0.105 -0.01606324703 2
0 0.405 -0.095 -0.01834254997 2
0 0.405 -0.085 -0.02056360254 2
0 0.405 -0.075 -0.02259369439 2
0 0.405 -0.065 -0.02438720035 2
0 0.405 -0.055 -0.02593066344 2
0 0.405 -0.045 -0.02721433206 2
0 0.405 -0.035 -0.02822742039 2
0 0.405 -0.025 -0.02893137869 2
0 0.405 -0.015 -0.02926867844 2
0 0.405 -0.005 -0.02923578713 2
0 0.405 0.005 -0.02886614621 2
0 0.405 0.015 -0.02824811546 2
0 0.405 0.025 -0.02745723064 2
0 0.405 0.035 -0.02653786775 2
0 0.405 0.045 -0.02553842543 2
0 0.405 0.055 -0.02450225933 2
0 0.405 0.065 -0.02342625862 2
0 0.405 0.075 -0.02251206826 2
0 0.405 0.085 -0.02133433667 2
0 0.405 0.095 -0.01931934678 2
0 0.405 0.105 -0.01630612983 2
0 0.405 0.115 -0.01284056021 1
0 0.405 0.125 -0.009702705509 1
0 0.405 0.135 -0.007224177509 1
0 0.405 0.145 -0.005081540821 1
0 0.405 0.155 -0.002854500532 1
0 0.405 0.165 -0.0002226681293 1
0 0.405 0.175 0.002689429856 1
0 0.405 0.185 0.005755646453 2
0 0.405 0.195 0.00865865305 2
0 0.405 0.205 0.01111612709 2
0 0.405 0.215 0.01280547477 2
0 0.405 0.225 0.01389405724 2
0 0.405 0.235 0.014760884 2
0 0.405 0.245 0.01558759824 2
0 0.405 0.255 0.0163456962 2
0 0.405 0.265 0.01695128217 2
0 0.405 0.275 0.01735873216 2
0 0.405 0.285 0.01751755172 2
0 0.405 0.295 0.01739357907 2
0 0.405 0.305 0.01696336252 2
0 0.405 0.315 0.01621624584 2
0 0.405 0.325 0.01515154003 2
0 0.405 0.335 0.01377842778 2
0 0.405 0.345 0.01210881923 2
0 0.405 0.355 0.01017175785 2
0 0.405 0.365 0.007962836595 2
0 0.405 0.375 0.005596581776 2
0 0.405 0.385 0.002829130799 2
0 0.405 0.395 0.0005455158825 2
0 0.405 0.405 -0.0004586019928 2
0 0.405 0.415 -0.0004967930173 2
0 0.405 0.425 0 2
0 0.405 0.435 0 2
0 0.405 0.445 0 2
0 0.405 0.455 0 2
0 0.405 0.465 0 2
0 0.415 -0.455 0 2
0 0.415 -0.445 0 2
0 0.415 -0.435 0 1
0 0.415 -0.425 0 1
0 0.415 -0.415 0.001447462428 1
0 0.415 -0.405 0.003991984763 1
0 0.415 -0.395 0.00625226079 1
0 0.415 -0.385 0.007976801705 2
0 0.415 -0.375 0.008587651793 2
0 0.415 -0.365 0.009628357237 2
0 0.415 -0.355 0.0105424258 2
0 0.415 -0.345 0.01152791953 2
0 0.415 -0.335 0.01255232748 2
0 0.415 -0.325 0.01386966879 2
0 0.415 -0.315 0.0153765581 2
0 0.415 -0.305 0.01670616267 2
0 0.415 -0.295 0.017077964 2
0 0.415 -0.285 0.01660322861 1
0 0.415 -0.275 0.01583290891 1
0 0.415 -0.265 0.01543715078 1
0 0.415 -0.255 0.01537839308 1
0 0.415 -0.245 0.01543270657 1
0 0.415 -0.235 0.01510675135 1
0 0.415 -0.225 0.01441944876 1
0 0.415 -0.215 0.01320268012 1
0 0.415 -0.205 0.01170231845 1
0 0.415 -0.195 0.01005784147 1
0 0.415 -0.185 0.008029310485 2
0 0.415 -0.175 0.005326067051 2
0 0.415 -0.165 0.002055227489 2
0 0.415 -0.155 -0.001384049286 2
0 0.415 -0.145 -0.004716504653 2
0 0.415 -0.135 -0.007870565854 2
0 0.415 -0.125 -0.01080112695 2
0 0.415 -0.115 -0.01347387934 2
0 0.415 -0.105 -0.01597217642 2
0 0.415 -0.095 -0.01834293507 2
0 0.415 -0.085 -0.02062516611 2
0 0.415 -0.075 -0.02271967282 2
0 0.415 -0.065 -0.02459548508 2
0 0.415 -0.055 -0.02621658084 2
0 0.415 -0.045 -0.02755398439 2
0 0.415 -0.035 -0.02857734421 2
0 0.415 -0.025 -0.0292538317 2
0 0.415 -0.015 -0.02955330599 2
0 0.415 -0.005 -0.02947022289 2
0 0.415 0.005 -0.02902728601 2
0 0.415 0.015 -0.02828809944 2
0 0.415 0.025 -0.02734531852 2
0 0.415 0.035 -0.02630078841 2
0 0.415 0.045 -0.0252460164 2
0 0.415 0.055 -0.02425255279 2
0 0.415 0.065 -0.0233106442 2
0 0.415 0.075 -0.02261537751 2
0 0.415 0.085 -0.02173263546 2
0 0.415 0.095 -0.02003188793 2
0 0.415 0.105 -0.01723908255 2
0 0.415 0.115 -0.01388581186 1
0 0.415 0.125 -0.01055300591 1
0 0.415 0.135 -0.007620808997 1
0 0.415 0.145 -0.004873202603 1
0 0.415 0.155 -0.002189307163 1
0 0.415 0.165 0.0006359521219 1
0 0.415 0.175 0.003623376574 2
0 0.415 0.185 0.006582992069 2
0 0.415 0.195 0.009196256438 2
0 0.415 0.205 0.01118217722 2
0 0.415 0.215 0.01254704377 2
0 0.415 0.225 0.01357220081 2
0 0.415 0.235 0.01449192507 2
0 0.415 0.245 0.01540948162 2
0 0.415 0.255 0.01624364975 2
0 0.415 0.265 0.01693536122 2
0 0.415 0.275 0.01742516065 2
0 0.415 0.285 0.01765630055 2
0 0.415 0.295 0.01758821302 2
0 0.415 0.305 0.01719562692 2
0 0.415 0.315 0.01646904805 2
0 0.415 0.325 0.01541070906 2
0 0.415 0.335 0.01403295512 2
0 0.415 0.345 0.01235081161 2
0 0.415 0.355 0.01039536915 2
0 0.415 0.365 0.008165204931 2
0 0.415 0.375 0.005772701388 2
0 0.415 0.385 0.002985149084 2
0 0.415 0.395 0.0006577649831 2
0 0.415 0.405 -0.0003902990531 2
0 0.415 0.415 -0.0004769967978 2
0 0.415 0.425 0 2
0 0.415 0.435 0 2
0 0.415 0.445 0 2
0 0.415 0.455 0 2
0 0.415 0.465 0 2
0 0.425 -0.455 0 1
0 0.425 -0.445 0 1
0 0.425 -0.435 0 1
0 0.425 -0.425 0 1
0 0.425 -0.415 0.001688991371 1
0 0.425 -0.405 0.004601952768 1
0 0.425 -0.395 0.007203665321 1
0 0.425 -0.385 0.008935676622 1
0 0.425 -0.375 0.009402912299 2
0 0.425 -0.365 0.01034673472 2
0 0.425 -0.355 0.01095113849 2
0 0.425 -0.345 0.01155922909 2
0 0.425 -0.335 0.01227844029 2
0 0.425 -0.325 0.0132960331 2
0 0.425 -0.315 0.01454323086 2
0 0.425 -0.305 0.01591508591 2
0 0.425 -0.295 0.0168703658 2
0 0.425 -0.285 0.01717965341 2
0 0.425 -0.275 0.01697337896 1
0 0.425 -0.265 0.01659826872 1
0 0.425 -0.255 0.01635398966 1
0 0.425 -0.245 0.01613549231 1
0 0.425 -0.235 0.01555933126 1
0 0.425 -0.225 0.01468017898 1
0 0.425 -0.215 0.01331816124 1
0 0.425 -0.205 0.01162648812 2
0 0.425 -0.195 0.009614745847 2
0 0.425 -0.185 0.007172263291 2
0 0.425 -0.175 0.004376000341 2
0 0.425 -0.165 0.001372168744 2
0 0.425 -0.155 -0.001646650678 2
0 0.425 -0.145 -0.004644059238 2
0 0.425 -0.135 -0.007597688679 2
0 0.425 -0.125 -0.01048447558 2
0 0.425 -0.115 -0.01321779905 2
0 0.425 -0.105 -0.01582444955 2
0 0.425 -0.095 -0.01830730966 2
0 0.425 -0.085 -0.02066335006 2
0 0.425 -0.075 -0.02283794243 2
0 0.425 -0.065 -0.02479480381 2
0 0.425 -0.055 -0.02649168894 2
0 0.425 -0.045 -0.02789116329 2
0 0.425 -0.035 -0.0289556911 2
0 0.425 -0.025 -0.02964665405 2
0 0.425 -0.015 -0.02992590916 2
0 0.425 -0.005 -0.02977169228 2
0 0.425 0.005 -0.02917759427 2
0 0.425 0.015 -0.02820290967 2
0 0.425 0.025 -0.02697827338 2
0 0.425 0.035 -0.02568876934 2
0 0.425 0.045 -0.02453889766 2
0 0.425 0.055 -0.02361759477 2
0 0.425 0.065 -0.02287010306 2
0 0.425 0.075 -0.022370318 2
0 0.425 0.085 -0.02168328589 2
0 0.425 0.095 -0.02030366807 2
0 0.425 0.105 -0.01787332324 2
0 0.425 0.115 -0.01469518854 2
0 0.425 0.125 -0.01125772923 1
0 0.425 0.135 -0.007972742311 1
0 0.425 0.145 -0.004809524125 1
0 0.425 0.155 -0.001762626107 2
0 0.425 0.165 0.001247187941 2
0 0.425 0.175 0.004213715511 2
0 0.425 0.185 0.006936856411 2
0 0.425 0.195 0.009150420283 2
0 0.425 0.205 0.01074470182 2
0 0.425 0.215 0.01192574485 2
0 0.425 0.225 0.01296605318 2
0 0.425 0.235 0.01399156507 2
0 0.425 0.245 0.01502355028 2
0 0.425 0.255 0.01598573572 2
0 0.425 0.265 0.01681619704 2
0 0.425 0.275 0.01743702731 2
0 0.425 0.285 0.01777797643 2
0 0.425 0.295 0.01779060672 2
0 0.425 0.305 0.01744924328 2
0 0.425 0.315 0.01674864996 2
0 0.425 0.325 0.01569741664 2
0 0.425 0.335 0.0143134067 2
0 0.425 0.345 0.012616282 2
0 0.425 0.355 0.01063999009 2
0 0.425 0.365 0.008386682752 2
0 0.425 0.375 0.005966347278 2
0 0.425 0.385 0.003158982993 2
0 0.425 0.395 0.0007855261142 2
0 0.425 0.405 -0.0003117096016 2
0 0.425 0.415 -0.0004531001906 2
0 0.425 0.425 0 2
0 0.425 0.435 0 2
0 0.425 0.445 0 2
0 0.425 0.455 0 2
0 0.425 0.465 0 2
0 0.435 -0.455 0 1
0 0.435 -0.445 0 1
0 0.435 -0.435 0 1
0 0.435 -0.425 0 1
0 0.435 -0.415 0.00178881976 1
0 0.435 -0.405 0.004906061181 1
0 0.435 -0.395 0.007824620599 1
0 0.435 -0.385 0.009729531655 1
0 0.435 -0.375 0.0101815497 1
0 0.435 -0.365 0.01103501205 1
0 0.435 -0.355 0.01153481746 1
0 0.435 -0.345 0.01195672818 1
0 0.435 -0.335 0.01243820961 1
0 0.435 -0.325 0.01312815214 1
0 0.435 -0.315 0.01409656201 1
0 0.435 -0.305 0.01533506982 2
0 0.435 -0.295 0.01658854628 2
0 0.435 -0.285 0.0174047044 2
0 0.435 -0.275 0.01783089598 2
0 0.435 -0.265 0.01756360367 2
0 0.435 -0.255 0.01704391916 1
0 0.435 -0.245 0.01645162191 2
0 0.435 -0.235 0.01575906374 2
0 0.435 -0.225 0.01480135552 2
0 0.435 -0.215 0.01337007412 2
0 0.435 -0.205 0.01147610463 2
0 0.435 -0.195 0.009215344597 2
0 0.435 -0.185 0.006630037873 2
0 0.435 -0.175 0.003905790006 2
0 0.435 -0.165 0.001149336108 2
0 0.435 -0.155 -0.001592436949 2
0 0.435 -0.145 -0.004384385397 2
0 0.435 -0.135 -0.007236877948 2
0 0.435 -0.125 -0.01010994358 2
0 0.435 -0.115 -0.01291619438 2
0 0.435 -0.105 -0.015633298 2
0 0.435 -0.095 -0.01823140776 2
0 0.435 -0.085 -0.02068571807 2
0 0.435 -0.075 -0.02295914577 2
0 0.435 -0.065 -0.02501071258 2
0 0.435 -0.055 -0.02679669423 2
0 0.435 -0.045 -0.0282748092 2
0 0.435 -0.035 -0.02940368612 2
0 0.435 -0.025 -0.03013520081 2
0 0.435 -0.015 -0.03041794881 2
0 0.435 -0.005 -0.03019718802 2
0 0.435 0.005 -0.02941003591 2
0 0.435 0.015 -0.02811200997 2
0 0.435 0.025 -0.02647254678 2
0 0.435 0.035 -0.02479701856 2
0 0.435 0.045 -0.02347702248 2
0 0.435 0.055 -0.02257952651 2
0 0.435 0.065 -0.02200224529 2
0 0.435 0.075 -0.02166301674 2
0 0.435 0.085 -0.02108508175 2
0 0.435 0.095 -0.01994571711 2
0 0.435 0.105 -0.01786524856 2
0 0.435 0.115 -0.0149342844 2
0 0.435 0.125 -0.01168655102 2
0 0.435 0.135 -0.008366557366 2
0 0.435 0.145 -0.005002079037 2
0 0.435 0.155 -0.001650925363 2
0 0.435 0.165 0.001555452802 2
0 0.435 0.175 0.004431694238 2
0 0.435 0.185 0.006774898482 2
0 0.435 0.195 0.008550218012 2
0 0.435 0.205 0.009876136286 2
0 0.435 0.215 0.01096553704 2
0 0.435 0.225 0.01203361606 2
0 0.435 0.235 0.01314951933 2
0 0.435 0.245 0.01432149168 2
0 0.435 0.255 0.01550200331 2
0 0.435 0.265 0.01656968556 2
0 0.435 0.275 0.01740637834 2
0 0.435 0.285 0.01791007932 2
0 0.435 0.295 0.0180262226 2
0 0.435 0.305 0.01774329154 2
0 0.435 0.315 0.01706757084 2
0 0.435 0.325 0.0160186039 2
0 0.435 0.335 0.0146225757 2
0 0.435 0.345 0.01290528919 2
0 0.435 0.355 0.01090399913 2
0 0.435 0.365 0.008624745216 2
0 0.435 0.375 0.006174647469 2
0 0.435 0.385 0.003347838658 2
0 0.435 0.395 0.0009264681314 2
0 0.435 0.405 -0.0002241076877 2
0 0.435 0.415 -0.0004256654854 2
0 0.435 0.425 0 2
0 0.435 0.435 0 2
0 0.435 0.445 0 2
0 0.435 0.455 0 2
0 0.435 0.465 0 2
0 0.445 -0.455 0 1
0 0.445 -0.445 0 1
0 0.445 -0.435 0 1
0 0.445 -0.425 0 1
0 0.445 -0.415 0.001639247189 1
0 0.445 -0.405 0.004634928792 1
0 0.445 -0.395 0.007589723155 1
0 0.445 -0.385 0.009751177435 1
0 0.445 -0.375 0.01054441228 1
0 0.445 -0.365 0.01153729068 1
0 0.445 -0.355 0.01220099825 1
0 0.445 -0.345 0.01273552158 1
0 0.445 -0.335 0.01324827153 1
0 0.445 -0.325 0.01379169266 1
0 0.445 -0.315 0.01432463477 1
0 0.445 -0.305 0.01505149862 1
0 0.445 -0.295 0.01633869585 1
0 0.445 -0.285 0.01753589648 2
0 0.445 -0.275 0.01834502367 2
0 0.445 -0.265 0.01811262689 2
0 0.445 -0.255 0.017330711 2
0 0.445 -0.245 0.01633242229 2
0 0.445 -0.235 0.01540492963 2
0 0.445 -0.225 0.01448267672 2
0 0.445 -0.215 0.01327116032 2
0 0.445 -0.205 0.01147719553 2
0 0.445 -0.195 0.009204207188 2
0 0.445 -0.185 0.006629106798 2
0 0.445 -0.175 0.003976804719 2
0 0.445 -0.165 0.001332793774 2
0 0.445 -0.155 -0.001362321502 2
0 0.445 -0.145 -0.004114314213 2
0 0.445 -0.135 -0.006940593685 2
0 0.445 -0.125 -0.009797913027 2
0 0.445 -0.115 -0.01263782418 2
0 0.445 -0.105 -0.0154261286 2
0 0.445 -0.095 -0.01812207766 2
0 0.445 -0.085 -0.02068597119 2
0 0.445 -0.075 -0.0230722871 2
0 0.445 -0.065 -0.02523478128 2
0 0.445 -0.055 -0.0271280271 2
0 0.445 -0.045 -0.02870654904 2
0 0.445 -0.035 -0.02992940393 2
0 0.445 -0.025 -0.03073816277 2
0 0.445 -0.015 -0.03108405017 2
0 0.445 -0.005 -0.03085664761 2
0 0.445 0.005 -0.02990707695 2
0 0.445 0.015 -0.02821456184 2
0 0.445 0.025 -0.02594780669 2
0 0.445 0.035 -0.02368132546 2
0 0.445 0.045 -0.02202065829 2
0 0.445 0.055 -0.02112014974 2
0 0.445 0.065 -0.0207788273 2
0 0.445 0.075 -0.02062975097 2
0 0.445 0.085 -0.02015337315 2
0 0.445 0.095 -0.01910565442 2
0 0.445 0.105 -0.0172814179 2
0 0.445 0.115 -0.01469067381 2
0 0.445 0.125 -0.01167431598 2
0 0.445 0.135 -0.008407172718 2
0 0.445 0.145 -0.005059626676 2
0 0.445 0.155 -0.001709835553 2
0 0.445 0.165 0.001421475701 2
0 0.445 0.175 0.004042318246 2
0 0.445 0.185 0.006060926283 2
0 0.445 0.195 0.0075978714 2
0 0.445 0.205 0.008817733817 2
0 0.445 0.215 0.009876084189 2
0 0.445 0.225 0.01096253352 2
0 0.445 0.235 0.01213835431 2
0 0.445 0.245 0.01345614094 2
0 0.445 0.255 0.01491533305 2
0 0.445 0.265 0.0162926224 2
0 0.445 0.275 0.01740309176 2
0 0.445 0.285 0.01810571544 2
0 0.445 0.295 0.0183348047 2
0 0.445 0.305 0.01810380652 2
0 0.445 0.315 0.0174410064 2
0 0.445 0.325 0.0163814366 2
0 0.445 0.335 0.01496236125 2
0 0.445 0.345 0.01321672246 2
0 0.445 0.355 0.01118458039 2
0 0.445 0.365 0.008875715003 2
0 0.445 0.375 0.006393628257 2
0 0.445 0.385 0.003547710945 2
0 0.445 0.395 0.001077176864 2
0 0.445 0.405 -0.0001295276658 2
0 0.445 0.415 -0.0003955446196 2
0 0.445 0.425 0 2
0 0.445 0.435 0 2
0 0.445 0.445 0 2
0 0.445 0.455 0 2
0 0.445 0.465 0 2
0 0.455 -0.455 0 1
0 0.455 -0.445 0 1
0 0.455 -0.435 0 1
0 0.455 -0.425 0 1
0 0.455 -0.415 0.00125655449 1
0 0.455 -0.405 0.003788905458 1
0 0.455 -0.395 0.00654289008 1
0 0.455 -0.385 0.008994702203 1
0 0.455 -0.375 0.01042317036 1
0 0.455 -0.365 0.01186648104 1
0 0.455 -0.355 0.01290265687 1
0 0.455 -0.345 0.01370772311 1
0 0.455 -0.335 0.01432924622 1
0 0.455 -0.325 0.01482843467 1
0 0.455 -0.315 0.01515238984 1
0 0.455 -0.305 0.01555229111 1
0 0.455 -0.295 0.0164889627 1
0 0.455 -0.285 0.0176742547 1
0 0.455 -0.275 0.01862274414 2
0 0.455 -0.265 0.01829084376 2
0 0.455 -0.255 0.01697488886 2
0 0.455 -0.245 0.01556927239 2
0 0.455 -0.235 0.0145621996 2
0 0.455 -0.225 0.01390312117 2
0 0.455 -0.215 0.01308171216 2
0 0.455 -0.205 0.01161231133 2
0 0.455 -0.195 0.009519561752 2
0 0.455 -0.185 0.00699418778 2
0 0.455 -0.175 0.004304938729 2
0 0.455 -0.165 0.001655043562 2
0 0.455 -0.155 -0.001034051748 2
0 0.455 -0.145 -0.003768453333 2
0 0.455 -0.135 -0.006567141523 2
0 0.455 -0.125 -0.009416128661 2
0 0.455 -0.115 -0.01229359211 2
0 0.455 -0.105 -0.01516136687 2
0 0.455 -0.095 -0.01796812302 2
0 0.455 -0.085 -0.02065906581 2
0 0.455 -0.075 -0.02317735753 2
0 0.455 -0.065 -0.02547013318 2
0 0.455 -0.055 -0.02749012541 2
0 0.455 -0.045 -0.02919123492 2
0 0.455 -0.035 -0.03053871776 2
0 0.455 -0.025 -0.03146654275 2
0 0.455 -0.015 -0.03196496625 2
0 0.455 -0.005 -0.03181750201 2
0 0.455 0.005 -0.03070909097 2
0 0.455 0.015 -0.02850618019 2
0 0.455 0.025 -0.02544458239 2
0 0.455 0.035 -0.02263246727 2
0 0.455 0.045 -0.02066596845 2
0 0.455 0.055 -0.01977057513 2
0 0.455 0.065 -0.01951318153 2
0 0.455 0.075 -0.01934286023 2
0 0.455 0.085 -0.01886081355 2
0 0.455 0.095 -0.01779049694 2
0 0.455 0.105 -0.01609754921 2
0 0.455 0.115 -0.01386298243 2
0 0.455 0.125 -0.0112247831 2
0 0.455 0.135 -0.008206411469 2
0 0.455 0.145 -0.005027110816 2
0 0.455 0.155 -0.001953491312 2
0 0.455 0.165 0.0008132932616 2
0 0.455 0.175 0.003164638848 2
0 0.455 0.185 0.005073343951 2
0 0.455 0.195 0.006550414386 2
0 0.455 0.205 0.007750498142 2
0 0.455 0.215 0.008794052496 2
0 0.455 0.225 0.009830892568 2
0 0.455 0.235 0.01103182928 2
0 0.455 0.245 0.01252322146 2
0 0.455 0.255 0.014319707 2
0 0.455 0.265 0.01609372412 2
0 0.455 0.275 0.01753715712 2
0 0.455 0.285 0.01844229635 2
0 0.455 0.295 0.01876957869 2
0 0.455 0.305 0.01856327224 2
0 0.455 0.315 0.01788293879 2
0 0.455 0.325 0.01679059285 2
0 0.455 0.335 0.01533188231 2
0 0.455 0.345 0.01354710318 2
0 0.455 0.355 0.01147699689 2
0 0.455 0.365 0.009134305767 2
0 0.455 0.375 0.006617906103 2
0 0.455 0.385 0.003753080473 2
0 0.455 0.395 0.001232895483 2
0 0.455 0.405 -3.096974795e-05 2
0 0.455 0.415 -0.0003639487023 2
0 0.455 0.425 0 2
0 0.455 0.435 0 2
0 0.455 0.445 0 2
0 0.455 0.455 0 2
0 0.455 0.465 0 2
0 0.465 -0.455 0 1
0 0.465 -0.445 0 1
0 0.465 -0.435 0 1
0 0.465 -0.425 0 1
0 0.465 -0.415 0.0007456075512 1
0 0.465 -0.405 0.002607358773 1
0 0.465 -0.395 0.004939098399 1
0 0.465 -0.385 0.007560604884 1
0 0.465 -0.375 0.00971939274 1
0 0.465 -0.365 0.01181423025 1
0 0.465 -0.355 0.01341385393 1
0 0.465 -0.345 0.01463127267 1
0 0.465 -0.335 0.01551138794 1
0 0.465 -0.325 0.01613681606 1
0 0.465 -0.315 0.01639797014 1
0 0.465 -0.305 0.0165587921 1
0 0.465 -0.295 0.01720248083 1
0 0.465 -0.285 0.01823607206 1
0 0.465 -0.275 0.01882750651 2
0 0.465 -0.265 0.01814683228 2
0 0.465 -0.255 0.01642826897 2
0 0.465 -0.245 0.01471685908 2
0 0.465 -0.235 0.01370815104 2
0 0.465 -0.225 0.01332414246 2
0 0.465 -0.215 0.01291243784 2
0 0.465 -0.205 0.01186378429 2
0 0.465 -0.195 0.00992360999 2
0 0.465 -0.185 0.007375645547 2
0 0.465 -0.175 0.004614588149 2
0 0.465 -0.165 0.001925759704 2
0 0.465 -0.155 -0.0007214481942 2
0 0.465 -0.145 -0.003389877319 2
0 0.465 -0.135 -0.006123814402 2
0 0.465 -0.125 -0.00895269626 2
0 0.465 -0.115 -0.01186511397 2
0 0.465 -0.105 -0.01482158168 2
0 0.465 -0.095 -0.01775633708 2
0 0.465 -0.085 -0.02059748078 2
0 0.465 -0.075 -0.02327178406 2
0 0.465 -0.065 -0.02571644881 2
0 0.465 -0.055 -0.02788182024 2
0 0.465 -0.045 -0.02972429797 2
0 0.465 -0.035 -0.03122150731 2
0 0.465 -0.025 -0.03230436879 2
0 0.465 -0.015 -0.0330312203 2
0 0.465 -0.005 -0.03305509348 2
0 0.465 0.005 -0.03188322437 2
0 0.465 0.015 -0.02922781662 2
0 0.465 0.025 -0.02531127931 2
0 0.465 0.035 -0.0217990072 1
0 0.465 0.045 -0.01939376923 1
0 0.465 0.055 -0.01860044713 1
0 0.465 0.065 -0.01862315609 1
0 0.465 0.075 -0.01848754699 2
0 0.465 0.085 -0.01783165965 2
0 0.465 0.095 -0.01655219398 2
0 0.465 0.105 -0.01483830077 2
0 0.465 0.115 -0.01275429593 2
0 0.465 0.125 -0.0103977711 2
0 0.465 0.135 -0.007775834303 2
0 0.465 0.145 -0.004999890834 2
0 0.465 0.155 -0.002316485336 2
0 0.465 0.165 9.264472922e-05 2
0 0.465 0.175 0.002267922454 2
0 0.465 0.185 0.004156360993 2
0 0.465 0.195 0.005676385556 2
0 0.465 0.205 0.006951622615 2
0 0.465 0.215 0.0080508617 2
0 0.465 0.225 0.009074377283 2
0 0.465 0.235 0.01024332463 2
0 0.465 0.245 0.01182270546 2
0 0.465 0.255 0.0138513988 2
0 0.465 0.265 0.01603034822 2
0 0.465 0.275 0.01788593493 2
0 0.465 0.285 0.01900942186 2
0 0.465 0.295 0.01938900649 2
0 0.465 0.305 0.01914827659 2
0 0.465 0.315 0.01839748752 2
0 0.465 0.325 0.01724338655 2
0 0.465 0.335 0.01572512311 2
0 0.465 0.345 0.01388937692 2
0 0.465 0.355 0.01177399947 2
0 0.465 0.365 0.00939332724 2
0 0.465 0.375 0.006840534872 2
0 0.465 0.385 0.003956776427 2
0 0.465 0.395 0.001387409551 2
0 0.465 0.405 6.749608084e-05 2
0 0.465 0.415 -0.0003324794615 2
0 0.465 0.425 0 2
0 0.465 0.435 0 2
0 0.465 0.445 0 2
0 0.465 0.455 0 2
0 0.465 0.465 0 2
0 0.475 -0.455 0 1
0 0.475 -0.445 0 1
0 0.475 -0.435 0 1
0 0.475 -0.425 0 1
0 0.475 -0.415 0.0002261768466 1
0 0.475 -0.405 0.001396690667 1
0 0.475 -0.395 0.003414235127 1
0 0.475 -0.385 0.006309010993 1
0 0.475 -0.375 0.009188265945 1
0 0.475 -0.365 0.0117438422 1
0 0.475 -0.355 0.01377144721 1
0 0.475 -0.345 0.01537163589 1
0 0.475 -0.335 0.01655916506 1
0 0.475 -0.325 0.01741989287 1
0 0.475 -0.315 0.01781300183 1
0 0.475 -0.305 0.01797655789 1
0 0.475 -0.295 0.01839290086 1
0 0.475 -0.285 0.01901458739 1
0 0.475 -0.275 0.01905028699 2
0 0.475 -0.265 0.01790024138 2
0 0.475 -0.255 0.01580708984 1
0 0.475 -0.245 0.01386253973 1
0 0.475 -0.235 0.01294316197 1
0 0.475 -0.225 0.01285184185 1
0 0.475 -0.215 0.01268819944 2
0 0.475 -0.205 0.0118589219 2
0 0.475 -0.195 0.009955976203 2
0 0.475 -0.185 0.007402136499 2
0 0.475 -0.175 0.004644031227 2
0 0.475 -0.165 0.002038861296 2
0 0.475 -0.155 -0.0004057866869 2
0 0.475 -0.145 -0.002879609388 2
0 0.475 -0.135 -0.005468340099 2
0 0.475 -0.125 -0.008254030015 2
0 0.475 -0.115 -0.01123067708 2
0 0.475 -0.105 -0.01433906726 2
0 0.475 -0.095 -0.01746735557 2
0 0.475 -0.085 -0.02050606033 2
0 0.475 -0.075 -0.02336206756 2
0 0.475 -0.065 -0.02597837125 2
0 0.475 -0.055 -0.02830309571 2
0 0.475 -0.045 -0.03029802085 2
0 0.475 -0.035 -0.03195950716 2
0 0.475 -0.025 -0.03322157881 2
0 0.475 -0.015 -0.03423863291 2
0 0.475 -0.005 -0.03451217455 2
0 0.475 0.005 -0.03325410016 2
0 0.475 0.015 -0.02999154635 2
0 0.475 0.025 -0.02535072602 1
0 0.475 0.035 -0.0214759527 1
0 0.475 0.045 -0.01911481989 1
0 0.475 0.055 -0.01836454023 1
0 0.475 0.065 -0.0181278208 1
0 0.475 0.075 -0.01766108844 1
0 0.475 0.085 -0.01683691024 1
0 0.475 0.095 -0.01551860545 1
0 0.475 0.105 -0.01384695874 1
0 0.475 0.115 -0.01184019325 1
0 0.475 0.125 -0.009624791587 1
0 0.475 0.135 -0.007378940433 1
0 0.475 0.145 -0.005136325098 1
0 0.475 0.155 -0.002723944234 2
0 0.475 0.165 -0.0002691768186 2
0 0.475 0.175 0.001900765878 1
0 0.475 0.185 0.003639120501 1
0 0.475 0.195 0.005155365543 1
0 0.475 0.205 0.006559603857 1
0 0.475 0.215 0.007760943581 1
0 0.475 0.225 0.008792382611 1
0 0.475 0.235 0.009854813876 1
0 0.475 0.245 0.01143092014 1
0 0.475 0.255 0.01364411094 2
0 0.475 0.265 0.01618796527 2
0 0.475 0.275 0.01847852019 2
0 0.475 0.285 0.01982416387 2
0 0.475 0.295 0.0202243045 2
0 0.475 0.305 0.01986916137 2
0 0.475 0.315 0.01897499167 2
0 0.475 0.325 0.01772710073 2
0 0.475 0.335 0.01612975678 2
0 0.475 0.345 0.01423242589 2
0 0.475 0.355 0.01206569134 2
0 0.475 0.365 0.009643708227 2
0 0.475 0.375 0.007053095256 2
0 0.475 0.385 0.004150081511 2
0 0.475 0.395 0.001533140473 2
0 0.475 0.405 0.0001607785943 2
0 0.475 0.415 -0.0003031056397 2
0 0.475 0.425 0 2
0 0.475 0.435 0 2
0 0.475 0.445 0 2
0 0.475 0.455 0 2
0 0.475 0.465 0 2
0 0.485 -0.455 0 1
0 0.485 -0.445 0 1
0 0.485 -0.435 0 1
0 0.485 -0.425 0 1
0 0.485 -0.415 -0.0002307238172 1
0 0.485 -0.405 0.0003173641591 1
0 0.485 -0.395 0.00220858623 1
0 0.485 -0.385 0.005432421384 1
0 0.485 -0.375 0.00897092036 1
0 0.485 -0.365 0.01188315609 1
0 0.485 -0.355 0.01427693591 1
0 0.485 -0.345 0.01620076792 1
0 0.485 -0.335 0.0176981219 1
0 0.485 -0.325 0.01888583875 1
0 0.485 -0.315 0.01954576752 1
0 0.485 -0.305 0.01977669861 1
0 0.485 -0.295 0.01984079504 1
0 0.485 -0.285 0.01964244477 1
0 0.485 -0.275 0.01893359548 2
0 0.485 -0.265 0.01742958921 1
0 0.485 -0.255 0.01538167307 1
0 0.485 -0.245 0.0135889347 1
0 0.485 -0.235 0.01262359506 1
0 0.485 -0.225 0.01239416867 1
0 0.485 -0.215 0.01210871009 2
0 0.485 -0.205 0.01125823656 2
0 0.485 -0.195 0.009437030309 2
0 0.485 -0.185 0.00704410791 2
0 0.485 -0.175 0.004424908328 2
0 0.485 -0.165 0.002003212392 2
0 0.485 -0.155 -0.0001992503102 2
0 0.485 -0.145 -0.002428044989 2
0 0.485 -0.135 -0.004791566725 2
0 0.485 -0.125 -0.007461669047 2
0 0.485 -0.115 -0.01045153584 2
0 0.485 -0.105 -0.01370329469 2
0 0.485 -0.095 -0.01706572322 2
0 0.485 -0.085 -0.02036900261 2
0 0.485 -0.075 -0.02346160067 2
0 0.485 -0.065 -0.02627284245 2
0 0.485 -0.055 -0.02875763839 2
0 0.485 -0.045 -0.03090074578 2
0 0.485 -0.035 -0.03272133118 2
0 0.485 -0.025 -0.03415760021 2
0 0.485 -0.015 -0.035451115 2
0 0.485 -0.005 -0.03592577684 2
0 0.485 0.005 -0.03461473225 2
0 0.485 0.015 -0.03096948247 2
0 0.485 0.025 -0.02591020327 1
0 0.485 0.035 -0.02165077006 1
0 0.485 0.045 -0.01922704544 1
0 0.485 0.055 -0.01846929412 1
0 0.485 0.065 -0.01812925629 1
0 0.485 0.075 -0.01752468001 1
0 0.485 0.085 -0.01656072993 1
0 0.485 0.095 -0.01517283625 1
0 0.485 0.105 -0.01347125626 1
0 0.485 0.115 -0.01144200086 1
0 0.485 0.125 -0.009207034861 1
0 0.485 0.135 -0.007016355708 1
0 0.485 0.145 -0.004865400958 1
0 0.485 0.155 -0.002622958403 1
0 0.485 0.165 -0.0003964920237 1
0 0.485 0.175 0.001665950544 1
0 0.485 0.185 0.003425007778 1
0 0.485 0.195 0.005049801654 1
0 0.485 0.205 0.00662232253 1
0 0.485 0.215 0.007991579774 1
0 0.485 0.225 0.009161719309 1
0 0.485 0.235 0.01019328834 1
0 0.485 0.245 0.01156100338 1
0 0.485 0.255 0.01374174992 1
0 0.485 0.265 0.01650870078 2
0 0.485 0.275 0.01926269816 2
0 0.485 0.285 0.02084172598 2
0 0.485 0.295 0.02121147416 2
0 0.485 0.305 0.02067180525 2
0 0.485 0.315 0.01957988172 2
0 0.485 0.325 0.01821525753 2
0 0.485 0.335 0.01652645361 2
0 0.485 0.345 0.01456120784 2
0 0.485 0.355 0.0123398687 2
0 0.485 0.365 0.009874868 2
0 0.485 0.375 0.007246048923 2
0 0.485 0.385 0.004323107481 2
0 0.485 0.395 0.001661474109 2
0 0.485 0.405 0.0002429919384 2
0 0.485 0.415 -0.0002780765715 2
0 0.485 0.425 0 2
0 0.485 0.435 0 2
0 0.485 0.445 0 2
0 0.485 0.455 0 2
0 0.485 0.465 0 2
0 0.495 -0.455 0 2
0 0.495 -0.445 0 2
0 0.495 -0.435 0 1
0 0.495 -0.425 0 1
0 0.495 -0.415 -0.000587853166 1
0 0.495 -0.405 -0.0005472305927 1
0 0.495 -0.395 0.001256812226 1
0 0.495 -0.385 0.004805820319 2
0 0.495 -0.375 0.00902290261 2
0 0.495 -0.365 0.0122426714 2
0 0.495 -0.355 0.01482304001 1
0 0.495 -0.345 0.01691104079 1
0 0.495 -0.335 0.01875810414 1
0 0.495 -0.325 0.02036830452 1
0 0.495 -0.315 0.02133111739 1
0 0.495 -0.305 0.02158136083 1
0 0.495 -0.295 0.02123195365 1
0 0.495 -0.285 0.02012923086 2
0 0.495 -0.275 0.01871962287 1
0 0.495 -0.265 0.01696214849 1
0 0.495 -0.255 0.01515784199 1
0 0.495 -0.245 0.01360172554 1
0 0.495 -0.235 0.01248355682 1
0 0.495 -0.225 0.01193558676 1
0 0.495 -0.215 0.01149724987 1
0 0.495 -0.205 0.01053602217 2
0 0.495 -0.195 0.008725781449 2
0 0.495 -0.185 0.006394760017 2
0 0.495 -0.175 0.00396251228 2
0 0.495 -0.165 0.001815361259 2
0 0.495 -0.155 -0.0001257329414 2
0 0.495 -0.145 -0.002101245982 2
0 0.495 -0.135 -0.004254585667 2
0 0.495 -0.125 -0.006775125667 2
0 0.495 -0.115 -0.009700105336 2
0 0.495 -0.105 -0.01307224486 2
0 0.495 -0.095 -0.0166725076 2
0 0.495 -0.085 -0.02024849513 2
0 0.495 -0.075 -0.02360363365 2
0 0.495 -0.065 -0.0266204806 2
0 0.495 -0.055 -0.0292553424 2
0 0.495 -0.045 -0.03152177988 2
0 0.495 -0.035 -0.03347616329 2
0 0.495 -0.025 -0.03506334362 2
0 0.495 -0.015 -0.03660072871 2
0 0.495 -0.005 -0.03724095863 2
0 0.495 0.005 -0.03590978569 2
0 0.495 0.015 -0.03197901898 2
0 0.495 0.025 -0.02655580761 1
0 0.495 0.035 -0.02214907104 1
0 0.495 0.045 -0.01974612472 1
0 0.495 0.055 -0.01894166805 1
0 0.495 0.065 -0.01844886326 1
0 0.495 0.075 -0.01767492579 1
0 0.495 0.085 -0.01666615483 1
0 0.495 0.095 -0.01530238445 1
0 0.495 0.105 -0.01356380579 1
0 0.495 0.115 -0.01145313263 1
0 0.495 0.125 -0.009115151391 1
0 0.495 0.135 -0.006824047709 1
0 0.495 0.145 -0.004621165587 1
0 0.495 0.155 -0.002424980629 1
0 0.495 0.165 -0.0002689619121 1
0 0.495 0.175 0.001753126718 1
0 0.495 0.185 0.003565857206 1
0 0.495 0.195 0.005295793866 1
0 0.495 0.205 0.006991490507 1
0 0.495 0.215 0.008507265731 1
0 0.495 0.225 0.00981106523 1
0 0.495 0.235 0.01090162796 1
0 0.495 0.245 0.01215692045 1
0 0.495 0.255 0.01423920743 1
0 0.495 0.265 0.01707560043 1
0 0.495 0.275 0.02013290813 2
0 0.495 0.285 0.02197274495 2
0 0.495 0.295 0.02227940173 2
0 0.495 0.305 0.02148591271 2
0 0.495 0.315 0.02016453219 2
0 0.495 0.325 0.01867401922 2
0 0.495 0.335 0.01689186729 2
0 0.495 0.345 0.01485848151 2
0 0.495 0.355 0.01258310433 2
0 0.495 0.365 0.01007549203 2
0 0.495 0.375 0.007409352789 2
0 0.495 0.385 0.004465420652 2
0 0.495 0.395 0.001763304015 2
0 0.495 0.405 0.0003078484148 2
0 0.495 0.415 -0.0002597784376 2
0 0.495 0.425 0 2
0 0.495 0.435 0 2
0 0.495 0.445 0 2
0 0.495 0.455 0 2
0 0.495 0.465 0 2
0 0.505 -0.455 0 2
0 0.505 -0.445 0 2
0 0.505 -0.435 0 2
0 0.505 -0.425 0 1
0 0.505 -0.415 -0.0007589813934 1
0 0.505 -0.405 -0.0009435798832 1
0 0.505 -0.395 0.0007686755878 1
0 0.505 -0.385 0.004408171243 2
0 0.505 -0.375 0.008956723053 2
0 0.505 -0.365 0.01237915029 2
0 0.505 -0.355 0.01519108179 2
0 0.505 -0.345 0.01752449728 2
0 0.505 -0.335 0.01969807807 2
0 0.505 -0.325 0.02166582612 2
0 0.505 -0.315 0.02295973691 2
0 0.505 -0.305 0.02314164685 2
0 0.505 -0.295 0.0220175161 2
0 0.505 -0.285 0.02002043115 1
0 0.505 -0.275 0.01815753963 1
0 0.505 -0.265 0.01649475398 1
0 0.505 -0.255 0.01515349991 1
0 0.505 -0.245 0.0138507122 1
0 0.505 -0.235 0.01263562551 1
0 0.505 -0.225 0.01182655533 1
0 0.505 -0.215 0.01118447789 1
0 0.505 -0.205 0.009923703409 2
0 0.505 -0.195 0.008007706256 2
0 0.505 -0.185 0.005682017557 2
0 0.505 -0.175 0.00348515494 2
0 0.505 -0.165 0.001569163412 2
0 0.505 -0.155 -0.0002418247187 2
0 0.505 -0.145 -0.002058137283 2
0 0.505 -0.135 -0.004011332238 2
0 0.505 -0.125 -0.006338124296 2
0 0.505 -0.115 -0.009194933477 2
0 0.505 -0.105 -0.01267671214 2
0 0.505 -0.095 -0.01651199059 2
0 0.505 -0.085 -0.02033471794 2
0 0.505 -0.075 -0.02390782578 2
0 0.505 -0.065 -0.02707291579 2
0 0.505 -0.055 -0.02980694981 2
0 0.505 -0.045 -0.03214803517 2
0 0.505 -0.035 -0.03418748734 2
0 0.505 -0.025 -0.03587978386 2
0 0.505 -0.015 -0.03758214035 2
0 0.505 -0.005 -0.03835864075 2
0 0.505 0.005 -0.03706660134 2
0 0.505 0.015 -0.03302376971 2
0 0.505 0.025 -0.02735726278 1
0 0.505 0.035 -0.02280759435 1
0 0.505 0.045 -0.02033130218 1
0 0.505 0.055 -0.01952604101 1
0 0.505 0.065 -0.01907060482 1
0 0.505 0.075 -0.01831024627 1
0 0.505 0.085 -0.01732522203 1
0 0.505 0.095 -0.01594394593 1
0 0.505 0.105 -0.01408615914 1
0 0.505 0.115 -0.01178054824 1
0 0.505 0.125 -0.009214355023 1
0 0.505 0.135 -0.006635163273 1
0 0.505 0.145 -0.00422283533 1
0 0.505 0.155 -0.002031390883 1
0 0.505 0.165 -8.581852062e-06 1
0 0.505 0.175 0.00193769074 1
0 0.505 0.185 0.00385068788 1
0 0.505 0.195 0.005698758396 1
0 0.505 0.205 0.007464077377 1
0 0.505 0.215 0.009093189161 1
0 0.505 0.225 0.01055355063 1
0 0.505 0.235 0.01178394376 1
0 0.505 0.245 0.01304738797 1
0 0.505 0.255 0.01508687962 1
0 0.505 0.265 0.0180348314 1
0 0.505 0.275 0.02109607539 2
0 0.505 0.285 0.02298240832 2
0 0.505 0.295 0.02317369082 2
0 0.505 0.305 0.02216792062 2
0 0.505 0.315 0.02066268862 2
0 0.505 0.325 0.01906382658 2
0 0.505 0.335 0.01720094823 2
0 0.505 0.345 0.01510667796 2
0 0.505 0.355 0.01278206433 2
0 0.505 0.365 0.01023449256 2
0 0.505 0.375 0.007533213775 2
0 0.505 0.385 0.004566819357 2
0 0.505 0.395 0.001829710198 2
0 0.505 0.405 0.0003491608701 2
0 0.505 0.415 -0.0002505535007 2
0 0.505 0.425 0 2
0 0.505 0.435 0 2
0 0.505 0.445 0 2
0 0.505 0.455 0 2
0 0.505 0.465 0 2
0 0.515 -0.455 0 2
0 0.515 -0.445 0 2
0 0.515 -0.435 0 2
0 0.515 -0.425 0 2
0 0.515 -0.415 -0.0007371323939 2
0 0.515 -0.405 -0.0008653209081 2
0 0.515 -0.395 0.0008656577832 2
0 0.515 -0.385 0.004487332187 2
0 0.515 -0.375 0.008938047776 2
0 0.515 -0.365 0.01230487363 2
0 0.515 -0.355 0.01517435493 2
0 0.515 -0.345 0.01771294945 2
0 0.515 -0.335 0.02021729603 2
0 0.515 -0.325 0.02245485466 2
0 0.515 -0.315 0.02384429897 2
0 0.515 -0.305 0.02378557547 2
0 0.515 -0.295 0.02208423515 2
0 0.515 -0.285 0.01973265227 1
0 0.515 -0.275 0.0175890071 1
0 0.515 -0.265 0.01616185756 1
0 0.515 -0.255 0.01527102877 1
0 0.515 -0.245 0.01427321958 1
0 0.515 -0.235 0.01318876815 1
0 0.515 -0.225 0.01231644241 1
0 0.515 -0.215 0.01142004117 1
0 0.515 -0.205 0.009697488684 2
0 0.515 -0.195 0.007449068813 1
0 0.515 -0.185 0.005078020559 1
0 0.515 -0.175 0.003111732572 1
0 0.515 -0.165 0.001335175844 1
0 0.515 -0.155 -0.0004671238505 1
0 0.515 -0.145 -0.002174839572 1
0 0.515 -0.135 -0.003905084256 1
0 0.515 -0.125 -0.006080319832 2
0 0.515 -0.115 -0.00902981644 2
0 0.515 -0.105 -0.01264588723 2
0 0.515 -0.095 -0.01674026491 2
0 0.515 -0.085 -0.02078146993 2
0 0.515 -0.075 -0.02448955093 2
0 0.515 -0.065 -0.02768411303 2
0 0.515 -0.055 -0.03041588671 2
0 0.515 -0.045 -0.03276333601 2
0 0.515 -0.035 -0.03482416233 2
0 0.515 -0.025 -0.03656726854 2
0 0.515 -0.015 -0.0383492613 2
0 0.515 -0.005 -0.03926228479 2
0 0.515 0.005 -0.03809296804 2
0 0.515 0.015 -0.03408925204 2
0 0.515 0.025 -0.02837591517 1
0 0.515 0.035 -0.02361344969 1
0 0.515 0.045 -0.02100716141 1
0 0.515 0.055 -0.020154032 1
0 0.515 0.065 -0.01973737837 1
0 0.515 0.075 -0.0190802358 1
0 0.515 0.085 -0.01819138458 1
0 0.515 0.095 -0.01687207202 1
0 0.515 0.105 -0.0148971139 1
0 0.515 0.115 -0.01235000014 1
0 0.515 0.125 -0.009469216481 1
0 0.515 0.135 -0.006575075139 1
0 0.515 0.145 -0.003970048893 1
0 0.515 0.155 -0.001638943821 1
0 0.515 0.165 0.0004596831886 1
0 0.515 0.175 0.002428113995 1
0 0.515 0.185 0.00433965578 1
0 0.515 0.195 0.006172023307 1
0 0.515 0.205 0.007950795085 1
0 0.515 0.215 0.009667237856 1
0 0.515 0.225 0.01129220932 1
0 0.515 0.235 0.0127253998 1
0 0.515 0.245 0.01416437469 1
0 0.515 0.255 0.01624528396 1
0 0.515 0.265 0.01918140903 1
0 0.515 0.275 0.02205922511 2
0 0.515 0.285 0.02377330484 2
0 0.515 0.295 0.02377749699 2
0 0.515 0.305 0.02263015787 2
0 0.515 0.315 0.02102601603 2
0 0.515 0.325 0.01935384248 2
0 0.515 0.335 0.01743309304 2
0 0.515 0.345 0.01529090226 2
0 0.515 0.355 0.01292517523 2
0 0.515 0.365 0.0103420795 2
0 0.515 0.375 0.007608881433 2
0 0.515 0.385 0.004618137303 2
0 0.515 0.395 0.001852658958 2
0 0.515 0.405 0.0003613653284 2
0 0.515 0.415 -0.000252513504 2
0 0.515 0.425 0 2
0 0.515 0.435 0 2
0 0.515 0.445 0 2
0 0.515 0.455 0 2
0 0.515 0.465 0 2
0 0.525 -0.455 0 2
0 0.525 -0.445 0 2
0 0.525 -0.435 0 2
0 0.525 -0.425 0 2
0 0.525 -0.415 -0.0005791249168 2
0 0.525 -0.405 -0.0004360835398 2
0 0.525 -0.395 0.001355378848 2
0 0.525 -0.385 0.004800429944 2
0 0.525 -0.375 0.00882837226 2
0 0.525 -0.365 0.012014245 2
0 0.525 -0.355 0.01494289929 2
0 0.525 -0.345 0.01765969883 2
0 0.525 -0.335 0.02038144003 2
0 0.525 -0.325 0.02275278523 2
0 0.525 -0.315 0.02409428398 2
0 0.525 -0.305 0.02378774045 2
0 0.525 -0.295 0.0217071941 2
0 0.525 -0.285 0.01915369367 1
0 0.525 -0.275 0.01706993694 1
0 0.525 -0.265 0.01605287491 1
0 0.525 -0.255 0.01552714443 1
0 0.525 -0.245 0.01486865962 1
0 0.525 -0.235 0.01421776483 1
0 0.525 -0.225 0.01354498063 1
0 0.525 -0.215 0.01225323988 2
0 0.525 -0.205 0.00998141526 1
0 0.525 -0.195 0.007358242824 1
0 0.525 -0.185 0.004934246695 1
0 0.525 -0.175 0.002993007648 1
0 0.525 -0.165 0.001162287482 1
0 0.525 -0.155 -0.0007907320722 1
0 0.525 -0.145 -0.002640215166 1
0 0.525 -0.135 -0.004375112889 1
0 0.525 -0.125 -0.00632030137 1
0 0.525 -0.115 -0.00915323618 1
0 0.525 -0.105 -0.01294648495 2
0 0.525 -0.095 -0.01746423439 2
0 0.525 -0.085 -0.02169442659 2
0 0.525 -0.075 -0.02538565232 2
0 0.525 -0.065 -0.028459343 2
0 0.525 -0.055 -0.03106404455 2
0 0.525 -0.045 -0.03334162615 2
0 0.525 -0.035 -0.03535423765 2
0 0.525 -0.025 -0.03708340104 2
0 0.525 -0.015 -0.03883490611 2
0 0.525 -0.005 -0.0398578438 2
0 0.525 0.005 -0.03894455002 2
0 0.525 0.015 -0.03526733736 2
0 0.525 0.025 -0.02977033105 1
0 0.525 0.035 -0.0247360141 1
0 0.525 0.045 -0.0217813253 1
0 0.525 0.055 -0.02064673472 1
0 0.525 0.065 -0.02019513098 1
0 0.525 0.075 -0.01969260913 1
0 0.525 0.085 -0.0190132816 1
0 0.525 0.095 -0.01791875373 1
0 0.525 0.105 -0.01594572715 1
0 0.525 0.115 -0.01317743896 1
0 0.525 0.125 -0.009953645672 1
0 0.525 0.135 -0.006697969782 1
0 0.525 0.145 -0.003814663348 1
0 0.525 0.155 -0.001284202394 1
0 0.525 0.165 0.0009237123073 1
0 0.525 0.175 0.00297091607 1
0 0.525 0.185 0.004909279277 1
0 0.525 0.195 0.006720804554 1
0 0.525 0.205 0.008494637487 1
0 0.525 0.215 0.01033150823 1
0 0.525 0.225 0.0122336721 1
0 0.525 0.235 0.01399409162 1
0 0.525 0.245 0.01565674447 1
0 0.525 0.255 0.01769690449 1
0 0.525 0.265 0.02030751245 1
0 0.525 0.275 0.02281624591 2
0 0.525 0.285 0.02420269954 2
0 0.525 0.295 0.02402295787 2
0 0.525 0.305 0.02283217784 2
0 0.525 0.315 0.02122803094 2
0 0.525 0.325 0.01952591968 2
0 0.525 0.335 0.01757498672 2
0 0.525 0.345 0.01540075977 2
0 0.525 0.355 0.0130038145 2
0 0.525 0.365 0.01039059361 2
0 0.525 0.375 0.007629293453 2
0 0.525 0.385 0.004611913665 2
0 0.525 0.395 0.001825591144 2
0 0.525 0.405 0.0003399611696 2
0 0.525 0.415 -0.0002673822115 2
0 0.525 0.425 0 2
0 0.525 0.435 0 2
0 0.525 0.445 0 2
0 0.525 0.455 0 2
0 0.525 0.465 0 2
0 0.535 -0.455 0 2
0 0.535 -0.445 0 2
0 0.535 -0.435 0 2
0 0.535 -0.425 0 2
0 0.535 -0.415 -0.0004394953914 2
0 0.535 -0.405 -5.735576765e-05 2
0 0.535 -0.395 0.00170903861 2
0 0.535 -0.385 0.004960538555 2
0 0.535 -0.375 0.008665067848 2
0 0.535 -0.365 0.01177577408 2
0 0.535 -0.355 0.01474766364 2
0 0.535 -0.345 0.01753668774 2
0 0.535 -0.335 0.02035168019 2
0 0.535 -0.325 0.02281057474 2
0 0.535 -0.315 0.02407265772 2
0 0.535 -0.305 0.02345936968 2
0 0.535 -0.295 0.02115745084 1
0 0.535 -0.285 0.01856296652 1
0 0.535 -0.275 0.01687153666 1
0 0.535 -0.265 0.01622823154 1
0 0.535 -0.255 0.01591390506 1
0 0.535 -0.245 0.01563441311 1
0 0.535 -0.235 0.01551170803 1
0 0.535 -0.225 0.01506068263 1
0 0.535 -0.215 0.01350062502 2
0 0.535 -0.205 0.01078275736 1
0 0.535 -0.195 0.007670409024 1
0 0.535 -0.185 0.005061482396 1
0 0.535 -0.175 0.002971974052 1
0 0.535 -0.165 0.001007256855 1
0 0.535 -0.155 -0.001080185429 1
0 0.535 -0.145 -0.003095698646 1
0 0.535 -0.135 -0.00496881646 1
0 0.535 -0.125 -0.006953218844 1
0 0.535 -0.115 -0.009731277963 1
0 0.535 -0.105 -0.01362206444 1
0 0.535 -0.095 -0.01844833896 2
0 0.535 -0.085 -0.02295435958 2
0 0.535 -0.075 -0.02658096059 2
0 0.535 -0.065 -0.02936347326 2
0 0.535 -0.055 -0.03170992495 2
0 0.535 -0.045 -0.03385022297 2
0 0.535 -0.035 -0.03575549069 2
0 0.535 -0.025 -0.03741336892 2
0 0.535 -0.015 -0.0390554218 2
0 0.535 -0.005 -0.04015363172 2
0 0.535 0.005 -0.03960984741 2
0 0.535 0.015 -0.03646257791 2
0 0.535 0.025 -0.0313097697 1
0 0.535 0.035 -0.02618527716 1
0 0.535 0.045 -0.02278196811 1
0 0.535 0.055 -0.0211939051 1
0 0.535 0.065 -0.02055725654 1
0 0.535 0.075 -0.02013452482 1
0 0.535 0.085 -0.01965962228 1
0 0.535 0.095 -0.01875660452 1
0 0.535 0.105 -0.01689495758 1
0 0.535 0.115 -0.01397407161 1
0 0.535 0.125 -0.01046165527 1
0 0.535 0.135 -0.006962554854 1
0 0.535 0.145 -0.003864012967 1
0 0.535 0.155 -0.001143461969 1
0 0.535 0.165 0.001226350064 1
0 0.535 0.175 0.003396598243 1
0 0.535 0.185 0.005394668922 1
0 0.535 0.195 0.007245456095 1
0 0.535 0.205 0.009127520057 1
0 0.535 0.215 0.01119129311 1
0 0.535 0.225 0.01339488394 1
0 0.535 0.235 0.01537187403 1
0 0.535 0.245 0.01719519544 1
0 0.535 0.255 0.01925463969 1
0 0.535 0.265 0.02146112024 2
0 0.535 0.275 0.02337983325 2
0 0.535 0.285 0.02423775659 2
0 0.535 0.295 0.02390043823 2
0 0.535 0.305 0.02278351765 2
0 0.535 0.315 0.02126827725 2
0 0.535 0.325 0.01957701944 2
0 0.535 0.335 0.0176221413 2
0 0.535 0.345 0.0154313365 2
0 0.535 0.355 0.01301297143 2
0 0.535 0.365 0.01037499468 2
0 0.535 0.375 0.007589473004 2
0 0.535 0.385 0.00454281324 2
0 0.535 0.395 0.001743793396 2
0 0.535 0.405 0.0002817847385 2
0 0.535 0.415 -0.0002963959373 2
0 0.535 0.425 0 2
0 0.535 0.435 0 2
0 0.535 0.445 0 2
0 0.535 0.455 0 2
0 0.535 0.465 0 2
0 0.545 -0.455 0 2
0 0.545 -0.445 0 2
0 0.545 -0.435 0 2
0 0.545 -0.425 0 2
0 0.545 -0.415 -0.0004010309987 2
0 0.545 -0.405 3.176129435e-05 2
0 0.545 -0.395 0.001660865941 2
0 0.545 -0.385 0.004784732082 2
0 0.545 -0.375 0.008359294102 2
0 0.545 -0.365 0.01150949387 2
0 0.545 -0.355 0.01453532214 2
0 0.545 -0.345 0.01735062614 2
0 0.545 -0.335 0.02012502601 2
0 0.545 -0.325 0.02254012784 2
0 0.545 -0.315 0.02378938758 2
0 0.545 -0.305 0.02317672398 2
0 0.545 -0.295 0.02102309895 1
0 0.545 -0.285 0.01845953137 1
0 0.545 -0.275 0.0169424339 1
0 0.545 -0.265 0.01648550205 1
0 0.545 -0.255 0.01638747874 1
0 0.545 -0.245 0.01652817721 1
0 0.545 -0.235 0.01685796092 1
0 0.545 -0.225 0.01657931498 1
0 0.545 -0.215 0.01491599307 2
0 0.545 -0.205 0.01189810123 1
0 0.545 -0.195 0.008426820178 1
0 0.545 -0.185 0.005533212932 1
0 0.545 -0.175 0.003120046245 1
0 0.545 -0.165 0.0009395651229 1
0 0.545 -0.155 -0.001315826338 1
0 0.545 -0.145 -0.003565069457 1
0 0.545 -0.135 -0.00567019825 1
0 0.545 -0.125 -0.007829690737 1
0 0.545 -0.115 -0.0106861152 1
0 0.545 -0.105 -0.01480160486 1
0 0.545 -0.095 -0.01975208493 2
0 0.545 -0.085 -0.02433126287 2
0 0.545 -0.075 -0.02779327266 2
0 0.545 -0.065 -0.03023691175 2
0 0.545 -0.055 -0.03227862609 2
0 0.545 -0.045 -0.03424601946 2
0 0.545 -0.035 -0.03600405573 2
0 0.545 -0.025 -0.03753666387 2
0 0.545 -0.015 -0.03896785195 2
0 0.545 -0.005 -0.03997219421 2
0 0.545 0.005 -0.03976758877 2
0 0.545 0.015 -0.03743389651 2
0 0.545 0.025 -0.03298948454 2
0 0.545 0.035 -0.02801952834 1
0 0.545 0.045 -0.02395377831 1
0 0.545 0.055 -0.02165853278 1
0 0.545 0.065 -0.02061111971 1
0 0.545 0.075 -0.02019182542 1
0 0.545 0.085 -0.02000516643 1
0 0.545 0.095 -0.01933248807 2
0 0.545 0.105 -0.01756605632 2
0 0.545 0.115 -0.0145333061 2
0 0.545 0.125 -0.01083945856 2
0 0.545 0.135 -0.007210322682 1
0 0.545 0.145 -0.004019968096 1
0 0.545 0.155 -0.001200562491 1
0 0.545 0.165 0.001345808757 1
0 0.545 0.175 0.0036936064 1
0 0.545 0.185 0.005848954833 1
0 0.545 0.195 0.007843261942 1
0 0.545 0.205 0.009846917759 1
0 0.545 0.215 0.01203917539 1
0 0.545 0.225 0.01446953252 1
0 0.545 0.235 0.01678530083 2
0 0.545 0.245 0.01881455334 2
0 0.545 0.255 0.02055555016 2
0 0.545 0.265 0.02210897465 2
0 0.545 0.275 0.02345572692 2
0 0.545 0.285 0.02397794522 2
0 0.545 0.295 0.02360207708 2
0 0.545 0.305 0.02258251553 2
0 0.545 0.315 0.02117921774 2
0 0.545 0.325 0.01952078857 2
0 0.545 0.335 0.01757910133 2
0 0.545 0.345 0.01538321945 2
0 0.545 0.355 0.01295127772 2
0 0.545 0.365 0.0102929296 2
0 0.545 0.375 0.007486619269 2
0 0.545 0.385 0.00440773406 2
0 0.545 0.395 0.001604496832 2
0 0.545 0.405 0.0001850734795 2
0 0.545 0.415 -0.0003402770805 2
0 0.545 0.425 0 2
0 0.545 0.435 0 2
0 0.545 0.445 0 2
0 0.545 0.455 0 2
0 0.545 0.465 0 2
0 0.555 -0.455 0 2
0 0.555 -0.445 0 2
0 0.555 -0.435 0 2
0 0.555 -0.425 0 2
0 0.555 -0.415 -0.0004369074912 2
0 0.555 -0.405 -5.229218461e-05 2
0 0.555 -0.395 0.001433765547 2
0 0.555 -0.385 0.004452058491 2
0 0.555 -0.375 0.007942993552 2
0 0.555 -0.365 0.01109542186 2
0 0.555 -0.355 0.01413353389 2
0 0.555 -0.345 0.01694573662 2
0 0.555 -0.335 0.01965468417 2
0 0.555 -0.325 0.02203054506 2
0 0.555 -0.315 0.02339541929 2
0 0.555 -0.305 0.02298449939 2
0 0.555 -0.295 0.02102701541 1
0 0.555 -0.285 0.01866354505 1
0 0.555 -0.275 0.01722466076 1
0 0.555 -0.265 0.01682689905 1
0 0.555 -0.255 0.01691070777 1
0 0.555 -0.245 0.01741958093 1
0 0.555 -0.235 0.01806523698 1
0 0.555 -0.225 0.01786460235 2
0 0.555 -0.215 0.01605643982 2
0 0.555 -0.205 0.0128301732 1
0 0.555 -0.195 0.009281837261 1
0 0.555 -0.185 0.006201593579 1
0 0.555 -0.175 0.003481671466 1
0 0.555 -0.165 0.001017192217 1
0 0.555 -0.155 -0.001421644726 1
0 0.555 -0.145 -0.003818599215 1
0 0.555 -0.135 -0.006140199509 1
0 0.555 -0.125 -0.008675043512 1
0 0.555 -0.115 -0.0118786488 1
0 0.555 -0.105 -0.0162202364 1
0 0.555 -0.095 -0.02113050342 2
0 0.555 -0.085 -0.02557356329 2
0 0.555 -0.075 -0.02878322461 2
0 0.555 -0.065 -0.03092380031 2
0 0.555 -0.055 -0.03269778497 2
0 0.555 -0.045 -0.03449396461 2
0 0.555 -0.035 -0.0360954669 2
0 0.555 -0.025 -0.03748251647 2
0 0.555 -0.015 -0.03868639185 2
0 0.555 -0.005 -0.03957504389 2
0 0.555 0.005 -0.03961353444 2
0 0.555 0.015 -0.03791865094 2
0 0.555 0.025 -0.0340934363 2
0 0.555 0.035 -0.0294635402 1
0 0.555 0.045 -0.02531133135 1
0 0.555 0.055 -0.022509934 1
0 0.555 0.065 -0.02093446189 1
0 0.555 0.075 -0.02024005421 1
0 0.555 0.085 -0.01990791452 1
0 0.555 0.095 -0.01923363525 2
0 0.555 0.105 -0.0174608805 2
0 0.555 0.115 -0.01452940224 2
0 0.555 0.125 -0.01108555751 2
0 0.555 0.135 -0.007622150709 2
0 0.555 0.145 -0.004402871012 2
0 0.555 0.155 -0.001434917475 1
0 0.555 0.165 0.001275477682 1
0 0.555 0.175 0.003791940995 1
0 0.555 0.185 0.006153327095 1
0 0.555 0.195 0.008347196901 1
0 0.555 0.205 0.01054156509 1
0 0.555 0.215 0.01295555399 1
0 0.555 0.225 0.01549089052 2
0 0.555 0.235 0.01782920094 2
0 0.555 0.245 0.01975875486 2
0 0.555 0.255 0.02126767152 2
0 0.555 0.265 0.02249410169 2
0 0.555 0.275 0.02336110452 2
0 0.555 0.285 0.02360494327 2
0 0.555 0.295 0.02321192781 2
0 0.555 0.305 0.02229043509 2
0 0.555 0.315 0.02099315375 2
0 0.555 0.325 0.01937565629 2
0 0.555 0.335 0.01745500796 2
0 0.555 0.345 0.01526068003 2
0 0.555 0.355 0.01282019325 2
0 0.555 0.365 0.01014432955 2
0 0.555 0.375 0.007319880859 2
0 0.555 0.385 0.004205605951 2
0 0.555 0.395 0.00140670947 2
0 0.555 0.405 4.932884324e-05 2
0 0.555 0.415 -0.0003992784987 2
0 0.555 0.425 0 2
0 0.555 0.435 0 2
0 0.555 0.445 0 2
0 0.555 0.455 0 2
0 0.555 0.465 0 2
0 0.565 -0.455 0 2
0 0.565 -0.445 0 2
0 0.565 -0.435 0 2
0 0.565 -0.425 0 2
0 0.565 -0.415 -0.0005131472319 2
0 0.565 -0.405 -0.000229002867 2
0 0.565 -0.395 0.001128868205 2
0 0.565 -0.385 0.004081086934 2
0 0.565 -0.375 0.007535840292 2
0 0.565 -0.365 0.01065180531 2
0 0.565 -0.355 0.01365007775 2
0 0.565 -0.345 0.01640600914 2
0 0.565 -0.335 0.0189731511 2
0 0.565 -0.325 0.02119901755 2
0 0.565 -0.315 0.02261405372 2
0 0.565 -0.305 0.02262433898 2
0 0.565 -0.295 0.02117762437 2
0 0.565 -0.285 0.01923938914 1
0 0.565 -0.275 0.01777122143 1
0 0.565 -0.265 0.01729530879 1
0 0.565 -0.255 0.01751385776 1
0 0.565 -0.245 0.01823125111 1
0 0.565 -0.235 0.01882045965 2
0 0.565 -0.225 0.0184475279 2
0 0.565 -0.215 0.01662118423 2
0 0.565 -0.205 0.01352251041 2
0 0.565 -0.195 0.01010222537 1
0 0.565 -0.185 0.006897103657 1
0 0.565 -0.175 0.003983654882 1
0 0.565 -0.165 0.001272654574 1
0 0.565 -0.155 -0.001374914919 1
0 0.565 -0.145 -0.003981552626 1
0 0.565 -0.135 -0.006598560328 1
0 0.565 -0.125 -0.009511197977 1
0 0.565 -0.115 -0.01303269872 1
0 0.565 -0.105 -0.01744867137 1
0 0.565 -0.095 -0.02224993471 2
0 0.565 -0.085 -0.02644519291 2
0 0.565 -0.075 -0.02936462711 2
0 0.565 -0.065 -0.03129627482 2
0 0.565 -0.055 -0.03290952283 2
0 0.565 -0.045 -0.03456870085 2
0 0.565 -0.035 -0.03602766794 2
0 0.565 -0.025 -0.03726269583 2
0 0.565 -0.015 -0.03822719613 2
0 0.565 -0.005 -0.03890003506 2
0 0.565 0.005 -0.03893085492 2
0 0.565 0.015 -0.03773728307 2
0 0.565 0.025 -0.03484831812 2
0 0.565 0.035 -0.03078078178 2
0 0.565 0.045 -0.02666044964 1
0 0.565 0.055 -0.02326180683 1
0 0.565 0.065 -0.02121466726 1
0 0.565 0.075 -0.02031237518 1
0 0.565 0.085 -0.01965050947 2
0 0.565 0.095 -0.01866633182 2
0 0.565 0.105 -0.01674620438 2
0 0.565 0.115 -0.01409520768 2
0 0.565 0.125 -0.01109169462 2
0 0.565 0.135 -0.007919438963 2
0 0.565 0.145 -0.004822978629 2
0 0.565 0.155 -0.001852975813 2
0 0.565 0.165 0.0009575285006 2
0 0.565 0.175 0.003662160331 2
0 0.565 0.185 0.006272473893 2
0 0.565 0.195 0.008766883294 2
0 0.565 0.205 0.01119437212 2
0 0.565 0.215 0.01364533359 2
0 0.565 0.225 0.0160949243 2
0 0.565 0.235 0.0184091279 2
0 0.565 0.245 0.02024165836 2
0 0.565 0.255 0.02155210598 2
0 0.565 0.265 0.02249487175 2
0 0.565 0.275 0.02306429263 2
0 0.565 0.285 0.02319147948 2
0 0.565 0.295 0.02281562431 2
0 0.565 0.305 0.02197282383 2
0 0.565 0.315 0.02074458658 2
0 0.565 0.325 0.01916242417 2
0 0.565 0.335 0.01726136358 2
0 0.565 0.345 0.01507012681 2
0 0.565 0.355 0.01262304224 2
0 0.565 0.365 0.00993079144 2
0 0.565 0.375 0.007089924919 2
0 0.565 0.385 0.003936964331 2
0 0.565 0.395 0.001150849383 2
0 0.565 0.405 -0.0001249682595 2
0 0.565 0.415 -0.0004732813264 2
0 0.565 0.425 0 2
0 0.565 0.435 0 2
0 0.565 0.445 0 2
0 0.565 0.455 0 2
0 0.565 0.465 0 2
0 0.575 -0.455 0 2
0 0.575 -0.445 0 2
0 0.575 -0.435 0 2
0 0.575 -0.425 0 2
0 0.575 -0.415 -0.000618491821 2
0 0.575 -0.405 -0.0004822695741 2
0 0.575 -0.395 0.0007239280754 2
0 0.575 -0.385 0.00360733333 2
0 0.575 -0.375 0.007048663894 2
0 0.575 -0.365 0.01012672192 2
0 0.575 -0.355 0.01307982355 2
0 0.575 -0.345 0.01577144683 2
0 0.575 -0.335 0.01820623552 2
0 0.575 -0.325 0.02031546169 2
0 0.575 -0.315 0.02176421341 2
0 0.575 -0.305 0.02212240798 2
0 0.575 -0.295 0.02116224137 2
0 0.575 -0.285 0.01966184414 1
0 0.575 -0.275 0.01833746911 1
0 0.575 -0.265 0.01786661652 1
0 0.575 -0.255 0.0182076404 1
0 0.575 -0.245 0.01879645561 2
0 0.575 -0.235 0.0190270999 2
0 0.575 -0.225 0.01840594906 2
0 0.575 -0.215 0.01663432517 2
0 0.575 -0.205 0.01389437786 2
0 0.575 -0.195 0.01080645057 2
0 0.575 -0.185 0.007604300325 2
0 0.575 -0.175 0.004502187014 1
0 0.575 -0.165 0.001551335356 1
0 0.575 -0.155 -0.001302770704 1
0 0.575 -0.145 -0.004161373225 1
0 0.575 -0.135 -0.007079162855 1
0 0.575 -0.125 -0.01030359095 1
0 0.575 -0.115 -0.01412044809 1
0 0.575 -0.105 -0.01852098059 2
0 0.575 -0.095 -0.02302365266 2
0 0.575 -0.085 -0.02676532849 2
0 0.575 -0.075 -0.02941403151 2
0 0.575 -0.065 -0.03129859892 2
0 0.575 -0.055 -0.03289094403 2
0 0.575 -0.045 -0.03446649661 2
0 0.575 -0.035 -0.03581806947 2
0 0.575 -0.025 -0.03692206256 2
0 0.575 -0.015 -0.0377022541 2
0 0.575 -0.005 -0.03816344887 2
0 0.575 0.005 -0.03808789144 2
0 0.575 0.015 -0.03706406869 2
0 0.575 0.025 -0.03474477295 2
0 0.575 0.035 -0.03128679053 2
0 0.575 0.045 -0.02769292079 2
0 0.575 0.055 -0.0244343412 2
0 0.575 0.065 -0.0219964098 2
0 0.575 0.075 -0.02032084922 2
0 0.575 0.085 -0.01895238421 2
0 0.575 0.095 -0.01757934684 2
0 0.575 0.105 -0.01568959834 2
0 0.575 0.115 -0.01342215589 2
0 0.575 0.125 -0.01086058671 2
0 0.575 0.135 -0.008068360486 2
0 0.575 0.145 -0.005169637761 2
0 0.575 0.155 -0.002249283741 2
0 0.575 0.165 0.0006069843427 2
0 0.575 0.175 0.00342628849 2
0 0.575 0.185 0.006196516533 2
0 0.575 0.195 0.008888132395 2
0 0.575 0.205 0.0114902897 2
0 0.575 0.215 0.01404264839 2
0 0.575 0.225 0.01650194377 2
0 0.575 0.235 0.0186594749 2
0 0.575 0.245 0.02032031048 2
0 0.575 0.255 0.02151252852 2
0 0.575 0.265 0.02231917953 2
0 0.575 0.275 0.02277551604 2
0 0.575 0.285 0.02283287405 2
0 0.575 0.295 0.02245241619 2
0 0.575 0.305 0.02164826271 2
0 0.575 0.315 0.02045454225 2
0 0.575 0.325 0.01889634298 2
0 0.575 0.335 0.01700830746 2
0 0.575 0.345 0.01481805137 2
0 0.575 0.355 0.01236382703 2
0 0.575 0.365 0.009654813491 2
0 0.575 0.375 0.006798386873 2
0 0.575 0.385 0.003603402797 2
0 0.575 0.395 0.0008382726746 2
0 0.575 0.405 -0.0003367135465 2
0 0.575 0.415 -0.0005619204965 2
0 0.575 0.425 0 2
0 0.575 0.435 0 2
0 0.575 0.445 0 2
0 0.575 0.455 0 2
0 0.575 0.465 0 2
0 0.585 -0.455 0 2
0 0.585 -0.445 0 2
0 0.585 -0.435 0 2
0 0.585 -0.425 0 2
0 0.585 -0.415 -0.0007470894985 2
0 0.585 -0.405 -0.0007959381404 2
0 0.585 -0.395 0.0002377350076 2
0 0.585 -0.385 0.003049727617 2
0 0.585 -0.375 0.00649654877 2
0 0.585 -0.365 0.009539864866 2
0 0.585 -0.355 0.01244936614 2
0 0.585 -0.345 0.01507513072 2
0 0.585 -0.335 0.01739081272 2
0 0.585 -0.325 0.01936158226 2
0 0.585 -0.315 0.02073472115 2
0 0.585 -0.305 0.02129937594 2
0 0.585 -0.295 0.02092297925 2
0 0.585 -0.285 0.02000863536 2
0 0.585 -0.275 0.01911367177 2
0 0.585 -0.265 0.0186453538 2
0 0.585 -0.255 0.01867240874 2
0 0.585 -0.245 0.01880457084 2
0 0.585 -0.235 0.01868395937 2
0 0.585 -0.225 0.01790072003 2
0 0.585 -0.215 0.01631074682 2
0 0.585 -0.205 0.01397156621 2
0 0.585 -0.195 0.01113977589 2
0 0.585 -0.185 0.008068564574 2
0 0.585 -0.175 0.004973474482 2
0 0.585 -0.165 0.001903015057 2
0 0.585 -0.155 -0.001175137453 2
0 0.585 -0.145 -0.004332094882 2
0 0.585 -0.135 -0.00761254834 2
0 0.585 -0.125 -0.01112058374 2
0 0.585 -0.115 -0.01496447608 2
0 0.585 -0.105 -0.01908847611 2
0 0.585 -0.095 -0.02319182716 2
0 0.585 -0.085 -0.02657196646 2
0 0.585 -0.075 -0.02907815392 2
0 0.585 -0.065 -0.03100696882 2
0 0.585 -0.055 -0.03266585599 2
0 0.585 -0.045 -0.0342049438 2
0 0.585 -0.035 -0.03548756353 2
0 0.585 -0.025 -0.03648817891 2
0 0.585 -0.015 -0.03713366942 2
0 0.585 -0.005 -0.03739840012 2
0 0.585 0.005 -0.03718593658 2
0 0.585 0.015 -0.03624331486 2
0 0.585 0.025 -0.03438505541 2
0 0.585 0.035 -0.03158707415 2
0 0.585 0.045 -0.02831512 2
0 0.585 0.055 -0.02514650197 2
0 0.585 0.065 -0.02248351694 2
0 0.585 0.075 -0.02035360523 2
0 0.585 0.085 -0.01854804821 2
0 0.585 0.095 -0.01675271583 2
0 0.585 0.105 -0.01476623768 2
0 0.585 0.115 -0.01264821223 2
0 0.585 0.125 -0.01034268275 2
0 0.585 0.135 -0.007892006216 2
0 0.585 0.145 -0.005293738372 2
0 0.585 0.155 -0.002553722635 2
0 0.585 0.165 0.0002761540398 2
0 0.585 0.175 0.003152526969 2
0 0.585 0.185 0.006018010268 2
0 0.585 0.195 0.008839198828 2
0 0.585 0.205 0.01156508183 2
0 0.585 0.215 0.01415616873 2
0 0.585 0.225 0.01653594597 2
0 0.585 0.235 0.01854570972 2
0 0.585 0.245 0.02013045123 2
0 0.585 0.255 0.02129294922 2
0 0.585 0.265 0.02206060854 2
0 0.585 0.275 0.02247164744 2
0 0.585 0.285 0.02249257475 2
0 0.585 0.295 0.02210661914 2
0 0.585 0.305 0.02131503901 2
0 0.585 0.315 0.02013358271 2
0 0.585 0.325 0.0185866567 2
0 0.585 0.335 0.01670331697 2
0 0.585 0.345 0.01450987984 2
0 0.585 0.355 0.01204636228 2
0 0.585 0.365 0.009319135754 2
0 0.585 0.375 0.006447343244 2
0 0.585 0.385 0.00320702814 2
0 0.585 0.395 0.0004707985455 2
0 0.585 0.405 -0.0005845301175 2
0 0.585 0.415 -0.0006647111741 2
0 0.585 0.425 0 2
0 0.585 0.435 0 2
0 0.585 0.445 0 2
0 0.585 0.455 0 2
0 0.585 0.465 0 2
0 0.595 -0.455 0 2
0 0.595 -0.445 0 2
0 0.595 -0.435 0 2
0 0.595 -0.425 0 2
0 0.595 -0.415 -0.000895701626 2
0 0.595 -0.405 -0.001161135523 2
0 0.595 -0.395 -0.0003211321313 2
0 0.595 -0.385 0.002414764752 2
0 0.595 -0.375 0.005881636472 2
0 0.595 -0.365 0.008897724703 2
0 0.595 -0.355 0.01177630112 2
0 0.595 -0.345 0.01435364862 2
0 0.595 -0.335 0.01660300884 2
0 0.595 -0.325 0.01849064289 2
0 0.595 -0.315 0.01985354882 2
0 0.595 -0.305 0.02057661795 2
0 0.595 -0.295 0.02060865262 2
0 0.595 -0.285 0.02007149692 2
0 0.595 -0.275 0.01948531643 2
0 0.595 -0.265 0.0190850835 2
0 0.595 -0.255 0.01891054959 2
0 0.595 -0.245 0.01875455943 2
0 0.595 -0.235 0.01828770266 2
0 0.595 -0.225 0.01730052439 2
0 0.595 -0.215 0.01579396659 2
0 0.595 -0.205 0.01373299367 2
0 0.595 -0.195 0.01118041391 2
0 0.595 -0.185 0.008279099851 2
0 0.595 -0.175 0.005191573012 2
0 0.595 -0.165 0.002048924019 2
0 0.595 -0.155 -0.001163089624 2
0 0.595 -0.145 -0.004483863123 2
0 0.595 -0.135 -0.007937758337 2
0 0.595 -0.125 -0.01155525123 2
0 0.595 -0.115 -0.01537509706 2
0 0.595 -0.105 -0.01929421784 2
0 0.595 -0.095 -0.02296800383 2
0 0.595 -0.085 -0.02603400367 2
0 0.595 -0.075 -0.02848992646 2
0 0.595 -0.065 -0.03051383366 2
0 0.595 -0.055 -0.03227560953 2
0 0.595 -0.045 -0.03381414586 2
0 0.595 -0.035 -0.03506281701 2
0 0.595 -0.025 -0.03599453066 2
0 0.595 -0.015 -0.03655399503 2
0 0.595 -0.005 -0.0366892155 2
0 0.595 0.005 -0.03634873354 2
0 0.595 0.015 -0.03539004602 2
0 0.595 0.025 -0.03374336656 2
0 0.595 0.035 -0.03144205732 2
0 0.595 0.045 -0.02863966585 2
0 0.595 0.055 -0.0257474289 2
0 0.595 0.065 -0.02298591253 2
0 0.595 0.075 -0.02047810329 2
0 0.595 0.085 -0.01823272029 2
0 0.595 0.095 -0.01605963122 2
0 0.595 0.105 -0.01389166663 2
0 0.595 0.115 -0.01174606444 2
0 0.595 0.125 -0.009605723206 2
0 0.595 0.135 -0.007459432585 2
0 0.595 0.145 -0.005202728646 2
0 0.595 0.155 -0.002742458242 2
0 0.595 0.165 -4.567968359e-05 2
0 0.595 0.175 0.002836238064 2
0 0.595 0.185 0.005777148967 2
0 0.595 0.195 0.00867375247 2
0 0.595 0.205 0.01143741217 2
0 0.595 0.215 0.0140061625 2
0 0.595 0.225 0.01630561716 2
0 0.595 0.235 0.01825485518 2
0 0.595 0.245 0.01981781959 2
0 0.595 0.255 0.0209868817 2
0 0.595 0.265 0.0217664334 2
0 0.595 0.275 0.02216356143 2
0 0.595 0.285 0.0221621963 2
0 0.595 0.295 0.02176182178 2
0 0.595 0.305 0.02096476527 2
0 0.595 0.315 0.01978341751 2
0 0.595 0.325 0.01823689848 2
0 0.595 0.335 0.01635068994 2
0 0.595 0.345 0.01414935535 2
0 0.595 0.355 0.0116737093 2
0 0.595 0.365 0.008926251374 2
0 0.595 0.375 0.006038885255 2
0 0.595 0.385 0.00275000676 2
0 0.595 0.395 5.031053303e-05 2
0 0.595 0.405 -0.0008670562519 2
0 0.595 0.415 -0.0007811549212 2
0 0.595 0.425 0 2
0 0.595 0.435 0 2
0 0.595 0.445 0 2
0 0.595 0.455 0 2
0 0.595 0.465 0 2
0 0.605 -0.455 0 2
0 0.605 -0.445 0 2
0 0.605 -0.435 0 2
0 0.605 -0.425 0 2
0 0.605 -0.415 -0.001060823979 2
0 0.605 -0.405 -0.001568253981 2
0 0.605 -0.395 -0.0009405032205 2
0 0.605 -0.385 0.001715156767 2
0 0.605 -0.375 0.005214111937 2
0 0.605 -0.365 0.00821161128 2
0 0.605 -0.355 0.01107355819 2
0 0.605 -0.345 0.01362006514 2
0 0.605 -0.335 0.01583673848 2
0 0.605 -0.325 0.01767182404 2
0 0.605 -0.315 0.01903459339 2
0 0.605 -0.305 0.01986691151 2
0 0.605 -0.295 0.02019000191 2
0 0.605 -0.285 0.02005797483 2
0 0.605 -0.275 0.01976421549 2
0 0.605 -0.265 0.0194081579 2
0 0.605 -0.255 0.01903888037 2
0 0.605 -0.245 0.01859723233 2
0 0.605 -0.235 0.01786826616 2
0 0.605 -0.225 0.01675544561 2
0 0.605 -0.215 0.01522705899 2
0 0.605 -0.205 0.01325473001 2
0 0.605 -0.195 0.01088759344 2
0 0.605 -0.185 0.008179986465 2
0 0.605 -0.175 0.005196182455 2
0 0.605 -0.165 0.002041911087 2
0 0.605 -0.155 -0.001237406088 2
0 0.605 -0.145 -0.004624957738 2
0 0.605 -0.135 -0.008134008102 2
0 0.605 -0.125 -0.01175217537 2
0 0.605 -0.115 -0.01543195139 2
0 0.605 -0.105 -0.01905126277 2
0 0.605 -0.095 -0.02237929273 2
0 0.605 -0.085 -0.02529761708 2
0 0.605 -0.075 -0.02779643018 2
0 0.605 -0.065 -0.02992762974 2
0 0.605 -0.055 -0.03177449125 2
0 0.605 -0.045 -0.03332929395 2
0 0.605 -0.035 -0.03456744465 2
0 0.605 -0.025 -0.03546134932 2
0 0.605 -0.015 -0.03596996245 2
0 0.605 -0.005 -0.03604433309 2
0 0.605 0.005 -0.03564649755 2
0 0.605 0.015 -0.03471558223 2
0 0.605 0.025 -0.03322365617 2
0 0.605 0.035 -0.03120276673 2
0 0.605 0.045 -0.02874493174 2
0 0.605 0.055 -0.0260590508 2
0 0.605 0.065 -0.02330292045 2
0 0.605 0.075 -0.02059408076 2
0 0.605 0.085 -0.01797810994 2
0 0.605 0.095 -0.01545154715 2
0 0.605 0.105 -0.01305238762 2
0 0.605 0.115 -0.01086161565 2
0 0.605 0.125 -0.008873524521 2
0 0.605 0.135 -0.007050755583 2
0 0.605 0.145 -0.00516296398 2
0 0.605 0.155 -0.002995862361 2
0 0.605 0.165 -0.0004455982497 2
0 0.605 0.175 0.002430911104 2
0 0.605 0.185 0.005446436685 2
0 0.605 0.195 0.008422573969 2
0 0.605 0.205 0.01121575866 2
0 0.605 0.215 0.01376478365 2
0 0.605 0.225 0.01602290369 2
0 0.605 0.235 0.01794443629 2
0 0.605 0.245 0.0195002923 2
0 0.605 0.255 0.02067197333 2
0 0.605 0.265 0.0214495408 2
0 0.605 0.275 0.02183010151 2
0 0.605 0.285 0.02181242866 2
0 0.605 0.295 0.02139764259 2
0 0.605 0.305 0.02059004287 2
0 0.605 0.315 0.0194010017 2
0 0.605 0.325 0.01784720485 2
0 0.605 0.335 0.01595215869 2
0 0.605 0.345 0.01373860001 2
0 0.605 0.355 0.01124799738 2
0 0.605 0.365 0.008478154805 2
0 0.605 0.375 0.005574850792 2
0 0.605 0.385 0.002234260313 2
0 0.605 0.395 -0.0004215164092 2
0 0.605 0.405 -0.001183137683 2
0 0.605 0.415 -0.000910812671 2
0 0.605 0.425 0 2
0 0.605 0.435 0 2
0 0.605 0.445 0 2
0 0.605 0.455 0 2
0 0.605 0.465 0 2
0 0.615 -0.455 0 2
0 0.615 -0.445 0 2
0 0.615 -0.435 0 2
0 0.615 -0.425 0 2
0 0.615 -0.415 -0.001239735015 2
0 0.615 -0.405 -0.002010059097 2
0 0.615 -0.395 -0.001610867099 2
0 0.615 -0.385 0.0009608027994 2
0 0.615 -0.375 0.004501713156 2
0 0.615 -0.365 0.007489347959 2
0 0.615 -0.355 0.01034901927 2
0 0.615 -0.345 0.01288394964 2
0 0.615 -0.335 0.01509497864 2
0 0.615 -0.325 0.0169237285 2
0 0.615 -0.315 0.0183262942 2
0 0.615 -0.305 0.01927575364 2
0 0.615 -0.295 0.01979647705 2
0 0.615 -0.285 0.01993780702 2
0 0.615 -0.275 0.01982849121 2
0 0.615 -0.265 0.01953839404 2
0 0.615 -0.255 0.01909700734 2
0 0.615 -0.245 0.01847008114 2
0 0.615 -0.235 0.01756226773 2
0 0.615 -0.225 0.01631772416 2
0 0.615 -0.215 0.01471413539 2
0 0.615 -0.205 0.01274819444 2
0 0.615 -0.195 0.01044522115 2
0 0.615 -0.185 0.007831725455 2
0 0.615 -0.175 0.004952458746 2
0 0.615 -0.165 0.001869142495 2
0 0.615 -0.155 -0.001370208313 2
0 0.615 -0.145 -0.004727668569 2
0 0.615 -0.135 -0.008179222763 2
0 0.615 -0.125 -0.01168766659 2
0 0.615 -0.115 -0.01518391936 2
0 0.615 -0.105 -0.0185703932 2
0 0.615 -0.095 -0.02172534437 2
0 0.615 -0.085 -0.02457635197 2
0 0.615 -0.075 -0.02710192792 2
0 0.615 -0.065 -0.02930579006 2
0 0.615 -0.055 -0.03120342171 2
0 0.615 -0.045 -0.03277888449 2
0 0.615 -0.035 -0.03402017356 2
0 0.615 -0.025 -0.03490155926 2
0 0.615 -0.015 -0.0353916396 2
0 0.615 -0.005 -0.0354551803 2
0 0.615 0.005 -0.03505742005 2
0 0.615 0.015 -0.03417283903 2
0 0.615 0.025 -0.03279962666 2
0 0.615 0.035 -0.03096718664 2
0 0.615 0.045 -0.028739227 2
0 0.615 0.055 -0.02620423459 2
0 0.615 0.065 -0.02344467789 2
0 0.615 0.075 -0.0205442342 2
0 0.615 0.085 -0.01761568653 2
0 0.615 0.095 -0.01477524325 2
0 0.615 0.105 -0.01216131446 2
0 0.615 0.115 -0.00998523092 2
0 0.615 0.125 -0.008197160338 2
0 0.615 0.135 -0.006733185916 2
0 0.615 0.145 -0.005243461681 2
0 0.615 0.155 -0.003406539214 2
0 0.615 0.165 -0.001011442642 2
0 0.615 0.175 0.001902374616 2
0 0.615 0.185 0.005033239947 2
0 0.615 0.195 0.008120458459 2
0 0.615 0.205 0.01097595125 2
0 0.615 0.215 0.01352962285 2
0 0.615 0.225 0.01577101786 2
0 0.615 0.235 0.01766729506 2
0 0.615 0.245 0.01919906566 2
0 0.615 0.255 0.02034979387 2
0 0.615 0.265 0.02110938271 2
0 0.615 0.275 0.02147271927 2
0 0.615 0.285 0.02143785413 2
0 0.615 0.295 0.02100647241 2
0 0.615 0.305 0.02018423264 2
0 0.615 0.315 0.0189822252 2
0 0.615 0.325 0.01741595421 2
0 0.615 0.335 0.01550768886 2
0 0.615 0.345 0.01327844173 2
0 0.615 0.355 0.0107704874 2
0 0.615 0.365 0.007976286142 2
0 0.615 0.375 0.005056716653 2
0 0.615 0.385 0.001661326004 2
0 0.615 0.395 -0.0009433459586 2
0 0.615 0.405 -0.001531915702 2
0 0.615 0.415 -0.001053339816 2
0 0.615 0.425 0 2
0 0.615 0.435 0 2
0 0.615 0.445 0 2
0 0.615 0.455 0 2
0 0.615 0.465 0 2
0 0.625 -0.455 0 2
0 0.625 -0.445 0 2
0 0.625 -0.435 0 2
0 0.625 -0.425 0 2
0 0.625 -0.415 -0.00143028697 2
0 0.625 -0.405 -0.002481057108 2
0 0.625 -0.395 -0.002324554066 2
0 0.625 -0.385 0.0001597152218 2
0 0.625 -0.375 0.003750562078 2
0 0.625 -0.365 0.006735660353 2
0 0.625 -0.355 0.009604281573 2
0 0.625 -0.345 0.01214214715 2
0 0.625 -0.335 0.01436400421 2
0 0.625 -0.325 0.01621584582 2
0 0.625 -0.315 0.01767686961 2
0 0.625 -0.305 0.01873594193 2
0 0.625 -0.295 0.01940966807 2
0 0.625 -0.285 0.01973132403 2
0 0.625 -0.275 0.01975317313 2
0 0.625 -0.265 0.01951135308 2
0 0.625 -0.255 0.01902420218 2
0 0.625 -0.245 0.0182836204 2
0 0.625 -0.235 0.01726108317 2
0 0.625 -0.225 0.01592974571 2
0 0.625 -0.215 0.01427312076 2
0 0.625 -0.205 0.01229117835 2
0 0.625 -0.195 0.0100026666 2
0 0.625 -0.185 0.007437065417 2
0 0.625 -0.175 0.004632845767 2
0 0.625 -0.165 0.001633476702 2
0 0.625 -0.155 -0.001520141794 2
0 0.625 -0.145 -0.004787312442 2
0 0.625 -0.135 -0.008128802778 2
0 0.625 -0.125 -0.01149699452 2
0 0.625 -0.115 -0.01482928881 2
0 0.625 -0.105 -0.01805523641 2
0 0.625 -0.095 -0.02110183467 2
0 0.625 -0.085 -0.02391003634 2
0 0.625 -0.075 -0.02644115354 2
0 0.625 -0.065 -0.02867130264 2
0 0.625 -0.055 -0.03058848605 2
0 0.625 -0.045 -0.03218077601 2
0 0.625 -0.035 -0.03343144623 2
0 0.625 -0.025 -0.03431771723 2
0 0.625 -0.015 -0.03481462955 2
0 0.625 -0.005 -0.03489636923 2
0 0.625 0.005 -0.03454011269 2
0 0.625 0.015 -0.03373019042 2
0 0.625 0.025 -0.03246543875 2
0 0.625 0.035 -0.03076006517 2
0 0.625 0.045 -0.02864178235 2
0 0.625 0.055 -0.02614533212 2
0 0.625 0.065 -0.02332719303 2
0 0.625 0.075 -0.02026296171 2
0 0.625 0.085 -0.01709755144 2
0 0.625 0.095 -0.01403381387 2
0 0.625 0.105 -0.01131156653 2
0 0.625 0.115 -0.009207001974 2
0 0.625 0.125 -0.0076694665 2
0 0.625 0.135 -0.006526813238 2
0 0.625 0.145 -0.005328456577 2
0 0.625 0.155 -0.003725532535 2
0 0.625 0.165 -0.001456422914 2
0 0.625 0.175 0.0014532827 2
0 0.625 0.185 0.00467155113 2
0 0.625 0.195 0.007841305431 2
0 0.625 0.205 0.01074881082 2
0 0.625 0.215 0.01329923869 2
0 0.625 0.225 0.01551976881 2
0 0.625 0.235 0.01738681367 2
0 0.625 0.245 0.0188889395 2
0 0.625 0.255 0.02001228684 2
0 0.625 0.265 0.02074727082 2
0 0.625 0.275 0.02108786191 2
0 0.625 0.285 0.02103183412 2
0 0.625 0.295 0.02058095786 2
0 0.625 0.305 0.01974106354 2
0 0.625 0.315 0.01852275637 2
0 0.625 0.325 0.01694066735 2
0 0.625 0.335 0.01501620732 2
0 0.625 0.345 0.01276882831 2
0 0.625 0.355 0.01024178093 2
0 0.625 0.365 0.007421625599 2
0 0.625 0.375 0.004485634246 2
0 0.625 0.385 0.001032372888 2
0 0.625 0.395 -0.001514172118 2
0 0.625 0.405 -0.001912817817 2
0 0.625 0.415 -0.001208484445 2
0 0.625 0.425 0 2
0 0.625 0.435 0 2
0 0.625 0.445 0 2
0 0.625 0.455 0 2
0 0.625 0.465 0 2
0 0.635 -0.455 0 2
0 0.635 -0.445 0 2
0 0.635 -0.435 0 2
0 0.635 -0.425 0 2
0 0.635 -0.415 -0.001630965476 2
0 0.635 -0.405 -0.002977585632 2
0 0.635 -0.395 -0.003076152758 2
0 0.635 -0.385 -0.0006825597578 2
0 0.635 -0.375 0.002964667958 2
0 0.635 -0.365 0.005952691257 2
0 0.635 -0.355 0.008838239385 2
0 0.635 -0.345 0.01138880242 2
0 0.635 -0.335 0.01363160881 2
0 0.635 -0.325 0.01551744294 2
0 0.635 -0.315 0.01703332182 2
0 0.635 -0.305 0.01817050359 2
0 0.635 -0.295 0.01893815049 2
0 0.635 -0.285 0.0193553094 2
0 0.635 -0.275 0.01944967125 2
0 0.635 -0.265 0.0192434148 2
0 0.635 -0.255 0.01875026007 2
0 0.635 -0.245 0.01797199001 2
0 0.635 -0.235 0.01690111059 2
0 0.635 -0.225 0.01552987322 2
0 0.635 -0.215 0.01385547075 2
0 0.635 -0.205 0.0118837831 2
0 0.635 -0.195 0.009631535518 2
0 0.635 -0.185 0.007123928872 2
0 0.635 -0.175 0.004392941525 2
0 0.635 -0.165 0.001475008525 2
0 0.635 -0.155 -0.001591707868 2
0 0.635 -0.145 -0.004766482425 2
0 0.635 -0.135 -0.008005512539 2
0 0.635 -0.125 -0.01125937445 2
0 0.635 -0.115 -0.01447243686 2
0 0.635 -0.105 -0.01758626286 2
0 0.635 -0.095 -0.02054288962 2
0 0.635 -0.085 -0.02329166215 2
0 0.635 -0.075 -0.0257926374 2
0 0.635 -0.065 -0.02801558921 2
0 0.635 -0.055 -0.02993818968 2
0 0.635 -0.045 -0.03154057646 2
0 0.635 -0.035 -0.03280310151 2
0 0.635 -0.025 -0.03370512418 2
0 0.635 -0.015 -0.03422585317 2
0 0.635 -0.005 -0.03434545535 2
0 0.635 0.005 -0.03404740297 2
0 0.635 0.015 -0.0333198662 2
0 0.635 0.025 -0.03215944523 2
0 0.635 0.035 -0.03056541007 2
0 0.635 0.045 -0.02854616735 2
0 0.635 0.055 -0.02609617723 2
0 0.635 0.065 -0.02324410157 2
0 0.635 0.075 -0.02002400763 2
0 0.635 0.085 -0.0166103393 2
0 0.635 0.095 -0.01342142007 2
0 0.635 0.105 -0.01069948078 2
0 0.635 0.115 -0.008573126248 2
0 0.635 0.125 -0.007170445315 1
0 0.635 0.135 -0.006320606769 1
0 0.635 0.145 -0.00547481198 1
0 0.635 0.155 -0.00403700562 2
0 0.635 0.165 -0.001721968939 2
0 0.635 0.175 0.001213272836 2
0 0.635 0.185 0.004461695358 2
0 0.635 0.195 0.007655921134 2
0 0.635 0.205 0.01057072375 2
0 0.635 0.215 0.01309476283 2
0 0.635 0.225 0.01527873116 2
0 0.635 0.235 0.01710544461 2
0 0.635 0.245 0.01856822356 2
0 0.635 0.255 0.01965537658 2
0 0.635 0.265 0.02035806415 2
0 0.635 0.275 0.02067007936 2
0 0.635 0.285 0.02058878422 2
0 0.635 0.295 0.02011543026 2
0 0.635 0.305 0.01925532375 2
0 0.635 0.315 0.01801842772 2
0 0.635 0.325 0.01641847224 2
0 0.635 0.335 0.01447609887 2
0 0.635 0.345 0.01220918715 2
0 0.635 0.355 0.009662079658 2
0 0.635 0.365 0.006814882448 2
0 0.635 0.375 0.003862579074 2
0 0.635 0.385 0.0003483522823 2
0 0.635 0.395 -0.002133188178 2
0 0.635 0.405 -0.002325464276 2
0 0.635 0.415 -0.001376052514 2
0 0.635 0.425 0 2
0 0.635 0.435 0 2
0 0.635 0.445 0 2
0 0.635 0.455 0 2
0 0.635 0.465 0 2
0 0.645 -0.455 0 2
0 0.645 -0.445 0 2
0 0.645 -0.435 0 2
0 0.645 -0.425 0 2
0 0.645 -0.415 -0.0018407007 2
0 0.645 -0.405 -0.003497254954 2
0 0.645 -0.395 -0.003861831263 2
0 0.645 -0.385 -0.001562191102 2
0 0.645 -0.375 0.00214661297 2
0 0.645 -0.365 0.005140845764 2
0 0.645 -0.355 0.008047834787 2
0 0.645 -0.345 0.01061551959 2
0 0.645 -0.335 0.01288238452 2
0 0.645 -0.325 0.01480112783 2
0 0.645 -0.315 0.01636276104 2
0 0.645 -0.305 0.01755817024 2
0 0.645 -0.295 0.01839120319 2
0 0.645 -0.285 0.01887208824 2
0 0.645 -0.275 0.01901644389 2
0 0.645 -0.265 0.01883915971 2
0 0.645 -0.255 0.01835232271 2
0 0.645 -0.245 0.01756349264 2
0 0.645 -0.235 0.01647653821 2
0 0.645 -0.225 0.01509510211 2
0 0.645 -0.215 0.01342543538 2
0 0.645 -0.205 0.01147863429 2
0 0.645 -0.195 0.009272015912 2
0 0.645 -0.185 0.006828595865 2
0 0.645 -0.175 0.004176393654 2
0 0.645 -0.165 0.001347583437 2
0 0.645 -0.155 -0.001622407513 2
0 0.645 -0.145 -0.004694627534 2
0 0.645 -0.135 -0.007826387289 2
0 0.645 -0.125 -0.01097083534 2
0 0.645 -0.115 -0.01407759162 2
0 0.645 -0.105 -0.01709487346 2
0 0.645 -0.095 -0.01997196865 2
0 0.645 -0.085 -0.02266258641 2
0 0.645 -0.075 -0.02512676095 2
0 0.645 -0.065 -0.02733109372 2
0 0.645 -0.055 -0.02924817628 2
0 0.645 -0.045 -0.03085454076 2
0 0.645 -0.035 -0.03212925246 2
0 0.645 -0.025 -0.03305295469 2
0 0.645 -0.015 -0.0336078188 2
0 0.645 -0.005 -0.03377829647 2
0 0.645 0.005 -0.03355143262 2
0 0.645 0.015 -0.03291722011 2
0 0.645 0.025 -0.03186884645 2
0 0.645 0.035 -0.03038878687 2
0 0.645 0.045 -0.02848521725 2
0 0.645 0.055 -0.02610178278 2
0 0.645 0.065 -0.023222053 2
0 0.645 0.075 -0.01985367052 2
0 0.645 0.085 -0.01617556356 2
0 0.645 0.095 -0.01283697997 2
0 0.645 0.105 -0.01017538032 1
0 0.645 0.115 -0.008345407566 1
0 0.645 0.125 -0.007185257047 1
0 0.645 0.135 -0.0063056695 1
0 0.645 0.145 -0.005382540188 1
0 0.645 0.155 -0.003974313351 1
0 0.645 0.165 -0.001725530346 2
0 0.645 0.175 0.001220597483 2
0 0.645 0.185 0.004473002932 2
0 0.645 0.195 0.007605769112 2
0 0.645 0.205 0.01045828474 2
0 0.645 0.215 0.01292086413 2
0 0.645 0.225 0.01504453838 2
0 0.645 0.235 0.01681561648 2
0 0.645 0.245 0.0182278779 2
0 0.645 0.255 0.01927036762 2
0 0.645 0.265 0.01993412984 2
0 0.645 0.275 0.02021251426 2
0 0.645 0.285 0.02010222425 2
0 0.645 0.295 0.01960376374 2
0 0.645 0.305 0.0187216305 2
0 0.645 0.315 0.01746490812 2
0 0.645 0.325 0.01584625471 2
0 0.645 0.335 0.01388546521 2
0 0.645 0.345 0.01159870583 2
0 0.645 0.355 0.00903145114 2
0 0.645 0.365 0.006156743589 2
0 0.645 0.375 0.003188589671 2
0 0.645 0.385 -0.0003897385497 2
0 0.645 0.395 -0.002799548719 2
0 0.645 0.405 -0.002769502732 2
0 0.645 0.415 -0.00155584378 2
0 0.645 0.425 0 2
0 0.645 0.435 0 2
0 0.645 0.445 0 2
0 0.645 0.455 0 2
0 0.645 0.465 0 2
0 0.655 -0.455 0 2
0 0.655 -0.445 0 2
0 0.655 -0.435 0 2
0 0.655 -0.425 0 2
0 0.655 -0.415 -0.002058634745 2
0 0.655 -0.405 -0.004038296653 2
0 0.655 -0.395 -0.004678493053 2
0 0.655 -0.385 -0.002476113496 2
0 0.655 -0.375 0.001298469211 2
0 0.655 -0.365 0.004300113213 2
0 0.655 -0.355 0.007229972638 2
0 0.655 -0.345 0.009814891977 2
0 0.655 -0.335 0.01210386468 2
0 0.655 -0.325 0.01404968869 2
0 0.655 -0.315 0.01564561584 2
0 0.655 -0.305 0.01688158036 2
0 0.655 -0.295 0.01775828229 2
0 0.655 -0.285 0.01828113576 2
0 0.655 -0.275 0.01846019632 2
0 0.655 -0.265 0.01830710343 2
0 0.655 -0.255 0.01783381893 2
0 0.655 -0.245 0.01705158705 2
0 0.655 -0.235 0.01597102314 2
0 0.655 -0.225 0.01460314533 2
0 0.655 -0.215 0.01296044106 2
0 0.655 -0.205 0.01105781439 2
0 0.655 -0.195 0.008913283674 2
0 0.655 -0.185 0.006548116563 2
0 0.655 -0.175 0.003986966674 2
0 0.655 -0.165 0.001258022021 2
0 0.655 -0.155 -0.001606799807 2
0 0.655 -0.145 -0.004571428866 2
0 0.655 -0.135 -0.007595580343 2
0 0.655 -0.125 -0.01063508775 2
0 0.655 -0.115 -0.01364298174 2
0 0.655 -0.105 -0.01657130217 2
0 0.655 -0.095 -0.01937306968 2
0 0.655 -0.085 -0.02200438063 2
0 0.655 -0.075 -0.02442583865 2
0 0.655 -0.065 -0.02660313799 2
0 0.655 -0.055 -0.02850701797 2
0 0.655 -0.045 -0.03011251706 2
0 0.655 -0.035 -0.03139826162 2
0 0.655 -0.025 -0.03234601828 2
0 0.655 -0.015 -0.03294039704 2
0 0.655 -0.005 -0.03316939596 2
0 0.655 0.005 -0.03302292151 2
0 0.655 0.015 -0.03249453006 2
0 0.655 0.025 -0.03157368034 2
0 0.655 0.035 -0.03023850245 2
0 0.655 0.045 -0.02848990818 2
0 0.655 0.055 -0.02620833899 2
0 0.655 0.065 -0.02330534087 2
0 0.655 0.075 -0.01967637515 2
0 0.655 0.085 -0.01571954589 2
0 0.655 0.095 -0.01237899619 1
0 0.655 0.105 -0.0100135446 1
0 0.655 0.115 -0.00854556434 1
0 0.655 0.125 -0.00736279421 1
0 0.655 0.135 -0.006262544584 1
0 0.655 0.145 -0.005199170942 1
0 0.655 0.155 -0.00370854001 1
0 0.655 0.165 -0.00145370344 2
0 0.655 0.175 0.001498059168 2
0 0.655 0.185 0.004707500904 2
0 0.655 0.195 0.00769873625 2
0 0.655 0.205 0.01040944941 2
0 0.655 0.215 0.01277315569 2
0 0.655 0.225 0.01481058521 2
0 0.655 0.235 0.01650928176 2
0 0.655 0.245 0.01785914008 2
0 0.655 0.255 0.01884834942 2
0 0.655 0.265 0.01946683166 2
0 0.655 0.275 0.01970703265 2
0 0.655 0.285 0.01956468824 2
0 0.655 0.295 0.01903930089 2
0 0.655 0.305 0.01813429624 2
0 0.655 0.315 0.01685764318 2
0 0.655 0.325 0.01522071321 2
0 0.655 0.335 0.01324228179 2
0 0.655 0.345 0.01093655615 2
0 0.655 0.355 0.008350090216 2
0 0.655 0.365 0.005448165342 2
0 0.655 0.375 0.002465081837 2
0 0.655 0.385 -0.001180491518 2
0 0.655 0.395 -0.003512033242 2
0 0.655 0.405 -0.00324437725 2
0 0.655 0.415 -0.001747560372 2
0 0.655 0.425 0 2
0 0.655 0.435 0 2
0 0.655 0.445 0 2
0 0.655 0.455 0 2
0 0.655 0.465 0 2
0 0.665 -0.455 0 2
0 0.665 -0.445 0 2
0 0.665 -0.435 0 2
0 0.665 -0.425 0 2
0 0.665 -0.415 -0.00228383108 2
0 0.665 -0.405 -0.004598788456 2
0 0.665 -0.395 -0.005522713673 2
0 0.665 -0.385 -0.003420865159 2
0 0.665 -0.375 0.0004227846124 2
0 0.665 -0.365 0.003431052596 2
0 0.665 -0.355 0.006382386323 2
0 0.665 -0.345 0.008981212638 2
0 0.665 -0.335 0.01128696957 2
0 0.665 -0.325 0.01325191498 2
0 0.665 -0.315 0.0148712396 2
0 0.665 -0.305 0.01613426711 2
0 0.665 -0.295 0.01703996492 2
0 0.665 -0.285 0.01759104625 2
0 0.665 -0.275 0.01779484152 2
0 0.665 -0.265 0.0176616592 2
0 0.665 -0.255 0.01720422769 2
0 0.665 -0.245 0.01643697771 2
0 0.665 -0.235 0.01537564307 2
0 0.665 -0.225 0.01403695555 2
0 0.665 -0.215 0.01243834424 2
0 0.665 -0.205 0.01059765095 2
0 0.665 -0.195 0.008533165906 2
0 0.665 -0.185 0.006263918871 2
0 0.665 -0.175 0.003810561491 2
0 0.665 -0.165 0.001196532983 2
0 0.665 -0.155 -0.001550754792 2
0 0.665 -0.145 -0.004398989429 2
0 0.665 -0.135 -0.007310805811 2
0 0.665 -0.125 -0.01024441942 2
0 0.665 -0.115 -0.013155018 2
0 0.665 -0.105 -0.01599666083 2
0 0.665 -0.095 -0.0187241919 2
0 0.665 -0.085 -0.02129497723 2
0 0.665 -0.075 -0.0236701346 2
0 0.665 -0.065 -0.02581521723 2
0 0.665 -0.055 -0.02770045131 2
0 0.665 -0.045 -0.0293006045 2
0 0.665 -0.035 -0.03059472323 2
0 0.665 -0.025 -0.0315660401 2
0 0.665 -0.015 -0.0322015658 2
0 0.665 -0.005 -0.03249294624 2
0 0.665 0.005 -0.03243339914 2
0 0.665 0.015 -0.03202371608 2
0 0.665 0.025 -0.03125108772 2
0 0.665 0.035 -0.03012190958 2
0 0.665 0.045 -0.02859650391 2
0 0.665 0.055 -0.02643455782 2
0 0.665 0.065 -0.02334988573 2
0 0.665 0.075 -0.01921021371 2
0 0.665 0.085 -0.01518029724 1
0 0.665 0.095 -0.01204713581 1
0 0.665 0.105 -0.01009214106 1
0 0.665 0.115 -0.008869084434 1
0 0.665 0.125 -0.007612346873 1
0 0.665 0.135 -0.006234672105 1
0 0.665 0.145 -0.004902390134 1
0 0.665 0.155 -0.003253431591 1
0 0.665 0.165 -0.0009594561124 2
0 0.665 0.175 0.001956408787 2
0 0.665 0.185 0.005075898645 2
0 0.665 0.195 0.007888556401 2
0 0.665 0.205 0.01039959976 2
0 0.665 0.215 0.01263358205 2
0 0.665 0.225 0.01456230199 2
0 0.665 0.235 0.01617331948 2
0 0.665 0.245 0.01744984467 2
0 0.665 0.255 0.01837797353 2
0 0.665 0.265 0.01894569178 2
0 0.665 0.275 0.01914408544 2
0 0.665 0.285 0.01896761887 2
0 0.665 0.295 0.01841455867 2
0 0.665 0.305 0.0174870346 2
0 0.665 0.315 0.01619167608 2
0 0.665 0.325 0.01453832192 2
0 0.665 0.335 0.01254448411 2
0 0.665 0.345 0.01022207571 2
0 0.665 0.355 0.007618576603 2
0 0.665 0.365 0.004690702675 2
0 0.665 0.375 0.001694232911 2
0 0.665 0.385 -0.00202162329 2
0 0.665 0.395 -0.004268610266 2
0 0.665 0.405 -0.003749030013 2
0 0.665 0.415 -0.001950687043 2
0 0.665 0.425 0 2
0 0.665 0.435 0 2
0 0.665 0.445 0 2
0 0.665 0.455 0 2
0 0.665 0.465 0 2
0 0.675 -0.455 0 2
0 0.675 -0.445 0 2
0 0.675 -0.435 0 2
0 0.675 -0.425 0 2
0 0.675 -0.415 -0.00251496275 2
0 0.675 -0.405 -0.005175846124 2
0 0.675 -0.395 -0.006389604683 2
0 0.675 -0.385 -0.00439136637 2
0 0.675 -0.375 -0.0004764126371 2
0 0.675 -0.365 0.002535704017 2
0 0.675 -0.355 0.005504411631 2
0 0.675 -0.345 0.008110854781 2
0 0.675 -0.335 0.0104254214 2
0 0.675 -0.325 0.01239986655 2
0 0.675 -0.315 0.01403161587 2
0 0.675 -0.305 0.01530990061 2
0 0.675 -0.295 0.01623287156 2
0 0.675 -0.285 0.01680164215 2
0 0.675 -0.275 0.01702204695 2
0 0.675 -0.265 0.01690390373 2
0 0.675 -0.255 0.0164611955 2
0 0.675 -0.245 0.01571167297 2
0 0.675 -0.235 0.01467616914 2
0 0.675 -0.225 0.01337718583 2
0 0.675 -0.215 0.01183717668 2
0 0.675 -0.205 0.01007671256 2
0 0.675 -0.195 0.008113667973 2
0 0.675 -0.185 0.00596338379 2
0 0.675 -0.175 0.003640543788 2
0 0.675 -0.165 0.001161766218 2
0 0.675 -0.155 -0.001451755704 2
0 0.675 -0.145 -0.004172286512 2
0 0.675 -0.135 -0.006965219335 2
0 0.675 -0.125 -0.009790123322 2
0 0.675 -0.115 -0.0126027945 2
0 0.675 -0.105 -0.01535774247 2
0 0.675 -0.095 -0.0180103354 2
0 0.675 -0.085 -0.02051847297 2
0 0.675 -0.075 -0.02284366713 2
0 0.675 -0.065 -0.0249517056 2
0 0.675 -0.055 -0.02681300866 2
0 0.675 -0.045 -0.02840278583 2
0 0.675 -0.035 -0.02970103432 2
0 0.675 -0.025 -0.03069272252 2
0 0.675 -0.015 -0.03136737595 2
0 0.675 -0.005 -0.03172057489 2
0 0.675 0.005 -0.03174942219 2
0 0.675 0.015 -0.03146475233 2
0 0.675 0.025 -0.03085156033 2
0 0.675 0.035 -0.02996586457 2
0 0.675 0.045 -0.0286614442 2
0 0.675 0.055 -0.02652361981 2
0 0.675 0.065 -0.02319297098 2
0 0.675 0.075 -0.01871795666 2
0 0.675 0.085 -0.01473870699 1
0 0.675 0.095 -0.01177194039 1
0 0.675 0.105 -0.01013078472 1
0 0.675 0.115 -0.008989490235 1
0 0.675 0.125 -0.00765230684 1
0 0.675 0.135 -0.006137460855 1
0 0.675 0.145 -0.004626351132 1
0 0.675 0.155 -0.002781211064 1
0 0.675 0.165 -0.0003711059259 2
0 0.675 0.175 0.002543858847 2
0 0.675 0.185 0.005507286481 2
0 0.675 0.195 0.008105350227 2
0 0.675 0.205 0.01039210436 2
0 0.675 0.215 0.01247530874 2
0 0.675 0.225 0.01427962207 2
0 0.675 0.235 0.01579100382 2
0 0.675 0.245 0.01698534823 2
0 0.675 0.255 0.01784602088 2
0 0.675 0.265 0.01835867867 2
0 0.675 0.275 0.01851277377 2
0 0.675 0.285 0.01830129803 2
0 0.675 0.295 0.0177211033 2
0 0.675 0.305 0.01677283194 2
0 0.675 0.315 0.01546155376 2
0 0.675 0.325 0.01379530466 2
0 0.675 0.335 0.0117900316 2
0 0.675 0.345 0.009454932441 2
0 0.675 0.355 0.006838142828 2
0 0.675 0.365 0.00388688513 2
0 0.675 0.375 0.0008794466469 2
0 0.675 0.385 -0.002909394864 2
0 0.675 0.395 -0.005065884158 2
0 0.675 0.405 -0.00428152233 2
0 0.675 0.415 -0.002164337683 2
0 0.675 0.425 0 2
0 0.675 0.435 0 2
0 0.675 0.445 0 2
0 0.675 0.455 0 2
0 0.675 0.465 0 2
0 0.685 -0.455 0 2
0 0.685 -0.445 0 2
0 0.685 -0.435 0 2
0 0.685 -0.425 0 2
0 0.685 -0.415 -0.002749984242 2
0 0.685 -0.405 -0.005764785924 2
0 0.685 -0.395 -0.007271621911 2
0 0.685 -0.385 -0.005379654277 2
0 0.685 -0.375 -0.001392611439 2
0 0.685 -0.365 0.001618375818 2
0 0.685 -0.355 0.004597417659 2
0 0.685 -0.345 0.007202103323 2
0 0.685 -0.335 0.009514815104 2
0 0.685 -0.325 0.01148744161 2
0 0.685 -0.315 0.01312035181 2
0 0.685 -0.305 0.0144032155 2
0 0.685 -0.295 0.01533380385 2
0 0.685 -0.285 0.0159118342 2
0 0.685 -0.275 0.01614174567 2
0 0.685 -0.265 0.01603284324 2
0 0.685 -0.255 0.01560049419 2
0 0.685 -0.245 0.01486622846 2
0 0.685 -0.235 0.01385706012 2
0 0.685 -0.225 0.01260284345 2
0 0.685 -0.215 0.01113280298 2
0 0.685 -0.205 0.009471176284 2
0 0.685 -0.195 0.007634954989 2
0 0.685 -0.185 0.005633281497 2
0 0.685 -0.175 0.003471168711 2
0 0.685 -0.165 0.001154618623 2
0 0.685 -0.155 -0.001304145183 2
0 0.685 -0.145 -0.003882783371 2
0 0.685 -0.135 -0.006548669354 2
0 0.685 -0.125 -0.009260970448 2
0 0.685 -0.115 -0.01197404571 2
0 0.685 -0.105 -0.01464120013 2
0 0.685 -0.095 -0.01721720074 2
0 0.685 -0.085 -0.01965992891 2
0 0.685 -0.075 -0.02193119088 2
0 0.685 -0.065 -0.0239971832 2
0 0.685 -0.055 -0.02582885567 2
0 0.685 -0.045 -0.02740223319 2
0 0.685 -0.035 -0.02869857974 2
0 0.685 -0.025 -0.02970478463 2
0 0.685 -0.015 -0.03041298263 2
0 0.685 -0.005 -0.03082285046 2
0 0.685 0.005 -0.03093594544 2
0 0.685 0.015 -0.03077559929 2
0 0.685 0.025 -0.03032788784 2
0 0.685 0.035 -0.02972810676 2
0 0.685 0.045 -0.02869573778 2
0 0.685 0.055 -0.02653033698 2
0 0.685 0.065 -0.02282052251 2
0 0.685 0.075 -0.01809478363 1
0 0.685 0.085 -0.01412702559 1
0 0.685 0.095 -0.0115230668 1
0 0.685 0.105 -0.01011052186 1
0 0.685 0.115 -0.008966139816 1
0 0.685 0.125 -0.007569081938 1
0 0.685 0.135 -0.005981941683 1
0 0.685 0.145 -0.004314469487 1
0 0.685 0.155 -0.002278278342 1
0 0.685 0.165 0.0001943353016 2
0 0.685 0.175 0.003112617426 2
0 0.685 0.185 0.005900878012 2
0 0.685 0.195 0.008267491204 2
0 0.685 0.205 0.01034247342 2
0 0.685 0.215 0.01226620755 2
0 0.685 0.225 0.01393856706 2
0 0.685 0.235 0.01534265352 2
0 0.685 0.245 0.01644866295 2
0 0.685 0.255 0.01723732564 2
0 0.685 0.265 0.01769207779 2
0 0.685 0.275 0.01780071341 2
0 0.685 0.285 0.01755469937 2
0 0.685 0.295 0.01694937919 2
0 0.685 0.305 0.01598376655 2
0 0.685 0.315 0.0146611704 2
0 0.685 0.325 0.01298754079 2
0 0.685 0.335 0.01097690615 2
0 0.685 0.345 0.008635241804 2
0 0.685 0.355 0.006010927268 2
0 0.685 0.365 0.00304062341 2
0 0.685 0.375 2.589480226e-05 2
0 0.685 0.385 -0.003837901207 2
0 0.685 0.395 -0.005898403112 2
0 0.685 0.405 -0.004838556028 2
0 0.685 0.415 -0.002387060103 2
0 0.685 0.425 0 2
0 0.685 0.435 0 2
0 0.685 0.445 0 2
0 0.685 0.455 0 2
0 0.685 0.465 0 2
0 0.695 -0.455 0 2
0 0.695 -0.445 0 2
0 0.695 -0.435 0 2
0 0.695 -0.425 0 2
0 0.695 -0.415 -0.002985782914 2
0 0.695 -0.405 -0.006358233797 2
0 0.695 -0.395 -0.008157300679 2
0 0.695 -0.385 -0.006373561646 2
0 0.695 -0.375 -0.00231584201 2
0 0.695 -0.365 0.0006862561096 2
0 0.695 -0.355 0.003664845529 2
0 0.695 -0.345 0.006254467184 2
0 0.695 -0.335 0.008551127426 2
0 0.695 -0.325 0.01050816063 2
0 0.695 -0.315 0.01213006276 2
0 0.695 -0.305 0.01340748163 2
0 0.695 -0.295 0.01433782196 2
0 0.695 -0.285 0.01491868974 2
0 0.695 -0.275 0.0151522039 2
0 0.695 -0.265 0.01504588599 2
0 0.695 -0.255 0.01461549397 2
0 0.695 -0.245 0.01388635861 2
0 0.695 -0.235 0.01289384765 2
0 0.695 -0.225 0.01167947693 2
0 0.695 -0.215 0.0102850028 2
0 0.695 -0.205 0.008742096236 2
0 0.695 -0.195 0.007067160795 2
0 0.695 -0.185 0.005258129923 2
0 0.695 -0.175 0.003302292302 2
0 0.695 -0.165 0.001186997547 2
0 0.695 -0.155 -0.001089876781 2
0 0.695 -0.145 -0.003511811568 2
0 0.695 -0.135 -0.006044917229 2
0 0.695 -0.125 -0.008643509219 2
0 0.695 -0.115 -0.01125683179 2
0 0.695 -0.105 -0.01383520059 2
0 0.695 -0.095 -0.01633236005 2
0 0.695 -0.085 -0.01870626235 2
0 0.695 -0.075 -0.02091898846 2
0 0.695 -0.065 -0.0229372347 2
0 0.695 -0.055 -0.02473263336 2
0 0.695 -0.045 -0.02628219983 2
0 0.695 -0.035 -0.02756863334 2
0 0.695 -0.025 -0.02858078934 2
0 0.695 -0.015 -0.02931328776 2
0 0.695 -0.005 -0.02976946142 2
0 0.695 0.005 -0.02995473552 2
0 0.695 0.015 -0.02990333416 2
0 0.695 0.025 -0.02959997197 2
0 0.695 0.035 -0.02925249866 2
0 0.695 0.045 -0.02840877995 2
0 0.695 0.055 -0.02622291247 2
0 0.695 0.065 -0.02234184586 2
0 0.695 0.075 -0.01761688502 1
0 0.695 0.085 -0.01364186104 1
0 0.695 0.095 -0.01125316414 1
0 0.695 0.105 -0.009958057839 1
0 0.695 0.115 -0.008838184288 1
0 0.695 0.125 -0.007366613249 1
0 0.695 0.135 -0.005736729399 1
0 0.695 0.145 -0.003932702453 1
0 0.695 0.155 -0.001704037989 2
0 0.695 0.165 0.0008790510057 2
0 0.695 0.175 0.003680932727 2
0 0.695 0.185 0.006189301019 2
0 0.695 0.195 0.008319543462 2
0 0.695 0.205 0.01021095716 2
0 0.695 0.215 0.01197533486 2
0 0.695 0.225 0.0135143535 2
0 0.695 0.235 0.01480724768 2
0 0.695 0.245 0.01582129039 2
0 0.695 0.255 0.01653518946 2
0 0.695 0.265 0.01693066599 2
0 0.695 0.275 0.01699406375 2
0 0.695 0.285 0.01671542544 2
0 0.695 0.295 0.01608859119 2
0 0.695 0.305 0.01511086851 2
0 0.695 0.315 0.01378363739 2
0 0.695 0.325 0.0121104813 2
0 0.695 0.335 0.01010311367 2
0 0.695 0.345 0.007763696319 2
0 0.695 0.355 0.005140267919 2
0 0.695 0.365 0.002157704361 2
0 0.695 0.375 -0.0008588013325 2
0 0.695 0.385 -0.004798154278 2
0 0.695 0.395 -0.006757755392 2
0 0.695 0.405 -0.005414843989 2
0 0.695 0.415 -0.002616578943 2
0 0.695 0.425 0 2
0 0.695 0.435 0 2
0 0.695 0.445 0 2
0 0.695 0.455 0 2
0 0.695 0.465 0 2
0 0.705 -0.455 0 2
0 0.705 -0.445 0 2
0 0.705 -0.435 0 2
0 0.705 -0.425 0 2
0 0.705 -0.415 -0.003217822567 2
0 0.705 -0.405 -0.006945207101 2
0 0.705 -0.395 -0.009029974707 2
0 0.705 -0.385 -0.007355337488 2
0 0.705 -0.375 -0.003231496368 2
0 0.705 -0.365 -0.0002494313059 2
0 0.705 -0.355 0.002713235002 2
0 0.705 -0.345 0.005269397333 2
0 0.705 -0.335 0.007530950642 2
0 0.705 -0.325 0.009454930276 2
0 0.705 -0.315 0.01105204692 2
0 0.705 -0.305 0.01231457475 2
0 0.705 -0.295 0.01323918099 2
0 0.705 -0.285 0.01381944006 2
0 0.705 -0.275 0.01405284948 2
0 0.705 -0.265 0.01394237183 2
0 0.705 -0.255 0.01350256515 2
0 0.705 -0.245 0.01276316947 2
0 0.705 -0.235 0.01177084672 2
0 0.705 -0.225 0.01058387576 2
0 0.705 -0.215 0.009265099462 2
0 0.705 -0.205 0.007859959148 2
0 0.705 -0.195 0.006387501929 2
0 0.705 -0.185 0.004827622369 2
0 0.705 -0.175 0.003136994059 2
0 0.705 -0.165 0.001271865823 2
0 0.705 -0.155 -0.0007917119152 2
0 0.705 -0.145 -0.003042097069 2
0 0.705 -0.135 -0.005438362259 2
0 0.705 -0.125 -0.007924259083 2
0 0.705 -0.115 -0.01043937575 2
0 0.705 -0.105 -0.01292849707 2
0 0.705 -0.095 -0.01534415168 2
0 0.705 -0.085 -0.01764520046 2
0 0.705 -0.075 -0.01979427012 2
0 0.705 -0.065 -0.02175835772 2
0 0.705 -0.055 -0.0235097493 2
0 0.705 -0.045 -0.02502652347 2
0 0.705 -0.035 -0.02629297734 2
0 0.705 -0.025 -0.02729995502 2
0 0.705 -0.015 -0.0280443195 2
0 0.705 -0.005 -0.028532216 2
0 0.705 0.005 -0.02877183441 2
0 0.705 0.015 -0.02880488495 2
0 0.705 0.025 -0.02861549524 2
0 0.705 0.035 -0.02846786992 2
0 0.705 0.045 -0.0277901078 2
0 0.705 0.055 -0.02570235596 2
0 0.705 0.065 -0.02184778094 2
0 0.705 0.075 -0.01718806006 1
0 0.705 0.085 -0.01332295275 1
0 0.705 0.095 -0.01103314895 1
0 0.705 0.105 -0.009723108494 1
0 0.705 0.115 -0.008538141545 1
0 0.705 0.125 -0.006950263947 1
0 0.705 0.135 -0.005256793549 1
0 0.705 0.145 -0.003330734065 1
0 0.705 0.155 -0.001058491253 2
0 0.705 0.165 0.001541419592 2
0 0.705 0.175 0.004129860397 2
0 0.705 0.185 0.006322648493 2
0 0.705 0.195 0.008232046785 2
0 0.705 0.205 0.009964654202 2
0 0.705 0.215 0.01157540743 2
0 0.705 0.225 0.0129830348 2
0 0.705 0.235 0.0141633497 2
0 0.705 0.245 0.01508363009 2
0 0.705 0.255 0.01572146015 2
0 0.705 0.265 0.0160575809 2
0 0.705 0.275 0.01607726338 2
0 0.705 0.285 0.01576935445 2
0 0.705 0.295 0.01512629168 2
0 0.705 0.305 0.01414367327 2
0 0.705 0.315 0.01282083466 2
0 0.705 0.325 0.01115873995 2
0 0.705 0.335 0.009166369829 2
0 0.705 0.345 0.006841415062 2
0 0.705 0.355 0.004230783067 2
0 0.705 0.365 0.001246175993 2
0 0.705 0.375 -0.001763883151 2
0 0.705 0.385 -0.005777013683 2
0 0.705 0.395 -0.007631457305 2
0 0.705 0.405 -0.006002311594 2
0 0.705 0.415 -0.002849466309 2
0 0.705 0.425 0 2
0 0.705 0.435 0 2
0 0.705 0.445 0 2
0 0.705 0.455 0 2
0 0.705 0.465 0 2
0 0.715 -0.455 0 2
0 0.715 -0.445 0 2
0 0.715 -0.435 0 2
0 0.715 -0.425 0 2
0 0.715 -0.415 -0.00343974154 2
0 0.715 -0.405 -0.00751005894 2
0 0.715 -0.395 -0.009866293741 2
0 0.715 -0.385 -0.008299998867 2
0 0.715 -0.375 -0.004119013608 2
0 0.715 -0.365 -0.001172802331 2
0 0.715 -0.355 0.001751223273 2
0 0.715 -0.345 0.004246857082 2
0 0.715 -0.335 0.006445610599 2
0 0.715 -0.325 0.008312466161 2
0 0.715 -0.315 0.009868646794 2
0 0.715 -0.305 0.01110877855 2
0 0.715 -0.295 0.01202805031 2
0 0.715 -0.285 0.01261119743 2
0 0.715 -0.275 0.01284633551 2
0 0.715 -0.265 0.01272759234 2
0 0.715 -0.255 0.01226727033 2
0 0.715 -0.245 0.0114873223 2
0 0.715 -0.235 0.01044128581 2
0 0.715 -0.225 0.009215582313 2
0 0.715 -0.215 0.007923345676 2
0 0.715 -0.205 0.006662477014 2
0 0.715 -0.195 0.005480296506 2
0 0.715 -0.185 0.004308353582 2
0 0.715 -0.175 0.003025005516 2
0 0.715 -0.165 0.001506009248 2
0 0.715 -0.155 -0.0003195955456 2
0 0.715 -0.145 -0.002415444791 2
0 0.715 -0.135 -0.004705364659 2
0 0.715 -0.125 -0.007097765719 2
0 0.715 -0.115 -0.00951529959 2
0 0.715 -0.105 -0.01191332574 2
0 0.715 -0.095 -0.01424365292 2
0 0.715 -0.085 -0.01646679068 2
0 0.715 -0.075 -0.01854638117 2
0 0.715 -0.065 -0.02044895783 2
0 0.715 -0.055 -0.02214723893 2
0 0.715 -0.045 -0.02362041384 2
0 0.715 -0.035 -0.02485466171 2
0 0.715 -0.025 -0.02584295115 2
0 0.715 -0.015 -0.02658414209 2
0 0.715 -0.005 -0.02708598545 2
0 0.715 0.005 -0.02735754233 2
0 0.715 0.015 -0.02744137734 2
0 0.715 0.025 -0.02731989822 2
0 0.715 0.035 -0.02725804921 2
0 0.715 0.045 -0.02668969787 2
0 0.715 0.055 -0.02479869095 2
0 0.715 0.065 -0.02124203338 2
0 0.715 0.075 -0.01686312108 1
0 0.715 0.085 -0.01311195514 1
0 0.715 0.095 -0.01073289102 1
0 0.715 0.105 -0.009260947689 1
0 0.715 0.115 -0.007957583456 1
0 0.715 0.125 -0.00633994022 1
0 0.715 0.135 -0.004622033077 1
0 0.715 0.145 -0.0026116481 2
0 0.715 0.155 -0.0002871180853 2
0 0.715 0.165 0.002167694699 2
0 0.715 0.175 0.004404568329 2
0 0.715 0.185 0.006288881824 2
0 0.715 0.195 0.007992944369 2
0 0.715 0.205 0.009582503495 2
0 0.715 0.215 0.01104485533 2
0 0.715 0.225 0.01232305781 2
0 0.715 0.235 0.01339024868 2
0 0.715 0.245 0.01421582501 2
0 0.715 0.255 0.0147771686 2
0 0.715 0.265 0.01505481064 2
0 0.715 0.275 0.01503341167 2
0 0.715 0.285 0.01470093689 2
0 0.715 0.295 0.01404860636 2
0 0.715 0.305 0.01307038832 2
0 0.715 0.315 0.01176353486 2
0 0.715 0.325 0.01012620551 2
0 0.715 0.335 0.008164250583 2
0 0.715 0.345 0.005870211836 2
0 0.715 0.355 0.003288848867 2
0 0.715 0.365 0.0003171527594 2
0 0.715 0.375 -0.002674300481 2
0 0.715 0.385 -0.006755547271 2
0 0.715 0.395 -0.0085012975 2
0 0.715 0.405 -0.006588917891 2
0 0.715 0.415 -0.003080661768 2
0 0.715 0.425 0 2
0 0.715 0.435 0 2
0 0.715 0.445 0 2
0 0.715 0.455 0 2
0 0.715 0.465 0 2
0 0.725 -0.455 0 2
0 0.725 -0.445 0 2
0 0.725 -0.435 0 2
0 0.725 -0.425 0 2
0 0.725 -0.415 -0.003643017904 2
0 0.725 -0.405 -0.008031671828 2
0 0.725 -0.395 -0.01063533848 2
0 0.725 -0.385 -0.009174637468 2
0 0.725 -0.375 -0.004951242102 2
0 0.725 -0.365 -0.002060919335 2
0 0.725 -0.355 0.0007956890291 2
0 0.725 -0.345 0.003196042707 2
0 0.725 -0.335 0.005294700133 2
0 0.725 -0.325 0.007070496608 2
0 0.725 -0.315 0.008564566143 2
0 0.725 -0.305 0.00977563665 2
0 0.725 -0.295 0.0106967845 2
0 0.725 -0.285 0.01129376629 2
0 0.725 -0.275 0.01153982193 2
0 0.725 -0.265 0.01141626235 2
0 0.725 -0.255 0.01092010127 2
0 0.725 -0.245 0.01006633669 2
0 0.725 -0.235 0.008930901047 2
0 0.725 -0.225 0.00764892104 2
0 0.725 -0.215 0.006379305054 2
0 0.725 -0.205 0.005277777265 2
0 0.725 -0.195 0.004441177278 2
0 0.725 -0.185 0.003722417591 2
0 0.725 -0.175 0.002929048401 2
0 0.725 -0.165 0.001832633077 2
0 0.725 -0.155 0.0002880477073 2
0 0.725 -0.145 -0.001637352432 2
0 0.725 -0.135 -0.003832372748 2
0 0.725 -0.125 -0.006152026584 2
0 0.725 -0.115 -0.008477673402 2
0 0.725 -0.105 -0.01077624447 2
0 0.725 -0.095 -0.0130169892 2
0 0.725 -0.085 -0.01515898162 2
0 0.725 -0.075 -0.01716501221 2
0 0.725 -0.065 -0.01899884121 2
0 0.725 -0.055 -0.02063344434 2
0 0.725 -0.045 -0.02204986702 2
0 0.725 -0.035 -0.02323718969 2
0 0.725 -0.025 -0.02419099388 2
0 0.725 -0.015 -0.02491224226 2
0 0.725 -0.005 -0.02540930497 2
0 0.725 0.005 -0.02569050739 2
0 0.725 0.015 -0.02579314821 2
0 0.725 0.025 -0.02569929608 2
0 0.725 0.035 -0.02563213383 2
0 0.725 0.045 -0.02513325605 2
0 0.725 0.055 -0.02348427932 2
0 0.725 0.065 -0.02033415287 2
0 0.725 0.075 -0.01635196342 1
0 0.725 0.085 -0.01284513124 1
0 0.725 0.095 -0.01037059957 1
0 0.725 0.105 -0.008631668173 1
0 0.725 0.115 -0.007149724257 1
0 0.725 0.125 -0.005587462393 1
0 0.725 0.135 -0.003786311088 2
0 0.725 0.145 -0.001722534403 2
0 0.725 0.155 0.0004734082729 2
0 0.725 0.165 0.002566050791 2
0 0.725 0.175 0.004421656872 2
0 0.725 0.185 0.006069235305 2
0 0.725 0.195 0.007600884684 2
0 0.725 0.205 0.009049265581 2
0 0.725 0.215 0.01036527008 2
0 0.725 0.225 0.01151376772 2
0 0.725 0.235 0.01246659871 2
0 0.725 0.245 0.01319631628 2
0 0.725 0.255 0.01368093259 2
0 0.725 0.265 0.01390144798 2
0 0.725 0.275 0.0138423922 2
0 0.725 0.285 0.01349120878 2
0 0.725 0.295 0.01283815561 2
0 0.725 0.305 0.01187574101 2
0 0.725 0.315 0.01059920217 2
0 0.725 0.325 0.00900383955 2
0 0.725 0.335 0.007092081195 2
0 0.725 0.345 0.004850740849 2
0 0.725 0.355 0.002321213263 2
0 0.725 0.365 -0.0006158324344 2
0 0.725 0.375 -0.003570515183 2
0 0.725 0.385 -0.007707741186 2
0 0.725 0.395 -0.009341648135 2
0 0.725 0.405 -0.007157299398 2
0 0.725 0.415 -0.003302896443 2
0 0.725 0.425 0 2
0 0.725 0.435 0 2
0 0.725 0.445 0 2
0 0.725 0.455 0 2
0 0.725 0.465 0 2
0 0.735 -0.455 0 2
0 0.735 -0.445 0 2
0 0.735 -0.435 0 2
0 0.735 -0.425 0 2
0 0.735 -0.415 -0.003816318067 2
0 0.735 -0.405 -0.008481834081 2
0 0.735 -0.395 -0.01129629804 2
0 0.735 -0.385 -0.009935721572 2
0 0.735 -0.375 -0.005691214882 2
0 0.735 -0.365 -0.002879807371 2
0 0.735 -0.355 -0.000130906831 2
0 0.735 -0.345 0.002112961472 2
0 0.735 -0.335 0.004036845275 2
0 0.735 -0.325 0.005651296007 2
0 0.735 -0.315 0.007053745477 2
0 0.735 -0.305 0.008246822162 2
0 0.735 -0.295 0.009220458975 2
0 0.735 -0.285 0.009878636337 2
0 0.735 -0.275 0.01016646226 2
0 0.735 -0.265 0.01003751335 2
0 0.735 -0.255 0.009483962136 2
0 0.735 -0.245 0.008553054686 2
0 0.735 -0.235 0.007348808878 2
0 0.735 -0.225 0.006038782906 2
0 0.735 -0.215 0.004836552257 2
0 0.735 -0.205 0.003916894139 2
0 0.735 -0.195 0.003400243537 2
0 0.735 -0.185 0.003123936056 2
0 0.735 -0.175 0.002805566126 2
0 0.735 -0.165 0.002145582745 2
0 0.735 -0.155 0.000939575491 2
0 0.735 -0.145 -0.0008041262743 2
0 0.735 -0.135 -0.002887443588 2
0 0.735 -0.125 -0.005117617771 2
0 0.735 -0.115 -0.00734136791 2
0 0.735 -0.105 -0.009520808964 2
0 0.735 -0.095 -0.01166354597 2
0 0.735 -0.085 -0.01371978718 2
0 0.735 -0.075 -0.0156471612 2
0 0.735 -0.065 -0.01740330968 2
0 0.735 -0.055 -0.01896104525 2
0 0.735 -0.045 -0.02030443674 2
0 0.735 -0.035 -0.02142726681 2
0 0.735 -0.025 -0.02232856476 2
0 0.735 -0.015 -0.02301207521 2
0 0.735 -0.005 -0.02348634654 2
0 0.735 0.005 -0.0237576947 2
0 0.735 0.015 -0.02385246854 2
0 0.735 0.025 -0.02375069728 2
0 0.735 0.035 -0.02359639303 2
0 0.735 0.045 -0.02307300413 2
0 0.735 0.055 -0.02169157705 2
0 0.735 0.065 -0.01913810538 2
0 0.735 0.075 -0.01566324177 2
0 0.735 0.085 -0.01234530981 1
0 0.735 0.095 -0.009737695248 1
0 0.735 0.105 -0.007910193676 1
0 0.735 0.115 -0.006359737378 2
0 0.735 0.125 -0.004688611168 2
0 0.735 0.135 -0.002815907485 2
0 0.735 0.145 -0.0008906991 2
0 0.735 0.155 0.001002318497 2
0 0.735 0.165 0.002701269235 2
0 0.735 0.175 0.004237130566 2
0 0.735 0.185 0.00568111957 2
0 0.735 0.195 0.007057606605 2
0 0.735 0.205 0.008354663294 2
0 0.735 0.215 0.009522916273 2
0 0.735 0.225 0.01053843882 2
0 0.735 0.235 0.01137413702 2
0 0.735 0.245 0.01200601005 2
0 0.735 0.255 0.01241339399 2
0 0.735 0.265 0.01257829281 2
0 0.735 0.275 0.01248555942 2
0 0.735 0.285 0.01212249127 2
0 0.735 0.295 0.01147869644 2
0 0.735 0.305 0.01054548948 2
0 0.735 0.315 0.009316296842 2
0 0.735 0.325 0.007783708463 2
0 0.735 0.335 0.005946650051 2
0 0.735 0.345 0.003785908506 2
0 0.735 0.355 0.001338188231 2
0 0.735 0.365 -0.001533586396 2
0 0.735 0.375 -0.004425051771 2
0 0.735 0.385 -0.008596327838 2
0 0.735 0.395 -0.01011550074 2
0 0.735 0.405 -0.007681979283 2
0 0.735 0.415 -0.003505594851 2
0 0.735 0.425 0 2
0 0.735 0.435 0 2
0 0.735 0.445 0 2
0 0.735 0.455 0 2
0 0.735 0.465 0 2
0 0.745 -0.455 0 2
0 0.745 -0.445 0 2
0 0.745 -0.435 0 2
0 0.745 -0.425 0 2
0 0.745 -0.415 -0.00394516436 2
0 0.745 -0.405 -0.008825145531 2
0 0.745 -0.395 -0.01180022132 2
0 0.745 -0.385 -0.01053478658 2
0 0.745 -0.375 -0.006303058302 2
0 0.745 -0.365 -0.003596762757 2
0 0.745 -0.355 -0.0009917928122 2
0 0.745 -0.345 0.001056707825 2
0 0.745 -0.335 0.002749055411 2
0 0.745 -0.325 0.004127801893 2
0 0.745 -0.315 0.005384916941 2
0 0.745 -0.305 0.00653995212 2
0 0.745 -0.295 0.007600453155 2
0 0.745 -0.285 0.008359036969 2
0 0.745 -0.275 0.008729790028 2
0 0.745 -0.265 0.008613133801 2
0 0.745 -0.255 0.008019398349 2
0 0.745 -0.245 0.007064341026 2
0 0.745 -0.235 0.005866557689 2
0 0.745 -0.225 0.004640893 2
0 0.745 -0.215 0.003601785719 2
0 0.745 -0.205 0.00289125426 2
0 0.745 -0.195 0.002588663341 2
0 0.745 -0.185 0.002573688957 2
0 0.745 -0.175 0.002487813345 2
0 0.745 -0.165 0.00207006314 2
0 0.745 -0.155 0.001212129692 2
0 0.745 -0.145 -0.0001986240862 2
0 0.745 -0.135 -0.001984373469 2
0 0.745 -0.125 -0.003966261425 2
0 0.745 -0.115 -0.006015772707 2
0 0.745 -0.105 -0.008067243011 2
0 0.745 -0.095 -0.01013702728 2
0 0.745 -0.085 -0.01213438639 2
0 0.745 -0.075 -0.01399126982 2
0 0.745 -0.065 -0.0156567952 2
0 0.745 -0.055 -0.01712027989 2
0 0.745 -0.045 -0.01836958438 2
0 0.745 -0.035 -0.01940531265 2
0 0.745 -0.025 -0.02023188907 2
0 0.745 -0.015 -0.02085796729 2
0 0.745 -0.005 -0.02129347692 2
0 0.745 0.005 -0.02154294356 2
0 0.745 0.015 -0.02161896455 2
0 0.745 0.025 -0.02149883511 2
0 0.745 0.035 -0.02124987924 2
0 0.745 0.045 -0.02068838653 2
0 0.745 0.055 -0.01948615179 2
0 0.745 0.065 -0.01738860063 2
0 0.745 0.075 -0.0144819989 2
0 0.745 0.085 -0.01160398636 2
0 0.745 0.095 -0.009132264458 2
0 0.745 0.105 -0.007109567892 2
0 0.745 0.115 -0.005362967826 2
0 0.745 0.125 -0.003669405507 2
0 0.745 0.135 -0.001980919337 2
0 0.745 0.145 -0.0003588618642 2
0 0.745 0.155 0.001174298215 2
0 0.745 0.165 0.002565832202 2
0 0.745 0.175 0.003878706151 2
0 0.745 0.185 0.005144641693 2
0 0.745 0.195 0.006356327707 2
0 0.745 0.205 0.007484095427 2
0 0.745 0.215 0.008496849981 2
0 0.745 0.225 0.009371501601 2
0 0.745 0.235 0.01008417464 2
0 0.745 0.245 0.01061405505 2
0 0.745 0.255 0.01094233267 2
0 0.745 0.265 0.0110524035 2
0 0.745 0.275 0.01092984735 2
0 0.745 0.285 0.01056218496 2
0 0.745 0.295 0.009938727682 2
0 0.745 0.305 0.009049954423 2
0 0.745 0.315 0.00788783867 2
0 0.745 0.325 0.006442685011 2
0 0.745 0.335 0.004710191749 2
0 0.745 0.345 0.002665584549 2
0 0.745 0.355 0.0003399372385 2
0 0.745 0.365 -0.00242204013 2
0 0.745 0.375 -0.005209450683 2
0 0.745 0.385 -0.009374844404 2
0 0.745 0.395 -0.01077351687 2
0 0.745 0.405 -0.008127454679 2
0 0.745 0.415 -0.003673904963 2
0 0.745 0.425 0 2
0 0.745 0.435 0 2
0 0.745 0.445 0 2
0 0.745 0.455 0 2
0 0.745 0.465 0 2
0 0.755 -0.455 0 2
0 0.755 -0.445 0 2
0 0.755 -0.435 0 2
0 0.755 -0.425 0 2
0 0.755 -0.415 -0.004009274619 2
0 0.755 -0.405 -0.009011667228 2
0 0.755 -0.395 -0.01207831287 2
0 0.755 -0.385 -0.01090364446 2
0 0.755 -0.375 -0.006731179265 2
0 0.755 -0.365 -0.004149275937 2
0 0.755 -0.355 -0.001700819259 2
0 0.755 -0.345 0.0001589336919 2
0 0.755 -0.335 0.001586433381 2
0 0.755 -0.325 0.002685857232 2
0 0.755 -0.315 0.003725130685 2
0 0.755 -0.305 0.004778861349 2
0 0.755 -0.295 0.005904751142 2
0 0.755 -0.285 0.006789441381 2
0 0.755 -0.275 0.007292757062 2
0 0.755 -0.265 0.007237669439 2
0 0.755 -0.255 0.006679778655 2
0 0.755 -0.245 0.005791467243 2
0 0.755 -0.235 0.004714682201 2
0 0.755 -0.225 0.003631030418 2
0 0.755 -0.215 0.002677798164 2
0 0.755 -0.205 0.002081460281 1
0 0.755 -0.195 0.001902533915 1
0 0.755 -0.185 0.00203063524 1
0 0.755 -0.175 0.002111953592 1
0 0.755 -0.165 0.00180206005 2
0 0.755 -0.155 0.001091474515 2
0 0.755 -0.145 3.937782416e-05 2
0 0.755 -0.135 -0.001303931272 2
0 0.755 -0.125 -0.002871931519 2
0 0.755 -0.115 -0.004635410141 2
0 0.755 -0.105 -0.006522167001 2
0 0.755 -0.095 -0.008504184701 2
0 0.755 -0.085 -0.0104421096 2
0 0.755 -0.075 -0.0122225294 2
0 0.755 -0.065 -0.01377383875 2
0 0.755 -0.055 -0.01511870863 2
0 0.755 -0.045 -0.01624877034 2
0 0.755 -0.035 -0.01717135955 2
0 0.755 -0.025 -0.01789849641 2
0 0.755 -0.015 -0.01844710704 2
0 0.755 -0.005 -0.01883102045 2
0 0.755 0.005 -0.01905432759 2
0 0.755 0.015 -0.01911387842 2
0 0.755 0.025 -0.01898093535 2
0 0.755 0.035 -0.01865406982 2
0 0.755 0.045 -0.01805624641 2
0 0.755 0.055 -0.01700004016 2
0 0.755 0.065 -0.01533327961 2
0 0.755 0.075 -0.01302065084 2
0 0.755 0.085 -0.01049752354 2
0 0.755 0.095 -0.008196415961 2
0 0.755 0.105 -0.006224118998 2
0 0.755 0.115 -0.004520503177 2
0 0.755 0.125 -0.002926157828 2
0 0.755 0.135 -0.001469086697 2
0 0.755 0.145 -0.0001503810458 2
0 0.755 0.155 0.001075973227 2
0 0.755 0.165 0.002245927896 2
0 0.755 0.175 0.003370533023 2
0 0.755 0.185 0.00446205701 2
0 0.755 0.195 0.005493880573 2
0 0.755 0.205 0.006442354174 2
0 0.755 0.215 0.007288844841 2
0 0.755 0.225 0.008013269199 2
0 0.755 0.235 0.008596027434 2
0 0.755 0.245 0.009019296409 2
0 0.755 0.255 0.009266524844 2
0 0.755 0.265 0.009322790581 2
0 0.755 0.275 0.009174750819 2
0 0.755 0.285 0.008810504651 2
0 0.755 0.295 0.008219448395 2
0 0.755 0.305 0.007391662452 2
0 0.755 0.315 0.0063181694 2
0 0.755 0.325 0.004987692397 2
0 0.755 0.335 0.003393367261 2
0 0.755 0.345 0.001506344496 2
0 0.755 0.355 -0.0006483788899 2
0 0.755 0.365 -0.003242744472 2
0 0.755 0.375 -0.005870876932 2
0 0.755 0.385 -0.009968098988 2
0 0.755 0.395 -0.01123938205 2
0 0.755 0.405 -0.008438954445 2
0 0.755 0.415 -0.003785459723 2
0 0.755 0.425 0 2
0 0.755 0.435 0 2
0 0.755 0.445 0 2
0 0.755 0.455 0 2
0 0.755 0.465 0 2
0 0.765 -0.455 0 2
0 0.765 -0.445 0 2
0 0.765 -0.435 0 2
0 0.765 -0.425 0 2
0 0.765 -0.415 -0.003980633777 2
0 0.765 -0.405 -0.008976870551 2
0 0.765 -0.395 -0.01205734557 2
0 0.765 -0.385 -0.01100047289 2
0 0.765 -0.375 -0.006995035648 2
0 0.765 -0.365 -0.004595142058 2
0 0.765 -0.355 -0.002321654833 2
0 0.765 -0.345 -0.0006309821423 2
0 0.765 -0.335 0.0005551086122 2
0 0.765 -0.325 0.001453777908 2
0 0.765 -0.315 0.002267752936 2
0 0.765 -0.305 0.00315754139 2
0 0.765 -0.295 0.004176872861 2
0 0.765 -0.285 0.005081926338 2
0 0.765 -0.275 0.005700658485 2
0 0.765 -0.265 0.005828059763 2
0 0.765 -0.255 0.00546233 2
0 0.765 -0.245 0.004792220839 2
0 0.765 -0.235 0.00386562862 2
0 0.765 -0.225 0.002898368289 2
0 0.765 -0.215 0.002146874484 1
0 0.765 -0.205 0.001731629162 1
0 0.765 -0.195 0.001487336612 1
0 0.765 -0.185 0.001299948543 1
0 0.765 -0.175 0.001131502138 1
0 0.765 -0.165 0.0008805724006 1
0 0.765 -0.155 0.0004285946545 2
0 0.765 -0.145 -0.0002214653427 2
0 0.765 -0.135 -0.001062228606 2
0 0.765 -0.125 -0.002075780404 2
0 0.765 -0.115 -0.003407537472 2
0 0.765 -0.105 -0.00500594595 2
0 0.765 -0.095 -0.006822368565 2
0 0.765 -0.085 -0.008647461439 2
0 0.765 -0.075 -0.01031432811 2
0 0.765 -0.065 -0.01172651165 2
0 0.765 -0.055 -0.01292134478 2
0 0.765 -0.045 -0.0139035437 2
0 0.765 -0.035 -0.01467414779 2
0 0.765 -0.025 -0.01525036892 2
0 0.765 -0.015 -0.01567885696 2
0 0.765 -0.005 -0.0159931153 2
0 0.765 0.005 -0.0162041704 2
0 0.765 0.015 -0.01628785247 2
0 0.765 0.025 -0.01619244611 2
0 0.765 0.035 -0.01585529909 2
0 0.765 0.045 -0.01524329762 2
0 0.765 0.055 -0.01426834244 2
0 0.765 0.065 -0.01289515297 2
0 0.765 0.075 -0.01112883443 2
0 0.765 0.085 -0.00911940075 2
0 0.765 0.095 -0.007128447433 2
0 0.765 0.105 -0.005305331089 2
0 0.765 0.115 -0.003752182959 2
0 0.765 0.125 -0.002406030221 2
0 0.765 0.135 -0.001230973413 2
0 0.765 0.145 -0.0001557878955 2
0 0.765 0.155 0.0008466679001 2
0 0.765 0.165 0.001811662839 2
0 0.765 0.175 0.002732101478 2
0 0.765 0.185 0.003608905777 2
0 0.765 0.195 0.004424118108 2
0 0.765 0.205 0.005167538237 2
0 0.765 0.215 0.005824276193 2
0 0.765 0.225 0.00637889176 2
0 0.765 0.235 0.006816036363 2
0 0.765 0.245 0.007120919708 2
0 0.765 0.255 0.007279507359 2
0 0.765 0.265 0.007278782656 2
0 0.765 0.275 0.007106768867 2
0 0.765 0.285 0.006752457818 2
0 0.765 0.295 0.006205694825 2
0 0.765 0.305 0.005456616488 2
0 0.765 0.315 0.004495871976 2
0 0.765 0.325 0.003311523178 2
0 0.765 0.335 0.001895232852 2
0 0.765 0.345 0.0002168986454 2
0 0.765 0.355 -0.00170365054 2
0 0.765 0.365 -0.004042234922 2
0 0.765 0.375 -0.006412856444 2
0 0.765 0.385 -0.01031420187 2
0 0.765 0.395 -0.01142292965 2
0 0.765 0.405 -0.00854084956 2
0 0.765 0.415 -0.00380800794 2
0 0.765 0.425 0 2
0 0.765 0.435 0 2
0 0.765 0.445 0 2
0 0.765 0.455 0 2
0 0.765 0.465 0 2
0 0.775 -0.455 0 2
0 0.775 -0.445 0 2
0 0.775 -0.435 0 2
0 0.775 -0.425 0 2
0 0.775 -0.415 -0.003817507469 2
0 0.775 -0.405 -0.008610970053 2
0 0.775 -0.395 -0.01158564266 2
0 0.775 -0.385 -0.01066153083 2
0 0.775 -0.375 -0.006959414381 2
0 0.775 -0.365 -0.004802873902 2
0 0.775 -0.355 -0.002707885564 2
0 0.775 -0.345 -0.001133314015 2
0 0.775 -0.335 -0.0001143763255 2
0 0.775 -0.325 0.0005452457411 1
0 0.775 -0.315 0.001055884152 1
0 0.775 -0.305 0.001823944783 1
0 0.775 -0.295 0.002742854942 2
0 0.775 -0.285 0.00358458201 2
0 0.775 -0.275 0.004168287735 2
0 0.775 -0.265 0.004490452807 2
0 0.775 -0.255 0.004449674795 2
0 0.775 -0.245 0.004062514829 2
0 0.775 -0.235 0.003278733127 2
0 0.775 -0.225 0.002510369318 1
0 0.775 -0.215 0.001959518745 1
0 0.775 -0.205 0.001556163992 1
0 0.775 -0.195 0.001028589498 1
0 0.775 -0.185 0.0004112309582 1
0 0.775 -0.175 2.21874527e-05 1
0 0.775 -0.165 -0.0001983099167 1
0 0.775 -0.155 -0.0004780989661 2
0 0.775 -0.145 -0.0008353528375 2
0 0.775 -0.135 -0.001237034804 2
0 0.775 -0.125 -0.001720770041 2
0 0.775 -0.115 -0.002575940333 2
0 0.775 -0.105 -0.003757672295 2
0 0.775 -0.095 -0.005291762927 2
0 0.775 -0.085 -0.006895246648 2
0 0.775 -0.075 -0.008375827226 2
0 0.775 -0.065 -0.009624031319 2
0 0.775 -0.055 -0.01063018663 2
0 0.775 -0.045 -0.01142501195 2
0 0.775 -0.035 -0.0120105642 2
0 0.775 -0.025 -0.01240521401 2
0 0.775 -0.015 -0.01270447536 2
0 0.775 -0.005 -0.01295612648 2
0 0.775 0.005 -0.01316019612 2
0 0.775 0.015 -0.01328359986 2
0 0.775 0.025 -0.01325762196 2
0 0.775 0.035 -0.01296170938 2
0 0.775 0.045 -0.0123832759 2
0 0.775 0.055 -0.01151456109 2
0 0.775 0.065 -0.01037026096 2
0 0.775 0.075 -0.008996236213 2
0 0.775 0.085 -0.007452158872 2
0 0.775 0.095 -0.005887223562 2
0 0.775 0.105 -0.004418193619 2
0 0.775 0.115 -0.003132357675 2
0 0.775 0.125 -0.002024013466 2
0 0.775 0.135 -0.001066740769 2
0 0.775 0.145 -0.0002026131885 2
0 0.775 0.155 0.0005931377046 2
0 0.775 0.165 0.001338588662 2
0 0.775 0.175 0.002030076048 2
0 0.775 0.185 0.002671920662 2
0 0.775 0.195 0.003260979145 2
0 0.775 0.205 0.00379080099 2
0 0.775 0.215 0.004251538284 2
0 0.775 0.225 0.0046324716 2
0 0.775 0.235 0.004922125519 2
0 0.775 0.245 0.005108853616 2
0 0.775 0.255 0.005181236123 2
0 0.775 0.265 0.005128331448 2
0 0.775 0.275 0.004939779776 2
0 0.775 0.285 0.004605779675 2
0 0.775 0.295 0.004117016581 2
0 0.775 0.305 0.003464187128 2
0 0.775 0.315 0.002638210127 2
0 0.775 0.325 0.00162748111 2
0 0.775 0.335 0.0004233762555 2
0 0.775 0.345 -0.001002441963 2
0 0.775 0.355 -0.002634218834 2
0 0.775 0.365 -0.004634568811 2
0 0.775 0.375 -0.006659367364 2
0 0.775 0.385 -0.01021886465 2
0 0.775 0.395 -0.01114976591 2
0 0.775 0.405 -0.008308375677 2
0 0.775 0.415 -0.00369452804 2
0 0.775 0.425 0 2
0 0.775 0.435 0 2
0 0.775 0.445 0 2
0 0.775 0.455 0 2
0 0.775 0.465 0 2
0 0.785 -0.455 0 2
0 0.785 -0.445 0 2
0 0.785 -0.435 0 2
0 0.785 -0.425 0 2
0 0.785 -0.415 -0.00333906328 2
0 0.785 -0.405 -0.007602464654 2
0 0.785 -0.395 -0.01054278356 2
0 0.785 -0.385 -0.01009135868 2
0 0.785 -0.375 -0.007255993183 2
0 0.785 -0.365 -0.005508173198 2
0 0.785 -0.355 -0.003716455744 2
0 0.785 -0.345 -0.002353661264 2
0 0.785 -0.335 -0.00145420761 1
0 0.785 -0.325 -0.0008734048791 1
0 0.785 -0.315 -0.0004138648528 1
0 0.785 -0.305 0.0001300796146 1
0 0.785 -0.295 0.0007585100578 1
0 0.785 -0.285 0.001478054009 1
0 0.785 -0.275 0.002097716345 2
0 0.785 -0.265 0.002680108749 2
0 0.785 -0.255 0.003070693459 2
0 0.785 -0.245 0.003086829647 2
0 0.785 -0.235 0.00268262836 1
0 0.785 -0.225 0.002175879823 1
0 0.785 -0.215 0.001676177058 1
0 0.785 -0.205 0.001099208754 1
0 0.785 -0.195 0.0001973708077 1
0 0.785 -0.185 -0.0008492479177 1
0 0.785 -0.175 -0.001560745165 1
0 0.785 -0.165 -0.001910307971 1
0 0.785 -0.155 -0.002002738658 1
0 0.785 -0.145 -0.001996188963 1
0 0.785 -0.135 -0.001955070729 1
0 0.785 -0.125 -0.002029599743 1
0 0.785 -0.115 -0.002503063367 2
0 0.785 -0.105 -0.003253506107 2
0 0.785 -0.095 -0.004188885724 2
0 0.785 -0.085 -0.005169795299 2
0 0.785 -0.075 -0.00616304106 2
0 0.785 -0.065 -0.007050964382 2
0 0.785 -0.055 -0.007757123746 2
0 0.785 -0.045 -0.008291715884 2
0 0.785 -0.035 -0.00868418804 2
0 0.785 -0.025 -0.008969386177 2
0 0.785 -0.015 -0.009213389891 2
0 0.785 -0.005 -0.009421037045 2
0 0.785 0.005 -0.009570902527 2
0 0.785 0.015 -0.00965920645 2
0 0.785 0.025 -0.009662883549 2
0 0.785 0.035 -0.009475569904 2
0 0.785 0.045 -0.009052101404 2
0 0.785 0.055 -0.00837097564 2
0 0.785 0.065 -0.007474060375 2
0 0.785 0.075 -0.006441754939 2
0 0.785 0.085 -0.005312108824 2
0 0.785 0.095 -0.004173077484 2
0 0.785 0.105 -0.003102090304 2
0 0.785 0.115 -0.002158341848 2
0 0.785 0.125 -0.001359164694 2
0 0.785 0.135 -0.000699091091 2
0 0.785 0.145 -0.000151923065 2
0 0.785 0.155 0.0003068781504 2
0 0.785 0.165 0.0007011594832 2
0 0.785 0.175 0.001045850892 2
0 0.785 0.185 0.001350459567 2
0 0.785 0.195 0.001618005004 2
0 0.785 0.205 0.001847979445 2
0 0.785 0.215 0.002036425075 2
0 0.785 0.225 0.002177361188 2
0 0.785 0.235 0.002263257989 2
0 0.785 0.245 0.002285797588 2
0 0.785 0.255 0.002236297021 2
0 0.785 0.265 0.002106017793 2
0 0.785 0.275 0.001886338061 2
0 0.785 0.285 0.001568785049 2
0 0.785 0.295 0.001145021566 2
0 0.785 0.305 0.0006065027848 2
0 0.785 0.315 -5.528241743e-05 2
0 0.785 0.325 -0.0008509352713 2
0 0.785 0.335 -0.001788386611 2
0 0.785 0.345 -0.002890920605 2
0 0.785 0.355 -0.004144092012 2
0 0.785 0.365 -0.005673003166 2
0 0.785 0.375 -0.007186349739 2
0 0.785 0.385 -0.009846050962 2
0 0.785 0.395 -0.01026826573 2
0 0.785 0.405 -0.007410507217 2
0 0.785 0.415 -0.003257932453 2
0 0.785 0.425 0 2
0 0.785 0.435 0 2
0 0.785 0.445 0 2
0 0.785 0.455 0 2
0 0.785 0.465 0 2
0 0.795 -0.455 0 2
0 0.795 -0.445 0 2
0 0.795 -0.435 0 2
0 0.795 -0.425 0 2
0 0.795 -0.415 -0.002550653614 2
0 0.795 -0.405 -0.00587014258 2
0 0.795 -0.395 -0.008494124421 2
0 0.795 -0.385 -0.008271737939 2
0 0.795 -0.375 -0.006344270549 2
0 0.795 -0.365 -0.005055946251 2
0 0.795 -0.355 -0.003682193606 2
0 0.795 -0.345 -0.002615506687 2
0 0.795 -0.335 -0.00185435971 1
0 0.795 -0.325 -0.001437394346 1
0 0.795 -0.315 -0.001103015171 1
0 0.795 -0.305 -0.0007237221271 1
0 0.795 -0.295 -0.0002469401859 1
0 0.795 -0.285 0.000258702415 1
0 0.795 -0.275 0.000790373092 1
0 0.795 -0.265 0.001447152368 2
0 0.795 -0.255 0.002060640446 2
0 0.795 -0.245 0.002341808851 2
0 0.795 -0.235 0.002246383738 1
0 0.795 -0.225 0.001853855385 1
0 0.795 -0.215 0.001364893376 1
0 0.795 -0.205 0.0006723793599 1
0 0.795 -0.195 -0.000296205582 1
0 0.795 -0.185 -0.00131320535 1
0 0.795 -0.175 -0.002074790363 1
0 0.795 -0.165 -0.002491255717 1
0 0.795 -0.155 -0.002568748677 1
0 0.795 -0.145 -0.002449594611 1
0 0.795 -0.135 -0.002191255802 1
0 0.795 -0.125 -0.002147387623 1
0 0.795 -0.115 -0.002414281194 2
0 0.795 -0.105 -0.002854096019 2
0 0.795 -0.095 -0.003219715543 2
0 0.795 -0.085 -0.003627507978 2
0 0.795 -0.075 -0.004208265968 2
0 0.795 -0.065 -0.004763071579 2
0 0.795 -0.055 -0.005190126042 2
0 0.795 -0.045 -0.005499383405 2
0 0.795 -0.035 -0.005731901367 2
0 0.795 -0.025 -0.005930456369 2
0 0.795 -0.015 -0.00611763144 2
0 0.795 -0.005 -0.006277917943 2
0 0.795 0.005 -0.006370820466 2
0 0.795 0.015 -0.006409190035 2
0 0.795 0.025 -0.006423853242 2
0 0.795 0.035 -0.006363468186 2
0 0.795 0.045 -0.006120289943 2
0 0.795 0.055 -0.005637397084 2
0 0.795 0.065 -0.004998511987 2
0 0.795 0.075 -0.004271528791 2
0 0.795 0.085 -0.003482375843 2
0 0.795 0.095 -0.002693462622 2
0 0.795 0.105 -0.001960712869 2
0 0.795 0.115 -0.001327596481 2
0 0.795 0.125 -0.0008122114953 2
0 0.795 0.135 -0.0004129711019 2
0 0.795 0.145 -0.0001123548871 2
0 0.795 0.155 0.0001108587526 2
0 0.795 0.165 0.0002774948113 2
0 0.795 0.175 0.0004029964044 2
0 0.795 0.185 0.0004983040833 2
0 0.795 0.195 0.0005695535036 2
0 0.795 0.205 0.0006193403224 2
0 0.795 0.215 0.0006470568924 2
0 0.795 0.225 0.000649847695 2
0 0.795 0.235 0.0006232531606 2
0 0.795 0.245 0.0005618132341 2
0 0.795 0.255 0.0004594647775 2
0 0.795 0.265 0.0003098380571 2
0 0.795 0.275 0.0001064312754 2
0 0.795 0.285 -0.0001573320705 2
0 0.795 0.295 -0.0004880855698 2
0 0.795 0.305 -0.0008927429008 2
0 0.795 0.315 -0.001378278244 2
0 0.795 0.325 -0.00195319889 2
0 0.795 0.335 -0.002623901143 2
0 0.795 0.345 -0.003407446688 2
0 0.795 0.355 -0.004292376587 2
0 0.795 0.365 -0.005363517531 2
0 0.795 0.375 -0.006406365928 2
0 0.795 0.385 -0.008167168301 2
0 0.795 0.395 -0.008343778264 2
0 0.795 0.405 -0.005764593534 2
0 0.795 0.415 -0.002503428105 2
0 0.795 0.425 0 2
0 0.795 0.435 0 2
0 0.795 0.445 0 2
0 0.795 0.455 0 2
0 0.795 0.465 0 2
0 0.805 -0.455 0 2
0 0.805 -0.445 0 2
0 0.805 -0.435 0 2
0 0.805 -0.425 0 2
0 0.805 -0.415 -0.001366864064 2
0 0.805 -0.405 -0.00296435256 2
0 0.805 -0.395 -0.004609650785 2
0 0.805 -0.385 -0.004892117053 2
0 0.805 -0.375 -0.004142935675 2
0 0.805 -0.365 -0.003546083885 2
0 0.805 -0.355 -0.002837274561 2
0 0.805 -0.345 -0.002268398087 2
0 0.805 -0.335 -0.001821157932 1
0 0.805 -0.325 -0.001557109258 1
0 0.805 -0.315 -0.001356881252 1
0 0.805 -0.305 -0.001170085757 1
0 0.805 -0.295 -0.0009165008417 1
0 0.805 -0.285 -0.0006418029742 1
0 0.805 -0.275 -0.0003041287873 1
0 0.805 -0.265 0.0001300583889 1
0 0.805 -0.255 0.000623833533 2
0 0.805 -0.245 0.001007621288 1
0 0.805 -0.235 0.00114566654 1
0 0.805 -0.225 0.0009148925878 1
0 0.805 -0.215 0.000551102991 1
0 0.805 -0.205 4.488988785e-05 1
0 0.805 -0.195 -0.0005790711837 1
0 0.805 -0.185 -0.001217672869 1
0 0.805 -0.175 -0.00174365019 1
0 0.805 -0.165 -0.002047020518 1
0 0.805 -0.155 -0.002067886886 1
0 0.805 -0.145 -0.001889783655 1
0 0.805 -0.135 -0.001643648953 1
0 0.805 -0.125 -0.001664991201 1
0 0.805 -0.115 -0.001770084594 1
0 0.805 -0.105 -0.001874654337 2
0 0.805 -0.095 -0.001837276624 2
0 0.805 -0.085 -0.001775884517 2
0 0.805 -0.075 -0.001858769442 2
0 0.805 -0.065 -0.002004401196 2
0 0.805 -0.055 -0.002124097548 2
0 0.805 -0.045 -0.002222039142 2
0 0.805 -0.035 -0.002338366399 2
0 0.805 -0.025 -0.00248270851 1
0 0.805 -0.015 -0.00262562376 1
0 0.805 -0.005 -0.00272558268 1
0 0.805 0.005 -0.002736353063 1
0 0.805 0.015 -0.002701335618 1
0 0.805 0.025 -0.00267864221 2
0 0.805 0.035 -0.002672918138 2
0 0.805 0.045 -0.002617384536 2
0 0.805 0.055 -0.002426494364 2
0 0.805 0.065 -0.002125695443 2
0 0.805 0.075 -0.001764362376 2
0 0.805 0.085 -0.001370785783 2
0 0.805 0.095 -0.0009848539987 2
0 0.805 0.105 -0.0006425004736 2
0 0.805 0.115 -0.0003704621919 2
0 0.805 0.125 -0.000179595161 2
0 0.805 0.135 -6.730636736e-05 2
0 0.805 0.145 -2.130386615e-05 2
0 0.805 0.155 -2.599776553e-05 2
0 0.805 0.165 -6.589579258e-05 2
0 0.805 0.175 -0.0001283387695 2
0 0.805 0.185 -0.0002038303362 2
0 0.805 0.195 -0.0002861940426 2
0 0.805 0.205 -0.0003719517189 2
0 0.805 0.215 -0.0004598426712 2
0 0.805 0.225 -0.0005502414088 2
0 0.805 0.235 -0.0006447299028 2
0 0.805 0.245 -0.0007457060085 2
0 0.805 0.255 -0.0008561049451 2
0 0.805 0.265 -0.0009791979963 2
0 0.805 0.275 -0.001118470083 2
0 0.805 0.285 -0.001277567415 2
0 0.805 0.295 -0.001460266913 2
0 0.805 0.305 -0.001670572405 2
0 0.805 0.315 -0.001912541575 2
0 0.805 0.325 -0.002191018155 2
0 0.805 0.335 -0.002509403991 2
0 0.805 0.345 -0.002876387213 2
0 0.805 0.355 -0.003283232564 2
0 0.805 0.365 -0.003770250667 2
0 0.805 0.375 -0.004207708559 2
0 0.805 0.385 -0.004853631419 2
0 0.805 0.395 -0.004541247829 2
0 0.805 0.405 -0.002917682222 2
0 0.805 0.415 -0.001344906037 2
0 0.805 0.425 0 2
0 0.805 0.435 0 2
0 0.805 0.445 0 2
0 0.805 0.455 0 2
0 0.805 0.465 0 2
0 0.815 -0.455 0 2
0 0.815 -0.445 0 2
0 0.815 -0.435 0 2
0 0.815 -0.425 0 2
0 0.815 -0.415 -0.0005380787683 2
0 0.815 -0.405 -0.001216731438 2
0 0.815 -0.395 -0.001845208304 2
0 0.815 -0.385 -0.001950124245 2
0 0.815 -0.375 -0.001668690741 2
0 0.815 -0.365 -0.001407537256 2
0 0.815 -0.355 -0.001117786004 2
0 0.815 -0.345 -0.000888761578 2
0 0.815 -0.335 -0.0007178489558 1
0 0.815 -0.325 -0.0006082538537 1
0 0.815 -0.315 -0.0005266392355 1
0 0.815 -0.305 -0.0004560295678 1
0 0.815 -0.295 -0.0003676045981 1
0 0.815 -0.285 -0.0002542620402 1
0 0.815 -0.275 -8.375993448e-05 1
0 0.815 -0.265 0.000150375491 1
0 0.815 -0.255 0.0003875348622 2
0 0.815 -0.245 0.0005296067615 1
0 0.815 -0.235 0.0005548851154 1
0 0.815 -0.225 0.0004457700713 1
0 0.815 -0.215 0.0002741470095 1
0 0.815 -0.205 4.198472872e-05 1
0 0.815 -0.195 -0.0002206942897 1
0 0.815 -0.185 -0.0004765346867 1
0 0.815 -0.175 -0.0006875449944 1
0 0.815 -0.165 -0.0008139409511 1
0 0.815 -0.155 -0.000846648084 1
0 0.815 -0.145 -0.0008120996196 1
0 0.815 -0.135 -0.0007359051098 1
0 0.815 -0.125 -0.0007500722493 1
0 0.815 -0.115 -0.0008036574116 1
0 0.815 -0.105 -0.000847235551 2
0 0.815 -0.095 -0.0008131684457 2
0 0.815 -0.085 -0.000759167237 2
0 0.815 -0.075 -0.0007728186573 2
0 0.815 -0.065 -0.0008294280736 2
0 0.815 -0.055 -0.0008773998115 2
0 0.815 -0.045 -0.0009196792153 1
0 0.815 -0.035 -0.0009697833917 1
0 0.815 -0.025 -0.001025677759 1
0 0.815 -0.015 -0.001078415444 1
0 0.815 -0.005 -0.001114123801 1
0 0.815 0.005 -0.0011129415 1
0 0.815 0.015 -0.001099871725 1
0 0.815 0.025 -0.001101479946 2
0 0.815 0.035 -0.001109217338 2
0 0.815 0.045 -0.001092273013 2
0 0.815 0.055 -0.001017529053 2
0 0.815 0.065 -0.0008951776169 2
0 0.815 0.075 -0.0007500332997 2
0 0.815 0.085 -0.0005939129615 2
0 0.815 0.095 -0.000440519259 2
0 0.815 0.105 -0.0003023930704 2
0 0.815 0.115 -0.0001892742939 2
0 0.815 0.125 -0.000105736613 2
0 0.815 0.135 -5.155875422e-05 2
0 0.815 0.145 -2.290924619e-05 2
0 0.815 0.155 -1.436885661e-05 2
0 0.815 0.165 -2.033295184e-05 2
0 0.815 0.175 -3.604567989e-05 2
0 0.815 0.185 -5.789071476e-05 2
0 0.815 0.195 -8.346154822e-05 2
0 0.815 0.205 -0.0001113826407 2
0 0.815 0.215 -0.0001411375507 2
0 0.815 0.225 -0.000172865332 2
0 0.815 0.235 -0.0002071922148 2
0 0.815 0.245 -0.000245079366 2
0 0.815 0.255 -0.0002877106638 2
0 0.815 0.265 -0.0003364128626 2
0 0.815 0.275 -0.0003926058087 2
0 0.815 0.285 -0.0004577807178 2
0 0.815 0.295 -0.0005334889376 2
0 0.815 0.305 -0.0006213794773 2
0 0.815 0.315 -0.0007231409263 2
0 0.815 0.325 -0.000840776323 2
0 0.815 0.335 -0.0009758044666 2
0 0.815 0.345 -0.001131716392 2
0 0.815 0.355 -0.001305789741 2
0 0.815 0.365 -0.001513177826 2
0 0.815 0.375 -0.001709419006 2
0 0.815 0.385 -0.001946909428 2
0 0.815 0.395 -0.001826685936 2
0 0.815 0.405 -0.001202088316 2
0 0.815 0.415 -0.0005310825667 2
0 0.815 0.425 0 2
0 0.815 0.435 0 2
0 0.815 0.445 0 2
0 0.815 0.455 0 2
0 0.815 0.465 0 2
0 0.825 -0.455 0 2
0 0.825 -0.445 0 2
0 0.825 -0.435 0 2
0 0.825 -0.425 0 2
0 0.825 -0.415 0 2
0 0.825 -0.405 0 2
0 0.825 -0.395 0 2
0 0.825 -0.385 0 2
0 0.825 -0.375 0 2
0 0.825 -0.365 0 2
0 0.825 -0.355 0 2
0 0.825 -0.345 0 2
0 0.825 -0.335 0 1
0 0.825 -0.325 0 1
0 0.825 -0.315 0 1
0 0.825 -0.305 0 1
0 0.825 -0.295 0 1
0 0.825 -0.285 0 1
0 0.825 -0.275 0 1
0 0.825 -0.265 0 1
0 0.825 -0.255 0 1
0 0.825 -0.245 0 1
0 0.825 -0.235 0 1
0 0.825 -0.225 0 1
0 0.825 -0.215 0 1
0 0.825 -0.205 0 1
0 0.825 -0.195 0 1
0 0.825 -0.185 0 1
0 0.825 -0.175 0 1
0 0.825 -0.165 0 1
0 0.825 -0.155 0 1
0 0.825 -0.145 0 1
0 0.825 -0.135 0 1
0 0.825 -0.125 0 1
0 0.825 -0.115 0 1
0 0.825 -0.105 0 2
0 0.825 -0.095 0 2
0 0.825 -0.085 0 2
0 0.825 -0.075 0 2
0 0.825 -0.065 0 2
0 0.825 -0.055 0 1
0 0.825 -0.045 0 1
0 0.825 -0.035 0 1
0 0.825 -0.025 0 1
0 0.825 -0.015 0 1
0 0.825 -0.005 0 1
0 0.825 0.005 0 1
0 0.825 0.015 0 1
0 0.825 0.025 0 1
0 0.825 0.035 0 2
0 0.825 0.045 0 2
0 0.825 0.055 0 2
0 0.825 0.065 0 2
0 0.825 0.075 0 2
0 0.825 0.085 0 2
0 0.825 0.095 0 2
0 0.825 0.105 0 2
0 0.825 0.115 0 2
0 0.825 0.125 0 2
0 0.825 0.135 0 2
0 0.825 0.145 0 2
0 0.825 0.155 0 2
0 0.825 0.165 0 2
0 0.825 0.175 0 2
0 0.825 0.185 0 2
0 0.825 0.195 0 2
0 0.825 0.205 0 2
0 0.825 0.215 0 2
0 0.825 0.225 0 2
0 0.825 0.235 0 2
0 0.825 0.245 0 2
0 0.825 0.255 0 2
0 0.825 0.265 0 2
0 0.825 0.275 0 2
0 0.825 0.285 0 2
0 0.825 0.295 0 2
0 0.825 0.305 0 2
0 0.825 0.315 0 2
0 0.825 0.325 0 2
0 0.825 0.335 0 2
0 0.825 0.345 0 2
0 0.825 0.355 0 2
0 0.825 0.365 0 2
0 0.825 0.375 0 2
0 0.825 0.385 0 2
0 0.825 0.395 0 2
0 0.825 0.405 0 2
0 0.825 0.415 0 2
0 0.825 0.425 0 2
0 0.825 0.435 0 2
0 0.825 0.445 0 2
0 0.825 0.455 0 2
0 0.825 0.465 0 2
0 0.835 -0.455 0 2
0 0.835 -0.445 0 2
0 0.835 -0.435 0 2
0 0.835 -0.425 0 2
0 0.835 -0.415 0 2
0 0.835 -0.405 0 2
0 0.835 -0.395 0 2
0 0.835 -0.385 0 2
0 0.835 -0.375 0 2
0 0.835 -0.365 0 2
0 0.835 -0.355 0 2
0 0.835 -0.345 0 2
0 0.835 -0.335 0 2
0 0.835 -0.325 0 1
0 0.835 -0.315 0 1
0 0.835 -0.305 0 1
0 0.835 -0.295 0 1
0 0.835 -0.285 0 1
0 0.835 -0.275 0 1
0 0.835 -0.265 0 1
0 0.835 -0.255 0 1
0 0.835 -0.245 0 1
0 0.835 -0.235 0 1
0 0.835 -0.225 0 1
0 0.835 -0.215 0 1
0 0.835 -0.205 0 1
0 0.835 -0.195 0 1
0 0.835 -0.185 0 1
0 0.835 -0.175 0 1
0 0.835 -0.165 0 1
0 0.835 -0.155 0 1
0 0.835 -0.145 0 1
0 0.835 -0.135 0 1
0 0.835 -0.125 0 1
0 0.835 -0.115 0 2
0 0.835 -0.105 0 2
0 0.835 -0.095 0 2
0 0.835 -0.085 0 2
0 0.835 -0.075 0 2
0 0.835 -0.065 0 2
0 0.835 -0.055 0 1
0 0.835 -0.045 0 1
0 0.835 -0.035 0 1
0 0.835 -0.025 0 1
0 0.835 -0.015 0 1
0 0.835 -0.005 0 1
0 0.835 0.005 0 1
0 0.835 0.015 0 1
0 0.835 0.025 0 2
0 0.835 0.035 0 2
0 0.835 0.045 0 2
0 0.835 0.055 0 2
0 0.835 0.065 0 2
0 0.835 0.075 0 2
0 0.835 0.085 0 2
0 0.835 0.095 0 2
0 0.835 0.105 0 2
0 0.835 0.115 0 2
0 0.835 0.125 0 2
0 0.835 0.135 0 2
0 0.835 0.145 0 2
0 0.835 0.155 0 2
0 0.835 0.165 0 2
0 0.835 0.175 0 2
0 0.835 0.185 0 2
0 0.835 0.195 0 2
0 0.835 0.205 0 2
0 0.835 0.215 0 2
0 0.835 0.225 0 2
0 0.835 0.235 0 2
0 0.835 0.245 0 2
0 0.835 0.255 0 2
0 0.835 0.265 0 2
0 0.835 0.275 0 2
0 0.835 0.285 0 2
0 0.835 0.295 0 2
0 0.835 0.305 0 2
0 0.835 0.315 0 2
0 0.835 0.325 0 2
0 0.835 0.335 0 2
0 0.835 0.345 0 2
0 0.835 0.355 0 2
0 0.835 0.365 0 2
0 0.835 0.375 0 2
0 0.835 0.385 0 2
0 0.835 0.395 0 2
0 0.835 0.405 0 2
0 0.835 0.415 0 2
0 0.835 0.425 0 2
0 0.835 0.435 0 2
0 0.835 0.445 0 2
0 0.835 0.455 0 2
0 0.835 0.465 0 2
0 0.845 -0.455 0 2
0 0.845 -0.445 0 2
0 0.845 -0.435 0 2
0 0.845 -0.425 0 2
0 0.845 -0.415 0 2
0 0.845 -0.405 0 2
0 0.845 -0.395 0 2
0 0.845 -0.385 0 2
0 0.845 -0.375 0 2
0 0.845 -0.365 0 2
0 0.845 -0.355 0 2
0 0.845 -0.345 0 2
0 0.845 -0.335 0 2
0 0.845 -0.325 0 1
0 0.845 -0.315 0 1
0 0.845 -0.305 0 1
0 0.845 -0.295 0 1
0 0.845 -0.285 0 1
0 0.845 -0.275 0 1
0 0.845 -0.265 0 1
0 0.845 -0.255 0 1
0 0.845 -0.245 0 1
0 0.845 -0.235 0 1
0 0.845 -0.225 0 1
0 0.845 -0.215 0 1
0 0.845 -0.205 0 1
0 0.845 -0.195 0 1
0 0.845 -0.185 0 1
0 0.845 -0.175 0 1
0 0.845 -0.165 0 1
0 0.845 -0.155 0 1
0 0.845 -0.145 0 1
0 0.845 -0.135 0 1
0 0.845 -0.125 0 1
0 0.845 -0.115 0 2
0 0.845 -0.105 0 2
0 0.845 -0.095 0 2
0 0.845 -0.085 0 2
0 0.845 -0.075 0 2
0 0.845 -0.065 0 1
0 0.845 -0.055 0 1
0 0.845 -0.045 0 1
0 0.845 -0.035 0 1
0 0.845 -0.025 0 1
0 0.845 -0.015 0 1
0 0.845 -0.005 0 1
0 0.845 0.005 0 1
0 0.845 0.015 0 1
0 0.845 0.025 0 2
0 0.845 0.035 0 2
0 0.845 0.045 0 2
0 0.845 0.055 0 2
0 0.845 0.065 0 2
0 0.845 0.075 0 2
0 0.845 0.085 0 2
0 0.845 0.095 0 2
0 0.845 0.105 0 2
0 0.845 0.115 0 2
0 0.845 0.125 0 2
0 0.845 0.135 0 2
0 0.845 0.145 0 2
0 0.845 0.155 0 2
0 0.845 0.165 0 2
0 0.845 0.175 0 2
0 0.845 0.185 0 2
0 0.845 0.195 0 2
0 0.845 0.205 0 2
0 0.845 0.215 0 2
0 0.845 0.225 0 2
0 0.845 0.235 0 2
0 0.845 0.245 0 2
0 0.845 0.255 0 2
0 0.845 0.265 0 2
0 0.845 0.275 0 2
0 0.845 0.285 0 2
0 0.845 0.295 0 2
0 0.845 0.305 0 2
0 0.845 0.315 0 2
0 0.845 0.325 0 2
0 0.845 0.335 0 2
0 0.845 0.345 0 2
0 0.845 0.355 0 2
0 0.845 0.365 0 2
0 0.845 0.375 0 2
0 0.845 0.385 0 2
0 0.845 0.395 0 2
0 0.845 0.405 0 2
0 0.845 0.415 0 2
0 0.845 0.425 0 2
0 0.845 0.435 0 2
0 0.845 0.445 0 2
0 0.845 0.455 0 2
0 0.845 0.465 0 2
0 0.855 -0.455 0 2
0 0.855 -0.445 0 2
0 0.855 -0.435 0 2
0 0.855 -0.425 0 2
0 0.855 -0.415 0 2
0 0.855 -0.405 0 2
0 0.855 -0.395 0 2
0 0.855 -0.385 0 2
0 0.855 -0.375 0 2
0 0.855 -0.365 0 2
0 0.855 -0.355 0 2
0 0.855 -0.345 0 2
0 0.855 -0.335 0 2
0 0.855 -0.325 0 2
0 0.855 -0.315 0 1
0 0.855 -0.305 0 1
0 0.855 -0.295 0 1
0 0.855 -0.285 0 1
0 0.855 -0.275 0 1
0 0.855 -0.265 0 1
0 0.855 -0.255 0 1
0 0.855 -0.245 0 2
0 0.855 -0.235 0 1
0 0.855 -0.225 0 1
0 0.855 -0.215 0 1
0 0.855 -0.205 0 1
0 0.855 -0.195 0 1
0 0.855 -0.185 0 1
0 0.855 -0.175 0 1
0 0.855 -0.165 0 1
0 0.855 -0.155 0 1
0 0.855 -0.145 0 1
0 0.855 -0.135 0 1
0 0.855 -0.125 0 1
0 0.855 -0.115 0 2
0 0.855 -0.105 0 2
0 0.855 -0.095 0 2
0 0.855 -0.085 0 2
0 0.855 -0.075 0 2
0 0.855 -0.065 0 1
0 0.855 -0.055 0 1
0 0.855 -0.045 0 1
0 0.855 -0.035 0 1
0 0.855 -0.025 0 1
0 0.855 -0.015 0 1
0 0.855 -0.005 0 1
0 0.855 0.005 0 1
0 0.855 0.015 0 1
0 0.855 0.025 0 2
0 0.855 0.035 0 2
0 0.855 0.045 0 2
0 0.855 0.055 0 2
0 0.855 0.065 0 2
0 0.855 0.075 0 2
0 0.855 0.085 0 2
0 0.855 0.095 0 2
0 0.855 0.105 0 2
0 0.855 0.115 0 2
0 0.855 0.125 0 2
0 0.855 0.135 0 2
0 0.855 0.145 0 2
0 0.855 0.155 0 2
0 0.855 0.165 0 2
0 0.855 0.175 0 2
0 0.855 0.185 0 2
0 0.855 0.195 0 2
0 0.855 0.205 0 2
0 0.855 0.215 0 2
0 0.855 0.225 0 2
0 0.855 0.235 0 2
0 0.855 0.245 0 2
0 0.855 0.255 0 2
0 0.855 0.265 0 2
0 0.855 0.275 0 2
0 0.855 0.285 0 2
0 0.855 0.295 0 2
0 0.855 0.305 0 2
0 0.855 0.315 0 2
0 0.855 0.325 0 2
0 0.855 0.335 0 2
0 0.855 0.345 0 2
0 0.855 0.355 0 2
0 0.855 0.365 0 2
0 0.855 0.375 0 2
0 0.855 0.385 0 2
0 0.855 0.395 0 2
0 0.855 0.405 0 2
0 0.855 0.415 0 2
0 0.855 0.425 0 2
0 0.855 0.435 0 2
0 0.855 0.445 0 2
0 0.855 0.455 0 2
0 0.855 0.465 0 2
0 0.865 -0.455 0 2
0 0.865 -0.445 0 2
0 0.865 -0.435 0 2
0 0.865 -0.425 0 2
0 0.865 -0.415 0 2
0 0.865 -0.405 0 2
0 0.865 -0.395 0 2
0 0.865 -0.385 0 2
0 0.865 -0.375 0 2
0 0.865 -0.365 0 2
0 0.865 -0.355 0 2
0 0.865 -0.345 0 2
0 0.865 -0.335 0 2
0 0.865 -0.325 0 2
0 0.865 -0.315 0 2
0 0.865 -0.305 0 1
0 0.865 -0.295 0 1
0 0.865 -0.285 0 1
0 0.865 -0.275 0 1
0 0.865 -0.265 0 1
0 0.865 -0.255 0 1
0 0.865 -0.245 0 2
0 0.865 -0.235 0 2
0 0.865 -0.225 0 2
0 0.865 -0.215 0 2
0 0.865 -0.205 0 2
0 0.865 -0.195 0 1
0 0.865 -0.185 0 1
0 0.865 -0.175 0 1
0 0.865 -0.165 0 1
0 0.865 -0.155 0 1
0 0.865 -0.145 0 1
0 0.865 -0.135 0 1
0 0.865 -0.125 0 2
0 0.865 -0.115 0 2
0 0.865 -0.105 0 2
0 0.865 -0.095 0 2
0 0.865 -0.085 0 2
0 0.865 -0.075 0 1
0 0.865 -0.065 0 1
0 0.865 -0.055 0 1
0 0.865 -0.045 0 1
0 0.865 -0.035 0 1
0 0.865 -0.025 0 1
0 0.865 -0.015 0 1
0 0.865 -0.005 0 1
0 0.865 0.005 0 1
0 0.865 0.015 0 1
0 0.865 0.025 0 2
0 0.865 0.035 0 2
0 0.865 0.045 0 2
0 0.865 0.055 0 2
0 0.865 0.065 0 2
0 0.865 0.075 0 2
0 0.865 0.085 0 2
0 0.865 0.095 0 2
0 0.865 0.105 0 2
0 0.865 0.115 0 2
0 0.865 0.125 0 2
0 0.865 0.135 0 2
0 0.865 0.145 0 2
0 0.865 0.155 0 2
0 0.865 0.165 0 2
0 0.865 0.175 0 2
0 0.865 0.185 0 2
0 0.865 0.195 0 2
0 0.865 0.205 0 2
0 0.865 0.215 0 2
0 0.865 0.225 0 2
0 0.865 0.235 0 2
0 0.865 0.245 0 2
0 0.865 0.255 0 2
0 0.865 0.265 0 2
0 0.865 0.275 0 2
0 0.865 0.285 0 2
0 0.865 0.295 0 2
0 0.865 0.305 0 2
0 0.865 0.315 0 2
0 0.865 0.325 0 2
0 0.865 0.335 0 2
0 0.865 0.345 0 2
0 0.865 0.355 0 2
0 0.865 0.365 0 2
0 0.865 0.375 0 2
0 0.865 0.385 0 2
0 0.865 0.395 0 2
0 0.865 0.405 0 2
0 0.865 0.415 0 2
0 0.865 0.425 0 2
0 0.865 0.435 0 2
0 0.865 0.445 0 2
0 0.865 0.455 0 2
0 0.865 0.465 0 2
