t x y content type
0 -0.055 -0.455 0 2
0 -0.055 -0.445 0 2
0 -0.055 -0.435 0 2
0 -0.055 -0.425 0 2
0 -0.055 -0.415 0 2
0 -0.055 -0.405 0 2
0 -0.055 -0.395 0 2
0 -0.055 -0.385 0 2
0 -0.055 -0.375 0 2
0 -0.055 -0.365 0 2
0 -0.055 -0.355 0 2
0 -0.055 -0.345 0 2
0 -0.055 -0.335 0 1
0 -0.055 -0.325 0 1
0 -0.055 -0.315 0 1
0 -0.055 -0.305 0 1
0 -0.055 -0.295 0 1
0 -0.055 -0.285 0 1
0 -0.055 -0.275 0 1
0 -0.055 -0.265 0 2
0 -0.055 -0.255 0 2
0 -0.055 -0.245 0 2
0 -0.055 -0.235 0 2
0 -0.055 -0.225 0 2
0 -0.055 -0.215 0 2
0 -0.055 -0.205 0 2
0 -0.055 -0.195 0 2
0 -0.055 -0.185 0 2
0 -0.055 -0.175 0 2
0 -0.055 -0.165 0 2
0 -0.055 -0.155 0 2
0 -0.055 -0.145 0 2
0 -0.055 -0.135 0 2
0 -0.055 -0.125 0 2
0 -0.055 -0.115 0 2
0 -0.055 -0.105 0 2
0 -0.055 -0.095 0 2
0 -0.055 -0.085 0 2
0 -0.055 -0.075 0 2
0 -0.055 -0.065 0 2
0 -0.055 -0.055 0 1
0 -0.055 -0.045 0 1
0 -0.055 -0.035 0 1
0 -0.055 -0.025 0 1
0 -0.055 -0.015 0 1
0 -0.055 -0.005 0 1
0 -0.055 0.005 0 1
0 -0.055 0.015 0 1
0 -0.055 0.025 0 1
0 -0.055 0.035 0 1
0 -0.055 0.045 0 1
0 -0.055 0.055 0 1
0 -0.055 0.065 0 1
0 -0.055 0.075 0 2
0 -0.055 0.085 0 2
0 -0.055 0.095 0 2
0 -0.055 0.105 0 2
0 -0.055 0.115 0 2
0 -0.055 0.125 0 2
0 -0.055 0.135 0 2
0 -0.055 0.145 0 1
0 -0.055 0.155 0 1
0 -0.055 0.165 0 1
0 -0.055 0.175 0 1
0 -0.055 0.185 0 1
0 -0.055 0.195 0 1
0 -0.055 0.205 0 1
0 -0.055 0.215 0 1
0 -0.055 0.225 0 1
0 -0.055 0.235 0 1
0 -0.055 0.245 0 2
0 -0.055 0.255 0 2
0 -0.055 0.265 0 2
0 -0.055 0.275 0 2
0 -0.055 0.285 0 1
0 -0.055 0.295 0 1
0 -0.055 0.305 0 1
0 -0.055 0.315 0 1
0 -0.055 0.325 0 1
0 -0.055 0.335 0 1
0 -0.055 0.345 0 1
0 -0.055 0.355 0 1
0 -0.055 0.365 0 1
0 -0.055 0.375 0 2
0 -0.055 0.385 0 2
0 -0.055 0.395 0 2
0 -0.055 0.405 0 2
0 -0.055 0.415 0 2
0 -0.055 0.425 0 2
0 -0.055 0.435 0 2
0 -0.055 0.445 0 2
0 -0.055 0.455 0 2
0 -0.055 0.465 0 1
0 -0.045 -0.455 0 2
0 -0.045 -0.445 0 2
0 -0.045 -0.435 0 2
0 -0.045 -0.425 0 2
0 -0.045 -0.415 0 2
0 -0.045 -0.405 0 2
0 -0.045 -0.395 0 2
0 -0.045 -0.385 0 2
0 -0.045 -0.375 0 2
0 -0.045 -0.365 0 2
0 -0.045 -0.355 0 2
0 -0.045 -0.345 0 2
0 -0.045 -0.335 0 2
0 -0.045 -0.325 0 2
0 -0.045 -0.315 0 2
0 -0.045 -0.305 0 1
0 -0.045 -0.295 0 1
0 -0.045 -0.285 0 2
0 -0.045 -0.275 0 2
0 -0.045 -0.265 0 2
0 -0.045 -0.255 0 2
0 -0.045 -0.245 0 2
0 -0.045 -0.235 0 2
0 -0.045 -0.225 0 2
0 -0.045 -0.215 0 2
0 -0.045 -0.205 0 2
0 -0.045 -0.195 0 2
0 -0.045 -0.185 0 2
0 -0.045 -0.175 0 2
0 -0.045 -0.165 0 2
0 -0.045 -0.155 0 2
0 -0.045 -0.145 0 2
0 -0.045 -0.135 0 2
0 -0.045 -0.125 0 2
0 -0.045 -0.115 0 2
0 -0.045 -0.105 0 2
0 -0.045 -0.095 0 2
0 -0.045 -0.085 0 2
0 -0.045 -0.075 0 2
0 -0.045 -0.065 0 2
0 -0.045 -0.055 0 1
0 -0.045 -0.045 0 1
0 -0.045 -0.035 0 1
0 -0.045 -0.025 0 1
0 -0.045 -0.015 0 1
0 -0.045 -0.005 0 1
0 -0.045 0.005 0 1
0 -0.045 0.015 0 1
0 -0.045 0.025 0 1
0 -0.045 0.035 0 1
0 -0.045 0.045 0 1
0 -0.045 0.055 0 1
0 -0.045 0.065 0 1
0 -0.045 0.075 0 2
0 -0.045 0.085 0 2
0 -0.045 0.095 0 2
0 -0.045 0.105 0 2
0 -0.045 0.115 0 2
0 -0.045 0.125 0 2
0 -0.045 0.135 0 2
0 -0.045 0.145 0 2
0 -0.045 0.155 0 1
0 -0.045 0.165 0 1
0 -0.045 0.175 0 1
0 -0.045 0.185 0 1
0 -0.045 0.195 0 1
0 -0.045 0.205 0 1
0 -0.045 0.215 0 1
0 -0.045 0.225 0 1
0 -0.045 0.235 0 1
0 -0.045 0.245 0 2
0 -0.045 0.255 0 2
0 -0.045 0.265 0 2
0 -0.045 0.275 0 2
0 -0.045 0.285 0 2
0 -0.045 0.295 0 1
0 -0.045 0.305 0 1
0 -0.045 0.315 0 1
0 -0.045 0.325 0 1
0 -0.045 0.335 0 1
0 -0.045 0.345 0 1
0 -0.045 0.355 0 1
0 -0.045 0.365 0 1
0 -0.045 0.375 0 2
0 -0.045 0.385 0 2
0 -0.045 0.395 0 2
0 -0.045 0.405 0 2
0 -0.045 0.415 0 2
0 -0.045 0.425 0 2
0 -0.045 0.435 0 2
0 -0.045 0.445 0 2
0 -0.045 0.455 0 2
0 -0.045 0.465 0 2
0 -0.035 -0.455 0 2
0 -0.035 -0.445 0 2
0 -0.035 -0.435 0 2
0 -0.035 -0.425 0 2
0 -0.035 -0.415 0 2
0 -0.035 -0.405 0 2
0 -0.035 -0.395 0 2
0 -0.035 -0.385 0 2
0 -0.035 -0.375 0 2
0 -0.035 -0.365 0 2
0 -0.035 -0.355 0 2
0 -0.035 -0.345 0 2
0 -0.035 -0.335 0 2
0 -0.035 -0.325 0 2
0 -0.035 -0.315 0 2
0 -0.035 -0.305 0 2
0 -0.035 -0.295 0 2
0 -0.035 -0.285 0 2
0 -0.035 -0.275 0 2
0 -0.035 -0.265 0 2
0 -0.035 -0.255 0 2
0 -0.035 -0.245 0 2
0 -0.035 -0.235 0 2
0 -0.035 -0.225 0 2
0 -0.035 -0.215 0 2
0 -0.035 -0.205 0 2
0 -0.035 -0.195 0 2
0 -0.035 -0.185 0 2
0 -0.035 -0.175 0 2
0 -0.035 -0.165 0 2
0 -0.035 -0.155 0 2
0 -0.035 -0.145 0 2
0 -0.035 -0.135 0 2
0 -0.035 -0.125 0 2
0 -0.035 -0.115 0 2
0 -0.035 -0.105 0 2
0 -0.035 -0.095 0 2
0 -0.035 -0.085 0 2
0 -0.035 -0.075 0 2
0 -0.035 -0.065 0 2
0 -0.035 -0.055 0 1
0 -0.035 -0.045 0 1
0 -0.035 -0.035 0 1
0 -0.035 -0.025 0 1
0 -0.035 -0.015 0 1
0 -0.035 -0.005 0 1
0 -0.035 0.005 0 1
0 -0.035 0.015 0 1
0 -0.035 0.025 0 1
0 -0.035 0.035 0 1
0 -0.035 0.045 0 1
0 -0.035 0.055 0 1
0 -0.035 0.065 0 1
0 -0.035 0.075 0 2
0 -0.035 0.085 0 2
0 -0.035 0.095 0 2
0 -0.035 0.105 0 2
0 -0.035 0.115 0 2
0 -0.035 0.125 0 2
0 -0.035 0.135 0 2
0 -0.035 0.145 0 2
0 -0.035 0.155 0 2
0 -0.035 0.165 0 1
0 -0.035 0.175 0 1
0 -0.035 0.185 0 1
0 -0.035 0.195 0 1
0 -0.035 0.205 0 1
0 -0.035 0.215 0 1
0 -0.035 0.225 0 1
0 -0.035 0.235 0 1
0 -0.035 0.245 0 2
0 -0.035 0.255 0 2
0 -0.035 0.265 0 2
0 -0.035 0.275 0 2
0 -0.035 0.285 0 2
0 -0.035 0.295 0 2
0 -0.035 0.305 0 2
0 -0.035 0.315 0 1
0 -0.035 0.325 0 1
0 -0.035 0.335 0 1
0 -0.035 0.345 0 1
0 -0.035 0.355 0 1
0 -0.035 0.365 0 2
0 -0.035 0.375 0 2
0 -0.035 0.385 0 2
0 -0.035 0.395 0 2
0 -0.035 0.405 0 2
0 -0.035 0.415 0 2
0 -0.035 0.425 0 2
0 -0.035 0.435 0 2
0 -0.035 0.445 0 2
0 -0.035 0.455 0 2
0 -0.035 0.465 0 2
0 -0.025 -0.455 0 2
0 -0.025 -0.445 0 2
0 -0.025 -0.435 0 2
0 -0.025 -0.425 0 2
0 -0.025 -0.415 0 2
0 -0.025 -0.405 0 2
0 -0.025 -0.395 0 2
0 -0.025 -0.385 0 2
0 -0.025 -0.375 0 2
0 -0.025 -0.365 0 2
0 -0.025 -0.355 0 2
0 -0.025 -0.345 0 2
0 -0.025 -0.335 0 2
0 -0.025 -0.325 0 2
0 -0.025 -0.315 0 2
0 -0.025 -0.305 0 2
0 -0.025 -0.295 0 2
0 -0.025 -0.285 0 2
0 -0.025 -0.275 0 2
0 -0.025 -0.265 0 2
0 -0.025 -0.255 0 2
0 -0.025 -0.245 0 2
0 -0.025 -0.235 0 2
0 -0.025 -0.225 0 2
0 -0.025 -0.215 0 2
0 -0.025 -0.205 0 2
0 -0.025 -0.195 0 2
0 -0.025 -0.185 0 2
0 -0.025 -0.175 0 2
0 -0.025 -0.165 0 2
0 -0.025 -0.155 0 2
0 -0.025 -0.145 0 2
0 -0.025 -0.135 0 2
0 -0.025 -0.125 0 2
0 -0.025 -0.115 0 2
0 -0.025 -0.105 0 2
0 -0.025 -0.095 0 2
0 -0.025 -0.085 0 2
0 -0.025 -0.075 0 2
0 -0.025 -0.065 0 2
0 -0.025 -0.055 0 1
0 -0.025 -0.045 0 1
0 -0.025 -0.035 0 1
0 -0.025 -0.025 0 1
0 -0.025 -0.015 0 1
0 -0.025 -0.005 0 1
0 -0.025 0.005 0 1
0 -0.025 0.015 0 1
0 -0.025 0.025 0 1
0 -0.025 0.035 0 1
0 -0.025 0.045 0 1
0 -0.025 0.055 0 1
0 -0.025 0.065 0 2
0 -0.025 0.075 0 2
0 -0.025 0.085 0 2
0 -0.025 0.095 0 2
0 -0.025 0.105 0 2
0 -0.025 0.115 0 2
0 -0.025 0.125 0 2
0 -0.025 0.135 0 2
0 -0.025 0.145 0 2
0 -0.025 0.155 0 2
0 -0.025 0.165 0 2
0 -0.025 0.175 0 2
0 -0.025 0.185 0 2
0 -0.025 0.195 0 1
0 -0.025 0.205 0 1
0 -0.025 0.215 0 1
0 -0.025 0.225 0 2
0 -0.025 0.235 0 2
0 -0.025 0.245 0 2
0 -0.025 0.255 0 2
0 -0.025 0.265 0 2
0 -0.025 0.275 0 2
0 -0.025 0.285 0 2
0 -0.025 0.295 0 2
0 -0.025 0.305 0 2
0 -0.025 0.315 0 2
0 -0.025 0.325 0 2
0 -0.025 0.335 0 2
0 -0.025 0.345 0 2
0 -0.025 0.355 0 2
0 -0.025 0.365 0 2
0 -0.025 0.375 0 1
0 -0.025 0.385 0 1
0 -0.025 0.395 0 1
0 -0.025 0.405 0 2
0 -0.025 0.415 0 2
0 -0.025 0.425 0 2
0 -0.025 0.435 0 2
0 -0.025 0.445 0 2
0 -0.025 0.455 0 2
0 -0.025 0.465 0 2
0 -0.015 -0.455 0 2
0 -0.015 -0.445 0 2
0 -0.015 -0.435 0 2
0 -0.015 -0.425 0 2
0 -0.015 -0.415 0 2
0 -0.015 -0.405 0 2
0 -0.015 -0.395 0 2
0 -0.015 -0.385 0 2
0 -0.015 -0.375 0 2
0 -0.015 -0.365 0 2
0 -0.015 -0.355 0 2
0 -0.015 -0.345 0 2
0 -0.015 -0.335 0 2
0 -0.015 -0.325 0 2
0 -0.015 -0.315 0 2
0 -0.015 -0.305 0 2
0 -0.015 -0.295 0 2
0 -0.015 -0.285 0 2
0 -0.015 -0.275 0 2
0 -0.015 -0.265 0 2
0 -0.015 -0.255 0 2
0 -0.015 -0.245 0 2
0 -0.015 -0.235 0 2
0 -0.015 -0.225 0 2
0 -0.015 -0.215 0 2
0 -0.015 -0.205 0 2
0 -0.015 -0.195 0 2
0 -0.015 -0.185 0 2
0 -0.015 -0.175 0 2
0 -0.015 -0.165 0 2
0 -0.015 -0.155 0 2
0 -0.015 -0.145 0 2
0 -0.015 -0.135 0 2
0 -0.015 -0.125 0 2
0 -0.015 -0.115 0 2
0 -0.015 -0.105 0 2
0 -0.015 -0.095 0 2
0 -0.015 -0.085 0 2
0 -0.015 -0.075 0 2
0 -0.015 -0.065 0 2
0 -0.015 -0.055 0 2
0 -0.015 -0.045 0 1
0 -0.015 -0.035 0 1
0 -0.015 -0.025 0 1
0 -0.015 -0.015 0 2
0 -0.015 -0.005 0 2
0 -0.015 0.005 0 1
0 -0.015 0.015 0 1
0 -0.015 0.025 0 1
0 -0.015 0.035 0 1
0 -0.015 0.045 0 1
0 -0.015 0.055 0 1
0 -0.015 0.065 0 2
0 -0.015 0.075 0 2
0 -0.015 0.085 0 2
0 -0.015 0.095 0 2
0 -0.015 0.105 0 2
0 -0.015 0.115 0 2
0 -0.015 0.125 0 2
0 -0.015 0.135 0 2
0 -0.015 0.145 0 2
0 -0.015 0.155 0 2
0 -0.015 0.165 0 2
0 -0.015 0.175 0 2
0 -0.015 0.185 0 2
0 -0.015 0.195 0 2
0 -0.015 0.205 0 2
0 -0.015 0.215 0 2
0 -0.015 0.225 0 2
0 -0.015 0.235 0 2
0 -0.015 0.245 0 2
0 -0.015 0.255 0 2
0 -0.015 0.265 0 2
0 -0.015 0.275 0 2
0 -0.015 0.285 0 2
0 -0.015 0.295 0 2
0 -0.015 0.305 0 2
0 -0.015 0.315 0 2
0 -0.015 0.325 0 2
0 -0.015 0.335 0 2
0 -0.015 0.345 0 2
0 -0.015 0.355 0 2
0 -0.015 0.365 0 1
0 -0.015 0.375 0 1
0 -0.015 0.385 0 1
0 -0.015 0.395 0 1
0 -0.015 0.405 0 1
0 -0.015 0.415 0 2
0 -0.015 0.425 0 2
0 -0.015 0.435 0 2
0 -0.015 0.445 0 2
0 -0.015 0.455 0 2
0 -0.015 0.465 0 2
0 -0.005 -0.455 0 2
0 -0.005 -0.445 0 2
0 -0.005 -0.435 0 2
0 -0.005 -0.425 0 2
0 -0.005 -0.415 0 2
0 -0.005 -0.405 0 2
0 -0.005 -0.395 0 2
0 -0.005 -0.385 0 2
0 -0.005 -0.375 0 2
0 -0.005 -0.365 0 2
0 -0.005 -0.355 0 2
0 -0.005 -0.345 0 2
0 -0.005 -0.335 0 2
0 -0.005 -0.325 0 2
0 -0.005 -0.315 0 2
0 -0.005 -0.305 0 2
0 -0.005 -0.295 0 2
0 -0.005 -0.285 0 2
0 -0.005 -0.275 0 2
0 -0.005 -0.265 0 2
0 -0.005 -0.255 0 2
0 -0.005 -0.245 0 2
0 -0.005 -0.235 0 2
0 -0.005 -0.225 0 2
0 -0.005 -0.215 0 2
0 -0.005 -0.205 0 2
0 -0.005 -0.195 0 2
0 -0.005 -0.185 0 2
0 -0.005 -0.175 0 2
0 -0.005 -0.165 0 2
0 -0.005 -0.155 0 2
0 -0.005 -0.145 0 2
0 -0.005 -0.135 0 2
0 -0.005 -0.125 0 2
0 -0.005 -0.115 0 2
0 -0.005 -0.105 0 2
0 -0.005 -0.095 0 2
0 -0.005 -0.085 0 2
0 -0.005 -0.075 0 2
0 -0.005 -0.065 0 2
0 -0.005 -0.055 0 2
0 -0.005 -0.045 0 2
0 -0.005 -0.035 0 2
0 -0.005 -0.025 0 2
0 -0.005 -0.015 0 2
0 -0.005 -0.005 0 2
0 -0.005 0.005 0 2
0 -0.005 0.015 0 1
0 -0.005 0.025 0 1
0 -0.005 0.035 0 1
0 -0.005 0.045 0 1
0 -0.005 0.055 0 2
0 -0.005 0.065 0 2
0 -0.005 0.075 0 2
0 -0.005 0.085 0 2
0 -0.005 0.095 0 2
0 -0.005 0.105 0 2
0 -0.005 0.115 0 2
0 -0.005 0.125 0 2
0 -0.005 0.135 0 2
0 -0.005 0.145 0 2
0 -0.005 0.155 0 2
0 -0.005 0.165 0 2
0 -0.005 0.175 0 2
0 -0.005 0.185 0 2
0 -0.005 0.195 0 2
0 -0.005 0.205 0 2
0 -0.005 0.215 0 2
0 -0.005 0.225 0 2
0 -0.005 0.235 0 2
0 -0.005 0.245 0 2
0 -0.005 0.255 0 2
0 -0.005 0.265 0 2
0 -0.005 0.275 0 2
0 -0.005 0.285 0 2
0 -0.005 0.295 0 2
0 -0.005 0.305 0 2
0 -0.005 0.315 0 2
0 -0.005 0.325 0 2
0 -0.005 0.335 0 2
0 -0.005 0.345 0 2
0 -0.005 0.355 0 2
0 -0.005 0.365 0 1
0 -0.005 0.375 0 1
0 -0.005 0.385 0 1
0 -0.005 0.395 0 1
0 -0.005 0.405 0 1
0 -0.005 0.415 0 1
0 -0.005 0.425 0 2
0 -0.005 0.435 0 2
0 -0.005 0.445 0 2
0 -0.005 0.455 0 2
0 -0.005 0.465 0 2
0 0.005 -0.455 0 1
0 0.005 -0.445 0 2
0 0.005 -0.435 0 2
0 0.005 -0.425 0 2
0 0.005 -0.415 0 2
0 0.005 -0.405 0 2
0 0.005 -0.395 0.0001630042575 2
0 0.005 -0.385 0.0002078896323 2
0 0.005 -0.375 0.0002383719577 2
0 0.005 -0.365 0.0002533790405 2
0 0.005 -0.355 0.0002636023408 2
0 0.005 -0.345 0.0002711769925 2
0 0.005 -0.335 0.0002782268319 2
0 0.005 -0.325 0.0002854949258 2
0 0.005 -0.315 0.0002933554232 2
0 0.005 -0.305 0.0003019012827 2
0 0.005 -0.295 0.0003105148275 2
0 0.005 -0.285 0.0003172522029 2
0 0.005 -0.275 0.0003224842752 2
0 0.005 -0.265 0.0003209443211 2
0 0.005 -0.255 0.0003121088843 2
0 0.005 -0.245 0.0003003116813 2
0 0.005 -0.235 0.0002927542761 2
0 0.005 -0.225 0.0002888897556 2
0 0.005 -0.215 0.0002859912535 2
0 0.005 -0.205 0.0002826881442 2
0 0.005 -0.195 0.0002807866464 2
0 0.005 -0.185 0.0002777510089 2
0 0.005 -0.175 0.0002726422859 2
0 0.005 -0.165 0.0002651650665 2
0 0.005 -0.155 0.0002554065379 2
0 0.005 -0.145 0.0002433650877 2
0 0.005 -0.135 0.0002292052343 2
0 0.005 -0.125 0.00021317509 2
0 0.005 -0.115 0.0001955541419 2
0 0.005 -0.105 0.0001766349041 2
0 0.005 -0.095 0.0001567095062 2
0 0.005 -0.085 0.0001359207464 2
0 0.005 -0.075 0.0001144163484 2
0 0.005 -0.065 9.028962253e-05 2
0 0.005 -0.055 6.681802143e-05 2
0 0.005 -0.045 4.838387744e-05 2
0 0.005 -0.035 3.682834332e-05 2
0 0.005 -0.025 2.552967658e-05 2
0 0.005 -0.015 5.849959132e-06 2
0 0.005 -0.005 -1.995250642e-05 2
0 0.005 0.005 -4.142382217e-05 2
0 0.005 0.015 -5.078254722e-05 2
0 0.005 0.025 -5.547443285e-05 2
0 0.005 0.035 -6.124892473e-05 2
0 0.005 0.045 -6.701518805e-05 2
0 0.005 0.055 -7.58720155e-05 2
0 0.005 0.065 -9.33346452e-05 2
0 0.005 0.075 -0.0001142239811 2
0 0.005 0.085 -0.0001316521553 2
0 0.005 0.095 -0.0001454464768 2
0 0.005 0.105 -0.000158106836 2
0 0.005 0.115 -0.0001702506163 2
0 0.005 0.125 -0.0001824010498 2
0 0.005 0.135 -0.0001951337048 2
0 0.005 0.145 -0.0002087345484 2
0 0.005 0.155 -0.0002246931066 2
0 0.005 0.165 -0.0002393239891 2
0 0.005 0.175 -0.0002458339579 2
0 0.005 0.185 -0.0002484504167 1
0 0.005 0.195 -0.0002508263669 1
0 0.005 0.205 -0.0002550010557 1
0 0.005 0.215 -0.0002581646592 1
0 0.005 0.225 -0.0002607212978 1
0 0.005 0.235 -0.0002602372324 2
0 0.005 0.245 -0.0002637456315 2
0 0.005 0.255 -0.0002713543602 2
0 0.005 0.265 -0.0002765791887 2
0 0.005 0.275 -0.0002757784721 2
0 0.005 0.285 -0.0002721144014 2
0 0.005 0.295 -0.0002677655037 2
0 0.005 0.305 -0.0002618902128 2
0 0.005 0.315 -0.0002555853947 2
0 0.005 0.325 -0.00024861832 2
0 0.005 0.335 -0.0002392854506 2
0 0.005 0.345 -0.0002199938959 2
0 0.005 0.355 -0.0001944115589 1
0 0.005 0.365 -0.0001809610533 1
0 0.005 0.375 -0.0001711698968 1
0 0.005 0.385 -0.0001491266078 1
0 0.005 0.395 -0.0001168937845 1
0 0.005 0.405 0 1
0 0.005 0.415 0 1
0 0.005 0.425 0 1
0 0.005 0.435 0 2
0 0.005 0.445 0 2
0 0.005 0.455 0 2
0 0.005 0.465 0 2
0 0.015 -0.455 0 1
0 0.015 -0.445 0 2
0 0.015 -0.435 0 2
0 0.015 -0.425 0 2
0 0.015 -0.415 0 2
0 0.015 -0.405 0 2
0 0.015 -0.395 0.0002253126868 2
0 0.015 -0.385 0.0003128416696 2
0 0.015 -0.375 0.0003860631643 2
0 0.015 -0.365 0.0004306732789 2
0 0.015 -0.355 0.0004645841111 2
0 0.015 -0.345 0.0004909506769 2
0 0.015 -0.335 0.0005137729975 2
0 0.015 -0.325 0.0005346795573 2
0 0.015 -0.315 0.0005546845141 2
0 0.015 -0.305 0.0005745280748 2
0 0.015 -0.295 0.0005936827976 2
0 0.015 -0.285 0.0006129120576 2
0 0.015 -0.275 0.0006280453435 2
0 0.015 -0.265 0.0006321057185 2
0 0.015 -0.255 0.0006275789964 2
0 0.015 -0.245 0.0006207492517 2
0 0.015 -0.235 0.0006140617344 2
0 0.015 -0.225 0.0006053848413 2
0 0.015 -0.215 0.0005957152649 2
0 0.015 -0.205 0.0005864466227 2
0 0.015 -0.195 0.0005776937187 2
0 0.015 -0.185 0.0005663142819 2
0 0.015 -0.175 0.000553952016 2
0 0.015 -0.165 0.0005377441231 2
0 0.015 -0.155 0.0005176831348 2
0 0.015 -0.145 0.0004937943601 2
0 0.015 -0.135 0.0004662383366 2
0 0.015 -0.125 0.0004353235409 2
0 0.015 -0.115 0.0004014737599 2
0 0.015 -0.105 0.0003651546474 2
0 0.015 -0.095 0.0003268755172 2
0 0.015 -0.085 0.0002870704918 2
0 0.015 -0.075 0.0002463157152 2
0 0.015 -0.065 0.0002054204489 2
0 0.015 -0.055 0.0001653574237 2
0 0.015 -0.045 0.0001267394333 2
0 0.015 -0.035 8.930816012e-05 2
0 0.015 -0.025 5.189878319e-05 2
0 0.015 -0.015 1.368423137e-05 2
0 0.015 -0.005 -2.830294645e-05 2
0 0.015 0.005 -6.804474459e-05 2
0 0.015 0.015 -9.694344179e-05 2
0 0.015 0.025 -0.0001151929894 2
0 0.015 0.035 -0.0001282390132 2
0 0.015 0.045 -0.0001457836204 2
0 0.015 0.055 -0.0001718430491 2
0 0.015 0.065 -0.0002072708306 2
0 0.015 0.075 -0.0002438025872 2
0 0.015 0.085 -0.000274899264 2
0 0.015 0.095 -0.0003037459162 2
0 0.015 0.105 -0.0003304444971 2
0 0.015 0.115 -0.0003556660083 2
0 0.015 0.125 -0.0003799084591 2
0 0.015 0.135 -0.0004036278604 2
0 0.015 0.145 -0.0004270811805 2
0 0.015 0.155 -0.0004517672803 2
0 0.015 0.165 -0.0004736903518 2
0 0.015 0.175 -0.000486781567 2
0 0.015 0.185 -0.0004956925682 1
0 0.015 0.195 -0.0005001191116 1
0 0.015 0.205 -0.0005048665139 1
0 0.015 0.215 -0.0005126715987 1
0 0.015 0.225 -0.0005202947647 1
0 0.015 0.235 -0.0005259546389 1
0 0.015 0.245 -0.000530775223 1
0 0.015 0.255 -0.0005365304666 2
0 0.015 0.265 -0.0005441492825 2
0 0.015 0.275 -0.000544769769 2
0 0.015 0.285 -0.0005347660684 2
0 0.015 0.295 -0.0005197875423 2
0 0.015 0.305 -0.0005031507222 2
0 0.015 0.315 -0.0004831684427 2
0 0.015 0.325 -0.0004593307414 2
0 0.015 0.335 -0.0004262755858 2
0 0.015 0.345 -0.0003853985485 2
0 0.015 0.355 -0.0003408806853 1
0 0.015 0.365 -0.0003053752928 1
0 0.015 0.375 -0.0002731750521 1
0 0.015 0.385 -0.0002235847349 1
0 0.015 0.395 -0.0001599699889 1
0 0.015 0.405 0 1
0 0.015 0.415 0 1
0 0.015 0.425 0 1
0 0.015 0.435 0 2
0 0.015 0.445 0 2
0 0.015 0.455 0 2
0 0.015 0.465 0 2
0 0.025 -0.455 0 1
0 0.025 -0.445 0 1
0 0.025 -0.435 0 2
0 0.025 -0.425 0 2
0 0.025 -0.415 0 2
0 0.025 -0.405 0 2
0 0.025 -0.395 0.0002740325019 2
0 0.025 -0.385 0.000402853795 2
0 0.025 -0.375 0.0005229760865 2
0 0.025 -0.365 0.0006052637934 2
0 0.025 -0.355 0.0006715302537 2
0 0.025 -0.345 0.0007247187636 2
0 0.025 -0.335 0.0007703083756 2
0 0.025 -0.325 0.0008106830577 2
0 0.025 -0.315 0.0008474912098 2
0 0.025 -0.305 0.0008821031194 2
0 0.025 -0.295 0.0009141055973 2
0 0.025 -0.285 0.0009473500946 2
0 0.025 -0.275 0.0009712384877 2
0 0.025 -0.265 0.0009815552485 2
0 0.025 -0.255 0.0009891718174 1
0 0.025 -0.245 0.0009941466259 1
0 0.025 -0.235 0.0009935455139 1
0 0.025 -0.225 0.0009835526172 2
0 0.025 -0.215 0.0009697570726 2
0 0.025 -0.205 0.0009564340274 2
0 0.025 -0.195 0.0009415218764 2
0 0.025 -0.185 0.000921495456 2
0 0.025 -0.175 0.0008984368872 2
0 0.025 -0.165 0.0008719538588 2
0 0.025 -0.155 0.0008396755339 2
0 0.025 -0.145 0.0008018417832 2
0 0.025 -0.135 0.0007586689984 2
0 0.025 -0.125 0.0007104364002 2
0 0.025 -0.115 0.0006577103537 2
0 0.025 -0.105 0.000601119544 2
0 0.025 -0.095 0.0005413738338 2
0 0.025 -0.085 0.0004791771536 2
0 0.025 -0.075 0.0004153426961 2
0 0.025 -0.065 0.0003508041688 2
0 0.025 -0.055 0.0002867118781 2
0 0.025 -0.045 0.0002238701127 2
0 0.025 -0.035 0.0001622507593 2
0 0.025 -0.025 0.0001008267222 2
0 0.025 -0.015 3.901584155e-05 2
0 0.025 -0.005 -2.218687285e-05 2
0 0.025 0.005 -7.985499763e-05 2
0 0.025 0.015 -0.0001312343053 2
0 0.025 0.025 -0.0001765365624 2
0 0.025 0.035 -0.0002184681942 2
0 0.025 0.045 -0.0002609710468 2
0 0.025 0.055 -0.0003068099864 2
0 0.025 0.065 -0.0003563253072 2
0 0.025 0.075 -0.0004072549125 2
0 0.025 0.085 -0.0004569775835 2
0 0.025 0.095 -0.0005040809643 2
0 0.025 0.105 -0.0005481629366 2
0 0.025 0.115 -0.0005895178843 2
0 0.025 0.125 -0.0006283803065 2
0 0.025 0.135 -0.0006648863848 2
0 0.025 0.145 -0.0006992399073 2
0 0.025 0.155 -0.0007314447365 2
0 0.025 0.165 -0.000762692246 2
0 0.025 0.175 -0.0007874270418 1
0 0.025 0.185 -0.0007996463415 1
0 0.025 0.195 -0.000805237447 1
0 0.025 0.205 -0.0008112957945 1
0 0.025 0.215 -0.0008209182322 1
0 0.025 0.225 -0.0008307219889 1
0 0.025 0.235 -0.0008406238774 1
0 0.025 0.245 -0.0008488397746 1
0 0.025 0.255 -0.0008525644212 1
0 0.025 0.265 -0.0008558762292 2
0 0.025 0.275 -0.0008561905987 2
0 0.025 0.285 -0.0008405779494 2
0 0.025 0.295 -0.0008129013307 2
0 0.025 0.305 -0.0007819993713 2
0 0.025 0.315 -0.0007431972662 2
0 0.025 0.325 -0.0006961255766 2
0 0.025 0.335 -0.0006343333291 2
0 0.025 0.345 -0.0005666754873 2
0 0.025 0.355 -0.0005029015788 2
0 0.025 0.365 -0.0004336762206 1
0 0.025 0.375 -0.0003715644082 1
0 0.025 0.385 -0.0002884344076 1
0 0.025 0.395 -0.0001945564906 1
0 0.025 0.405 0 1
0 0.025 0.415 0 1
0 0.025 0.425 0 1
0 0.025 0.435 0 2
0 0.025 0.445 0 2
0 0.025 0.455 0 2
0 0.025 0.465 0 2
0 0.035 -0.455 0 1
0 0.035 -0.445 0 1
0 0.035 -0.435 0 2
0 0.035 -0.425 0 2
0 0.035 -0.415 0 2
0 0.035 -0.405 0 2
0 0.035 -0.395 0.0003214631271 2
0 0.035 -0.385 0.0004866234104 2
0 0.035 -0.375 0.0006489441945 2
0 0.035 -0.365 0.0007692459639 2
0 0.035 -0.355 0.0008700433775 2
0 0.035 -0.345 0.0009531283924 2
0 0.035 -0.335 0.001024797591 2
0 0.035 -0.325 0.001087857301 2
0 0.035 -0.315 0.001144380109 2
0 0.035 -0.305 0.00119599362 2
0 0.035 -0.295 0.001242274715 2
0 0.035 -0.285 0.001288051138 2
0 0.035 -0.275 0.0013206608 2
0 0.035 -0.265 0.001340290589 1
0 0.035 -0.255 0.001354327478 1
0 0.035 -0.245 0.001365259212 1
0 0.035 -0.235 0.001369808601 1
0 0.035 -0.225 0.001369838959 1
0 0.035 -0.215 0.001363919917 1
0 0.035 -0.205 0.001350863184 2
0 0.035 -0.195 0.00133376963 2
0 0.035 -0.185 0.001310639033 2
0 0.035 -0.175 0.001278955985 2
0 0.035 -0.165 0.001240546536 2
0 0.035 -0.155 0.001195930838 2
0 0.035 -0.145 0.001143581686 2
0 0.035 -0.135 0.001084025424 2
0 0.035 -0.125 0.001017569094 2
0 0.035 -0.115 0.0009448967977 2
0 0.035 -0.105 0.0008668120584 2
0 0.035 -0.095 0.0007842342143 2
0 0.035 -0.085 0.0006981837125 2
0 0.035 -0.075 0.0006097499236 2
0 0.035 -0.065 0.0005200149219 2
0 0.035 -0.055 0.0004299661223 2
0 0.035 -0.045 0.0003402908985 2
0 0.035 -0.035 0.0002512792585 2
0 0.035 -0.025 0.0001628449526 2
0 0.035 -0.015 7.516963438e-05 2
0 0.035 -0.005 -1.083840427e-05 2
0 0.035 0.005 -9.333492552e-05 2
0 0.035 0.015 -0.0001707031447 2
0 0.035 0.025 -0.0002430507554 2
0 0.035 0.035 -0.0003121939471 2
0 0.035 0.045 -0.0003808686698 2
0 0.035 0.055 -0.0004509877385 2
0 0.035 0.065 -0.0005227878968 2
0 0.035 0.075 -0.0005947461223 2
0 0.035 0.085 -0.0006649127812 2
0 0.035 0.095 -0.0007319895599 2
0 0.035 0.105 -0.000795285088 2
0 0.035 0.115 -0.0008545593938 2
0 0.035 0.125 -0.000909648996 2
0 0.035 0.135 -0.0009603804758 2
0 0.035 0.145 -0.001006901917 2
0 0.035 0.155 -0.001048237518 2
0 0.035 0.165 -0.001089513973 2
0 0.035 0.175 -0.001121806632 2
0 0.035 0.185 -0.00113923194 1
0 0.035 0.195 -0.001149395046 1
0 0.035 0.205 -0.001159883811 1
0 0.035 0.215 -0.001169262508 1
0 0.035 0.225 -0.001178345596 1
0 0.035 0.235 -0.001187790287 1
0 0.035 0.245 -0.001196038754 1
0 0.035 0.255 -0.001197554549 1
0 0.035 0.265 -0.001194564503 1
0 0.035 0.275 -0.001186999185 2
0 0.035 0.285 -0.001164068772 2
0 0.035 0.295 -0.001124258192 2
0 0.035 0.305 -0.001077474859 2
0 0.035 0.315 -0.001018173164 2
0 0.035 0.325 -0.000946299269 2
0 0.035 0.335 -0.0008594788038 2
0 0.035 0.345 -0.0007577632578 2
0 0.035 0.355 -0.0006572049896 2
0 0.035 0.365 -0.0005530456022 1
0 0.035 0.375 -0.0004583270728 1
0 0.035 0.385 -0.0003438306876 1
0 0.035 0.395 -0.0002264997362 1
0 0.035 0.405 0 1
0 0.035 0.415 0 1
0 0.035 0.425 0 1
0 0.035 0.435 0 1
0 0.035 0.445 0 2
0 0.035 0.455 0 2
0 0.035 0.465 0 2
0 0.045 -0.455 0 1
0 0.045 -0.445 0 1
0 0.045 -0.435 0 2
0 0.045 -0.425 0 2
0 0.045 -0.415 0 2
0 0.045 -0.405 0 2
0 0.045 -0.395 0.0003682594509 2
0 0.045 -0.385 0.0005686946644 2
0 0.045 -0.375 0.000772196866 2
0 0.045 -0.365 0.0009299365861 2
0 0.045 -0.355 0.001065234713 2
0 0.045 -0.345 0.001178819141 2
0 0.045 -0.335 0.001277612994 2
0 0.045 -0.325 0.001364908504 2
0 0.045 -0.315 0.001443215061 2
0 0.045 -0.305 0.001514032466 2
0 0.045 -0.295 0.001576968731 2
0 0.045 -0.285 0.001636423697 2
0 0.045 -0.275 0.00168198925 2
0 0.045 -0.265 0.001713161977 1
0 0.045 -0.255 0.001732666231 1
0 0.045 -0.245 0.001746342638 1
0 0.045 -0.235 0.001755470494 1
0 0.045 -0.225 0.001762835752 1
0 0.045 -0.215 0.001765487791 1
0 0.045 -0.205 0.001757543125 1
0 0.045 -0.195 0.001743058867 2
0 0.045 -0.185 0.00172203354 2
0 0.045 -0.175 0.00168646184 2
0 0.045 -0.165 0.001637791862 2
0 0.045 -0.155 0.001582056072 2
0 0.045 -0.145 0.001515412885 2
0 0.045 -0.135 0.001439127476 2
0 0.045 -0.125 0.001353883417 2
0 0.045 -0.115 0.001260452835 2
0 0.045 -0.105 0.001159831613 2
0 0.045 -0.095 0.001053136949 2
0 0.045 -0.085 0.0009416349886 2
0 0.045 -0.075 0.000826658021 2
0 0.045 -0.065 0.0007095037104 2
0 0.045 -0.055 0.0005913185228 2
0 0.045 -0.045 0.0004729665694 2
0 0.045 -0.035 0.0003550070362 2
0 0.045 -0.025 0.0002378151445 2
0 0.045 -0.015 0.0001218855911 2
0 0.045 -0.005 8.024020355e-06 2
0 0.045 0.005 -0.0001026930354 2
0 0.045 0.015 -0.0002094595873 2
0 0.045 0.025 -0.0003123562642 2
0 0.045 0.035 -0.0004123436956 2
0 0.045 0.045 -0.0005107884045 2
0 0.045 0.055 -0.0006086688027 2
0 0.045 0.065 -0.0007060750164 2
0 0.045 0.075 -0.0008021292006 2
0 0.045 0.085 -0.0008955158714 2
0 0.045 0.095 -0.0009850232258 2
0 0.045 0.105 -0.001069700833 2
0 0.045 0.115 -0.001148876694 2
0 0.045 0.125 -0.001222068358 2
0 0.045 0.135 -0.001288868698 2
0 0.045 0.145 -0.001349250552 2
0 0.045 0.155 -0.001402915714 2
0 0.045 0.165 -0.00145259025 2
0 0.045 0.175 -0.001493142 2
0 0.045 0.185 -0.001517663658 1
0 0.045 0.195 -0.001531214143 1
0 0.045 0.205 -0.001543069741 1
0 0.045 0.215 -0.001554042116 1
0 0.045 0.225 -0.001562210328 1
0 0.045 0.235 -0.001568185671 1
0 0.045 0.245 -0.001572061584 1
0 0.045 0.255 -0.001571590328 1
0 0.045 0.265 -0.001563238115 1
0 0.045 0.275 -0.001544960396 2
0 0.045 0.285 -0.001512525018 2
0 0.045 0.295 -0.001459993602 2
0 0.045 0.305 -0.001391891966 2
0 0.045 0.315 -0.001310721528 2
0 0.045 0.325 -0.001213120346 2
0 0.045 0.335 -0.001099610972 2
0 0.045 0.345 -0.0009595500883 2
0 0.045 0.355 -0.0008143581241 2
0 0.045 0.365 -0.0006696013262 1
0 0.045 0.375 -0.0005392884654 1
0 0.045 0.385 -0.000391247039 1
0 0.045 0.395 -0.0002525321616 1
0 0.045 0.405 0 1
0 0.045 0.415 0 1
0 0.045 0.425 0 1
0 0.045 0.435 0 1
0 0.045 0.445 0 2
0 0.045 0.455 0 2
0 0.045 0.465 0 2
0 0.055 -0.455 0 1
0 0.055 -0.445 0 2
0 0.055 -0.435 0 2
0 0.055 -0.425 0 2
0 0.055 -0.415 0 2
0 0.055 -0.405 0 2
0 0.055 -0.395 0.000417311569 2
0 0.055 -0.385 0.0006586624685 2
0 0.055 -0.375 0.0009052017072 2
0 0.055 -0.365 0.001098014793 2
0 0.055 -0.355 0.001264154462 2
0 0.055 -0.345 0.001401157371 2
0 0.055 -0.335 0.001522115565 2
0 0.055 -0.325 0.001632994574 2
0 0.055 -0.315 0.001735227804 2
0 0.055 -0.305 0.001828660683 2
0 0.055 -0.295 0.001912041166 2
0 0.055 -0.285 0.001990733502 2
0 0.055 -0.275 0.002054223987 2
0 0.055 -0.265 0.002098669201 1
0 0.055 -0.255 0.00212559943 1
0 0.055 -0.245 0.002144025566 1
0 0.055 -0.235 0.002159843221 1
0 0.055 -0.225 0.002171419692 1
0 0.055 -0.215 0.002178232487 1
0 0.055 -0.205 0.002175297421 1
0 0.055 -0.195 0.002162649966 1
0 0.055 -0.185 0.002144748004 2
0 0.055 -0.175 0.002110562561 2
0 0.055 -0.165 0.002056785873 2
0 0.055 -0.155 0.001989102521 2
0 0.055 -0.145 0.001908783375 2
0 0.055 -0.135 0.001815968155 2
0 0.055 -0.125 0.001711980905 2
0 0.055 -0.115 0.001597596336 2
0 0.055 -0.105 0.001473991565 2
0 0.055 -0.095 0.001342472699 2
0 0.055 -0.085 0.001204571211 2
0 0.055 -0.075 0.001061899706 2
0 0.055 -0.065 0.0009160109334 2
0 0.055 -0.055 0.0007682624204 2
0 0.055 -0.045 0.0006197329129 2
0 0.055 -0.035 0.0004712288966 2
0 0.055 -0.025 0.0003233784989 2
0 0.055 -0.015 0.0001768015112 2
0 0.055 -0.005 3.220632298e-05 2
0 0.055 0.005 -0.0001096604059 2
0 0.055 0.015 -0.0002482715239 2
0 0.055 0.025 -0.0003835825586 2
0 0.055 0.035 -0.0005160150048 2
0 0.055 0.045 -0.0006461810251 2
0 0.055 0.055 -0.0007744475784 2
0 0.055 0.065 -0.0009006386954 2
0 0.055 0.075 -0.001023984274 2
0 0.055 0.085 -0.00114336423 2
0 0.055 0.095 -0.001257603771 2
0 0.055 0.105 -0.001365633584 2
0 0.055 0.115 -0.001466545142 2
0 0.055 0.125 -0.001559575682 2
0 0.055 0.135 -0.001644077954 2
0 0.055 0.145 -0.001719609491 2
0 0.055 0.155 -0.001786104612 2
0 0.055 0.165 -0.001842848017 2
0 0.055 0.175 -0.001890969237 2
0 0.055 0.185 -0.001925052873 1
0 0.055 0.195 -0.001942645233 1
0 0.055 0.205 -0.001952988181 1
0 0.055 0.215 -0.001965010896 1
0 0.055 0.225 -0.001973030765 1
0 0.055 0.235 -0.001976132415 1
0 0.055 0.245 -0.001974185727 1
0 0.055 0.255 -0.001969559635 1
0 0.055 0.265 -0.001955789499 1
0 0.055 0.275 -0.001925496403 2
0 0.055 0.285 -0.001877576057 2
0 0.055 0.295 -0.001808071308 2
0 0.055 0.305 -0.001720210575 2
0 0.055 0.315 -0.001617329994 2
0 0.055 0.325 -0.001494547682 2
0 0.055 0.335 -0.001351584037 2
0 0.055 0.345 -0.0011809537 2
0 0.055 0.355 -0.0009956901918 2
0 0.055 0.365 -0.0008082006786 2
0 0.055 0.375 -0.0006200846368 1
0 0.055 0.385 -0.0004365023308 1
0 0.055 0.395 -0.0002748407619 1
0 0.055 0.405 0 1
0 0.055 0.415 0 1
0 0.055 0.425 0 1
0 0.055 0.435 0 2
0 0.055 0.445 0 2
0 0.055 0.455 0 2
0 0.055 0.465 0 2
0 0.065 -0.455 0 2
0 0.065 -0.445 0 2
0 0.065 -0.435 0 2
0 0.065 -0.425 0 2
0 0.065 -0.415 0 2
0 0.065 -0.405 0 2
0 0.065 -0.395 0.0004744863726 2
0 0.065 -0.385 0.0007555279581 2
0 0.065 -0.375 0.001037820463 2
0 0.065 -0.365 0.001260541074 2
0 0.065 -0.355 0.001452929874 2
0 0.065 -0.345 0.00161093437 2
0 0.065 -0.335 0.001751967232 2
0 0.065 -0.325 0.00188523121 2
0 0.065 -0.315 0.002012704471 2
0 0.065 -0.305 0.002132999048 2
0 0.065 -0.295 0.002241523412 2
0 0.065 -0.285 0.002342067568 2
0 0.065 -0.275 0.002427761472 2
0 0.065 -0.265 0.002490422476 1
0 0.065 -0.255 0.002529187169 1
0 0.065 -0.245 0.002555257436 1
0 0.065 -0.235 0.002578214555 1
0 0.065 -0.225 0.002593859693 1
0 0.065 -0.215 0.002603633097 1
0 0.065 -0.205 0.002606958232 1
0 0.065 -0.195 0.002596955114 1
0 0.065 -0.185 0.002577118432 2
0 0.065 -0.175 0.002544321777 2
0 0.065 -0.165 0.00248907778 2
0 0.065 -0.155 0.002409972168 2
0 0.065 -0.145 0.002317067133 2
0 0.065 -0.135 0.002208524805 2
0 0.065 -0.125 0.002086383826 2
0 0.065 -0.115 0.001951405573 2
0 0.065 -0.105 0.001804896216 2
0 0.065 -0.095 0.001648321749 2
0 0.065 -0.085 0.001483500925 2
0 0.065 -0.075 0.001312388373 2
0 0.065 -0.065 0.001136860078 2
0 0.065 -0.055 0.0009585425519 2
0 0.065 -0.045 0.000778743069 2
0 0.065 -0.035 0.000598468776 2
0 0.065 -0.025 0.0004185010721 2
0 0.065 -0.015 0.0002395127366 2
0 0.065 -0.005 6.214200173e-05 2
0 0.065 0.005 -0.0001130139067 2
0 0.065 0.015 -0.0002854972474 2
0 0.065 0.025 -0.0004550855533 2
0 0.065 0.035 -0.0006217652244 2
0 0.065 0.045 -0.000785577141 2
0 0.065 0.055 -0.0009463900781 2
0 0.065 0.065 -0.001103736647 2
0 0.065 0.075 -0.001256779942 2
0 0.065 0.085 -0.001404425304 2
0 0.065 0.095 -0.001545479268 2
0 0.065 0.105 -0.001678767402 2
0 0.065 0.115 -0.001803197058 2
0 0.065 0.125 -0.001917769528 2
0 0.065 0.135 -0.002021596182 2
0 0.065 0.145 -0.002113785477 2
0 0.065 0.155 -0.002193815287 2
0 0.065 0.165 -0.002259670934 2
0 0.065 0.175 -0.002313843125 2
0 0.065 0.185 -0.00235643418 2
0 0.065 0.195 -0.002376619096 1
0 0.065 0.205 -0.002387837556 1
0 0.065 0.215 -0.002397674275 1
0 0.065 0.225 -0.002402965619 1
0 0.065 0.235 -0.002403227563 1
0 0.065 0.245 -0.002397823287 1
0 0.065 0.255 -0.002384616824 1
0 0.065 0.265 -0.002361218767 1
0 0.065 0.275 -0.002320554844 1
0 0.065 0.285 -0.002256171333 2
0 0.065 0.295 -0.002166920108 2
0 0.065 0.305 -0.002060703614 2
0 0.065 0.315 -0.001936080697 2
0 0.065 0.325 -0.001789119447 2
0 0.065 0.335 -0.001618965621 2
0 0.065 0.345 -0.001422772802 2
0 0.065 0.355 -0.001204443473 2
0 0.065 0.365 -0.0009703491516 2
0 0.065 0.375 -0.0007361484668 2
0 0.065 0.385 -0.0004874582298 1
0 0.065 0.395 -0.0002962208211 1
0 0.065 0.405 0 1
0 0.065 0.415 0 1
0 0.065 0.425 0 1
0 0.065 0.435 0 2
0 0.065 0.445 0 2
0 0.065 0.455 0 2
0 0.065 0.465 0 2
0 0.075 -0.455 0 2
0 0.075 -0.445 0 2
0 0.075 -0.435 0 2
0 0.075 -0.425 0 2
0 0.075 -0.415 0 2
0 0.075 -0.405 0 2
0 0.075 -0.395 0.0005264733492 2
0 0.075 -0.385 0.0008407377155 2
0 0.075 -0.375 0.001159792395 2
0 0.075 -0.365 0.001412706315 1
0 0.075 -0.355 0.001609824536 1
0 0.075 -0.345 0.001777404903 1
0 0.075 -0.335 0.001930972849 1
0 0.075 -0.325 0.002097418029 2
0 0.075 -0.315 0.002262644869 2
0 0.075 -0.305 0.002419871205 2
0 0.075 -0.295 0.002560801958 2
0 0.075 -0.285 0.002686703031 2
0 0.075 -0.275 0.002798706213 2
0 0.075 -0.265 0.002882886714 1
0 0.075 -0.255 0.002935458617 1
0 0.075 -0.245 0.002972129524 1
0 0.075 -0.235 0.003004002369 1
0 0.075 -0.225 0.003025768905 1
0 0.075 -0.215 0.003038513048 1
0 0.075 -0.205 0.003044301456 1
0 0.075 -0.195 0.003035904002 1
0 0.075 -0.185 0.003014173934 1
0 0.075 -0.175 0.002983585143 2
0 0.075 -0.165 0.002926364128 2
0 0.075 -0.155 0.002838187793 2
0 0.075 -0.145 0.002733908459 2
0 0.075 -0.135 0.002610885571 2
0 0.075 -0.125 0.002471700871 2
0 0.075 -0.115 0.002317096726 2
0 0.075 -0.105 0.002148366755 2
0 0.075 -0.095 0.001967063227 2
0 0.075 -0.085 0.001775329858 2
0 0.075 -0.075 0.001575548443 2
0 0.075 -0.065 0.001369971942 2
0 0.075 -0.055 0.001160510805 2
0 0.075 -0.045 0.0009486927319 2
0 0.075 -0.035 0.0007357073997 2
0 0.075 -0.025 0.0005224546781 2
0 0.075 -0.015 0.0003096531686 2
0 0.075 -0.005 9.792384275e-05 2
0 0.075 0.005 -0.000112162124 2
0 0.075 0.015 -0.0003200915422 2
0 0.075 0.025 -0.0005254310842 2
0 0.075 0.035 -0.0007278024679 2
0 0.075 0.045 -0.000926800883 2
0 0.075 0.055 -0.001121881682 2
0 0.075 0.065 -0.001312277336 2
0 0.075 0.075 -0.001496981593 2
0 0.075 0.085 -0.001674808002 2
0 0.075 0.095 -0.001844481622 2
0 0.075 0.105 -0.002004719683 2
0 0.075 0.115 -0.002154286038 2
0 0.075 0.125 -0.002292006082 2
0 0.075 0.135 -0.00241679805 2
0 0.075 0.145 -0.002527535822 2
0 0.075 0.155 -0.002623358554 2
0 0.075 0.165 -0.002702900571 2
0 0.075 0.175 -0.002765674849 2
0 0.075 0.185 -0.002813090108 2
0 0.075 0.195 -0.00284311229 2
0 0.075 0.205 -0.002851043122 1
0 0.075 0.215 -0.002854195632 1
0 0.075 0.225 -0.002851848391 1
0 0.075 0.235 -0.002845676184 1
0 0.075 0.245 -0.002832511713 1
0 0.075 0.255 -0.00280942152 1
0 0.075 0.265 -0.00277602372 1
0 0.075 0.275 -0.002723138827 2
0 0.075 0.285 -0.002640046017 2
0 0.075 0.295 -0.002533799535 2
0 0.075 0.305 -0.002410177272 2
0 0.075 0.315 -0.002263284075 2
0 0.075 0.325 -0.002092375057 2
0 0.075 0.335 -0.001896703941 2
0 0.075 0.345 -0.001676866243 2
0 0.075 0.355 -0.001431276249 2
0 0.075 0.365 -0.001161204014 2
0 0.075 0.375 -0.0008811680069 2
0 0.075 0.385 -0.0005870928939 2
0 0.075 0.395 -0.0003318581473 1
0 0.075 0.405 0 1
0 0.075 0.415 0 1
0 0.075 0.425 0 2
0 0.075 0.435 0 2
0 0.075 0.445 0 2
0 0.075 0.455 0 2
0 0.075 0.465 0 2
0 0.085 -0.455 0 1
0 0.085 -0.445 0 1
0 0.085 -0.435 0 1
0 0.085 -0.425 0 1
0 0.085 -0.415 0 1
0 0.085 -0.405 0 1
0 0.085 -0.395 0.0005263998776 1
0 0.085 -0.385 0.0008646524622 2
0 0.085 -0.375 0.001217038914 1
0 0.085 -0.365 0.001488419954 1
0 0.085 -0.355 0.001715687725 1
0 0.085 -0.345 0.001920263087 1
0 0.085 -0.335 0.002105318595 1
0 0.085 -0.325 0.002283188898 1
0 0.085 -0.315 0.002485332911 2
0 0.085 -0.305 0.00268395937 2
0 0.085 -0.295 0.002866287748 2
0 0.085 -0.285 0.003021405988 2
0 0.085 -0.275 0.003159730253 2
0 0.085 -0.265 0.003272007811 2
0 0.085 -0.255 0.003346393789 1
0 0.085 -0.245 0.00339473722 1
0 0.085 -0.235 0.003433312798 1
0 0.085 -0.225 0.003461672883 1
0 0.085 -0.215 0.003478577822 1
0 0.085 -0.205 0.003484865045 1
0 0.085 -0.195 0.003478068747 1
0 0.085 -0.185 0.00345774812 1
0 0.085 -0.175 0.003424115829 2
0 0.085 -0.165 0.003362138374 2
0 0.085 -0.155 0.0032681475 2
0 0.085 -0.145 0.003153643792 2
0 0.085 -0.135 0.003017626291 2
0 0.085 -0.125 0.002862952558 2
0 0.085 -0.115 0.002690372714 2
0 0.085 -0.105 0.002500868865 2
0 0.085 -0.095 0.002295875785 2
0 0.085 -0.085 0.00207786985 2
0 0.085 -0.075 0.001849734628 2
0 0.085 -0.065 0.001614134512 2
0 0.085 -0.055 0.001373282022 2
0 0.085 -0.045 0.001128956814 2
0 0.085 -0.035 0.0008825711549 2
0 0.085 -0.025 0.0006351474897 2
0 0.085 -0.015 0.0003874635599 2
0 0.085 -0.005 0.0001401610774 2
0 0.085 0.005 -0.000106144356 2
0 0.085 0.015 -0.0003508119876 2
0 0.085 0.025 -0.0005931689503 2
0 0.085 0.035 -0.0008324949536 2
0 0.085 0.045 -0.001067993022 2
0 0.085 0.055 -0.001298744835 2
0 0.085 0.065 -0.001523680277 2
0 0.085 0.075 -0.001741578265 2
0 0.085 0.085 -0.001951103802 2
0 0.085 0.095 -0.002150864498 2
0 0.085 0.105 -0.002339464973 2
0 0.085 0.115 -0.002515550292 2
0 0.085 0.125 -0.002677823199 2
0 0.085 0.135 -0.002825075776 2
0 0.085 0.145 -0.002956141088 2
0 0.085 0.155 -0.003070006963 2
0 0.085 0.165 -0.003166043566 2
0 0.085 0.175 -0.003242147374 2
0 0.085 0.185 -0.003297599464 2
0 0.085 0.195 -0.00333489126 2
0 0.085 0.205 -0.003353720333 2
0 0.085 0.215 -0.003352738591 2
0 0.085 0.225 -0.003332301587 1
0 0.085 0.235 -0.003313742747 1
0 0.085 0.245 -0.003287346285 1
0 0.085 0.255 -0.003254403048 1
0 0.085 0.265 -0.003209050165 1
0 0.085 0.275 -0.003141081435 2
0 0.085 0.285 -0.003040360508 2
0 0.085 0.295 -0.002913818116 2
0 0.085 0.305 -0.002766064975 2
0 0.085 0.315 -0.002593962175 2
0 0.085 0.325 -0.002397290713 2
0 0.085 0.335 -0.002175470114 2
0 0.085 0.345 -0.001928366849 2
0 0.085 0.355 -0.001658393173 2
0 0.085 0.365 -0.001362331737 2
0 0.085 0.375 -0.001051139927 2
0 0.085 0.385 -0.0007227683298 2
0 0.085 0.395 -0.0004420629564 2
0 0.085 0.405 0 2
0 0.085 0.415 0 2
0 0.085 0.425 0 2
0 0.085 0.435 0 2
0 0.085 0.445 0 2
0 0.085 0.455 0 2
0 0.085 0.465 0 2
0 0.095 -0.455 0 1
0 0.095 -0.445 0 1
0 0.095 -0.435 0 1
0 0.095 -0.425 0 1
0 0.095 -0.415 0 1
0 0.095 -0.405 0 1
0 0.095 -0.395 0.0005367189731 1
0 0.095 -0.385 0.0008681313389 1
0 0.095 -0.375 0.001230292546 1
0 0.095 -0.365 0.001539896476 1
0 0.095 -0.355 0.001809251632 1
0 0.095 -0.345 0.002053004605 1
0 0.095 -0.335 0.00227199685 1
0 0.095 -0.325 0.002476100717 1
0 0.095 -0.315 0.002707720074 2
0 0.095 -0.305 0.002940479473 2
0 0.095 -0.295 0.003161360223 2
0 0.095 -0.285 0.003351861415 2
0 0.095 -0.275 0.003517935544 2
0 0.095 -0.265 0.003654906029 2
0 0.095 -0.255 0.003753418343 1
0 0.095 -0.245 0.003817094943 1
0 0.095 -0.235 0.003862135743 1
0 0.095 -0.225 0.003896869226 1
0 0.095 -0.215 0.003918391747 1
0 0.095 -0.205 0.003926126307 1
0 0.095 -0.195 0.003921295683 1
0 0.095 -0.185 0.003900917572 1
0 0.095 -0.175 0.003863602885 2
0 0.095 -0.165 0.003795566966 2
0 0.095 -0.155 0.003695506493 2
0 0.095 -0.145 0.003571308042 2
0 0.095 -0.135 0.003423626686 2
0 0.095 -0.125 0.003255474849 2
0 0.095 -0.115 0.003067502976 2
0 0.095 -0.105 0.002859634509 2
0 0.095 -0.095 0.002632602281 2
0 0.095 -0.085 0.00238952496 2
0 0.095 -0.075 0.002134099748 2
0 0.095 -0.065 0.001869178238 2
0 0.095 -0.055 0.001597048933 2
0 0.095 -0.045 0.00131979602 2
0 0.095 -0.035 0.001039339299 2
0 0.095 -0.025 0.0007569665355 2
0 0.095 -0.015 0.0004734962186 2
0 0.095 -0.005 0.000189604843 2
0 0.095 0.005 -9.400287918e-05 2
0 0.095 0.015 -0.000376504768 2
0 0.095 0.025 -0.0006569616886 2
0 0.095 0.035 -0.000934312951 2
0 0.095 0.045 -0.001207391625 2
0 0.095 0.055 -0.001474926373 2
0 0.095 0.065 -0.001735546715 2
0 0.095 0.075 -0.001987797645 2
0 0.095 0.085 -0.002230168496 2
0 0.095 0.095 -0.002461130498 2
0 0.095 0.105 -0.002679173877 2
0 0.095 0.115 -0.002882840827 2
0 0.095 0.125 -0.00307074517 2
0 0.095 0.135 -0.003241599071 2
0 0.095 0.145 -0.003394224375 2
0 0.095 0.155 -0.003527557857 2
0 0.095 0.165 -0.003640706297 2
0 0.095 0.175 -0.003733162699 2
0 0.095 0.185 -0.003802280452 2
0 0.095 0.195 -0.003850016083 2
0 0.095 0.205 -0.003874868251 2
0 0.095 0.215 -0.00387910272 2
0 0.095 0.225 -0.003867054856 2
0 0.095 0.235 -0.003839933607 2
0 0.095 0.245 -0.003798553911 2
0 0.095 0.255 -0.003748613204 2
0 0.095 0.265 -0.003676507636 2
0 0.095 0.275 -0.0035756075 2
0 0.095 0.285 -0.003449468416 2
0 0.095 0.295 -0.003297956541 2
0 0.095 0.305 -0.003121406948 2
0 0.095 0.315 -0.002920303117 2
0 0.095 0.325 -0.002694763166 2
0 0.095 0.335 -0.002444760746 2
0 0.095 0.345 -0.002169715236 2
0 0.095 0.355 -0.001871440379 2
0 0.095 0.365 -0.001551092132 2
0 0.095 0.375 -0.001214960075 2
0 0.095 0.385 -0.0008487903365 2
0 0.095 0.395 -0.0005266842854 2
0 0.095 0.405 0 2
0 0.095 0.415 0 2
0 0.095 0.425 0 2
0 0.095 0.435 0 2
0 0.095 0.445 0 2
0 0.095 0.455 0 2
0 0.095 0.465 0 2
0 0.105 -0.455 0 1
0 0.105 -0.445 0 1
0 0.105 -0.435 0 1
0 0.105 -0.425 0 1
0 0.105 -0.415 0 1
0 0.105 -0.405 0 1
0 0.105 -0.395 0.0005402167409 1
0 0.105 -0.385 0.000882387509 1
0 0.105 -0.375 0.001265667123 1
0 0.105 -0.365 0.001603764216 1
0 0.105 -0.355 0.001913777142 1
0 0.105 -0.345 0.0021969513 1
0 0.105 -0.335 0.002454991241 1
0 0.105 -0.325 0.002686615045 1
0 0.105 -0.315 0.002917042131 1
0 0.105 -0.305 0.003181528529 2
0 0.105 -0.295 0.003441240644 2
0 0.105 -0.285 0.003675751514 2
0 0.105 -0.275 0.003869487883 2
0 0.105 -0.265 0.004030807816 2
0 0.105 -0.255 0.004157067179 2
0 0.105 -0.245 0.004237611522 1
0 0.105 -0.235 0.004290283016 1
0 0.105 -0.225 0.004329800324 1
0 0.105 -0.215 0.004354413063 1
0 0.105 -0.205 0.004362189216 1
0 0.105 -0.195 0.00435873975 1
0 0.105 -0.185 0.004338343251 1
0 0.105 -0.175 0.004297330794 2
0 0.105 -0.165 0.00422181408 2
0 0.105 -0.155 0.00411502953 2
0 0.105 -0.145 0.003981285516 2
0 0.105 -0.135 0.003822961702 2
0 0.105 -0.125 0.003643279758 2
0 0.105 -0.115 0.003443015113 2
0 0.105 -0.105 0.003220810937 2
0 0.105 -0.095 0.002975769615 2
0 0.105 -0.085 0.002710941488 2
0 0.105 -0.075 0.00243028753 2
0 0.105 -0.065 0.002136704028 2
0 0.105 -0.055 0.001833024087 2
0 0.105 -0.045 0.001522186565 2
0 0.105 -0.035 0.00120693277 2
0 0.105 -0.025 0.0008887821506 2
0 0.105 -0.015 0.000568582703 2
0 0.105 -0.005 0.0002471310105 2
0 0.105 0.005 -7.478477721e-05 2
0 0.105 0.015 -0.0003961186452 2
0 0.105 0.025 -0.0007156376867 2
0 0.105 0.035 -0.001031930356 2
0 0.105 0.045 -0.001343465496 2
0 0.105 0.055 -0.001648630568 2
0 0.105 0.065 -0.001945762111 2
0 0.105 0.075 -0.002233169838 2
0 0.105 0.085 -0.002509161426 2
0 0.105 0.095 -0.002772067658 2
0 0.105 0.105 -0.003020266784 2
0 0.105 0.115 -0.003252207599 2
0 0.105 0.125 -0.003466428575 2
0 0.105 0.135 -0.003661578787 2
0 0.105 0.145 -0.003836443091 2
0 0.105 0.155 -0.003989946082 2
0 0.105 0.165 -0.004121104114 2
0 0.105 0.175 -0.004229322323 2
0 0.105 0.185 -0.004314039331 2
0 0.105 0.195 -0.004374647522 2
0 0.105 0.205 -0.004408380028 2
0 0.105 0.215 -0.004419096278 2
0 0.105 0.225 -0.004409017734 2
0 0.105 0.235 -0.004376925957 2
0 0.105 0.245 -0.004322806484 2
0 0.105 0.255 -0.004249583232 2
0 0.105 0.265 -0.004149550131 2
0 0.105 0.275 -0.004019611145 2
0 0.105 0.285 -0.00386181578 2
0 0.105 0.295 -0.003677841747 2
0 0.105 0.305 -0.003468226558 2
0 0.105 0.315 -0.003233238828 2
0 0.105 0.325 -0.002973988754 2
0 0.105 0.335 -0.002690859311 2
0 0.105 0.345 -0.00238616091 2
0 0.105 0.355 -0.002061265463 2
0 0.105 0.365 -0.001718303946 2
0 0.105 0.375 -0.001367755567 2
0 0.105 0.385 -0.0009698748892 2
0 0.105 0.395 -0.0006079016931 2
0 0.105 0.405 0 2
0 0.105 0.415 0 2
0 0.105 0.425 0 2
0 0.105 0.435 0 2
0 0.105 0.445 0 2
0 0.105 0.455 0 2
0 0.105 0.465 0 2
0 0.115 -0.455 0 1
0 0.115 -0.445 0 1
0 0.115 -0.435 0 1
0 0.115 -0.425 0 1
0 0.115 -0.415 0 1
0 0.115 -0.405 0 1
0 0.115 -0.395 0.0005653514449 1
0 0.115 -0.385 0.0009261482893 1
0 0.115 -0.375 0.001329779064 1
0 0.115 -0.365 0.001691843792 1
0 0.115 -0.355 0.002036683552 1
0 0.115 -0.345 0.00235162446 1
0 0.115 -0.335 0.00264181771 1
0 0.115 -0.325 0.00289715472 1
0 0.115 -0.315 0.003151775579 1
0 0.115 -0.305 0.003441044092 2
0 0.115 -0.295 0.003728656252 2
0 0.115 -0.285 0.004002388414 2
0 0.115 -0.275 0.004225386605 2
0 0.115 -0.265 0.00441087877 2
0 0.115 -0.255 0.004556678242 2
0 0.115 -0.245 0.004660837213 2
0 0.115 -0.235 0.004721284949 1
0 0.115 -0.225 0.004759998 1
0 0.115 -0.215 0.004782568836 1
0 0.115 -0.205 0.004790085858 1
0 0.115 -0.195 0.004786301903 1
0 0.115 -0.185 0.004763063221 1
0 0.115 -0.175 0.00471477768 2
0 0.115 -0.165 0.004631520979 2
0 0.115 -0.155 0.004522070249 2
0 0.115 -0.145 0.004379684877 2
0 0.115 -0.135 0.004208879803 2
0 0.115 -0.125 0.00402082201 2
0 0.115 -0.115 0.003816446619 2
0 0.115 -0.105 0.003583846772 2
0 0.115 -0.095 0.003325246627 2
0 0.115 -0.085 0.003043889507 2
0 0.115 -0.075 0.002742397484 2
0 0.115 -0.065 0.002422393107 2
0 0.115 -0.055 0.002084455422 2
0 0.115 -0.045 0.00173829088 2
0 0.115 -0.035 0.001386877533 2
0 0.115 -0.025 0.001031797022 2
0 0.115 -0.015 0.0006736832475 2
0 0.115 -0.005 0.0003135662197 2
0 0.115 0.005 -4.770223783e-05 2
0 0.115 0.015 -0.000408845198 2
0 0.115 0.025 -0.000768305031 2
0 0.115 0.035 -0.001124309589 2
0 0.115 0.045 -0.001474969776 2
0 0.115 0.055 -0.001818345525 2
0 0.115 0.065 -0.002152497021 2
0 0.115 0.075 -0.002475512218 2
0 0.115 0.085 -0.002785527021 2
0 0.115 0.095 -0.003080739391 2
0 0.115 0.105 -0.003359422236 2
0 0.115 0.115 -0.003619936455 2
0 0.115 0.125 -0.003860744603 2
0 0.115 0.135 -0.004080426138 2
0 0.115 0.145 -0.004277689988 2
0 0.115 0.155 -0.004451408003 2
0 0.115 0.165 -0.00460055759 2
0 0.115 0.175 -0.004724330243 2
0 0.115 0.185 -0.004821972689 2
0 0.115 0.195 -0.004893026075 2
0 0.115 0.205 -0.004937304346 2
0 0.115 0.215 -0.004954542685 2
0 0.115 0.225 -0.004944281763 2
0 0.115 0.235 -0.004906244936 2
0 0.115 0.245 -0.004839420717 2
0 0.115 0.255 -0.004742328162 2
0 0.115 0.265 -0.004614001137 2
0 0.115 0.275 -0.004454351512 2
0 0.115 0.285 -0.004264274869 2
0 0.115 0.295 -0.004045354593 2
0 0.115 0.305 -0.00379873831 2
0 0.115 0.315 -0.003524699742 2
0 0.115 0.325 -0.00322556901 2
0 0.115 0.335 -0.002898731909 2
0 0.115 0.345 -0.002558332293 2
0 0.115 0.355 -0.002206229886 2
0 0.115 0.365 -0.001846300003 2
0 0.115 0.375 -0.001486285029 2
0 0.115 0.385 -0.001065668819 2
0 0.115 0.395 -0.0006733710907 2
0 0.115 0.405 0 2
0 0.115 0.415 0 2
0 0.115 0.425 0 2
0 0.115 0.435 0 2
0 0.115 0.445 0 2
0 0.115 0.455 0 2
0 0.115 0.465 0 2
0 0.125 -0.455 0 1
0 0.125 -0.445 0 1
0 0.125 -0.435 0 1
0 0.125 -0.425 0 1
0 0.125 -0.415 0 1
0 0.125 -0.405 0 1
0 0.125 -0.395 0.000601124421 1
0 0.125 -0.385 0.0009860193322 1
0 0.125 -0.375 0.001416755289 1
0 0.125 -0.365 0.001805847348 1
0 0.125 -0.355 0.00217922909 1
0 0.125 -0.345 0.002522964244 1
0 0.125 -0.335 0.002840928317 1
0 0.125 -0.325 0.003119404439 1
0 0.125 -0.315 0.003397505941 1
0 0.125 -0.305 0.003711710348 2
0 0.125 -0.295 0.004026177893 2
0 0.125 -0.285 0.004334476203 2
0 0.125 -0.275 0.004586057979 2
0 0.125 -0.265 0.004797328275 2
0 0.125 -0.255 0.004963817953 2
0 0.125 -0.245 0.005086867165 2
0 0.125 -0.235 0.005168556191 2
0 0.125 -0.225 0.005211294298 2
0 0.125 -0.215 0.005220418789 1
0 0.125 -0.205 0.00522256541 1
0 0.125 -0.195 0.005211343879 1
0 0.125 -0.185 0.005181455474 2
0 0.125 -0.175 0.005115579837 2
0 0.125 -0.165 0.005025521537 2
0 0.125 -0.155 0.004905735484 2
0 0.125 -0.145 0.004753924281 2
0 0.125 -0.135 0.00457610835 2
0 0.125 -0.125 0.00437818538 2
0 0.125 -0.115 0.004165107863 2
0 0.125 -0.105 0.003924426467 2
0 0.125 -0.095 0.003670300956 2
0 0.125 -0.085 0.00339207113 2
0 0.125 -0.075 0.003078869182 2
0 0.125 -0.065 0.002730164585 2
0 0.125 -0.055 0.002354312412 2
0 0.125 -0.045 0.001972360616 2
0 0.125 -0.035 0.001581098081 2
0 0.125 -0.025 0.001187095361 2
0 0.125 -0.015 0.0007895025383 2
0 0.125 -0.005 0.0003893943041 2
0 0.125 0.005 -1.236801998e-05 2
0 0.125 0.015 -0.0004142952075 2
0 0.125 0.025 -0.000814489724 2
0 0.125 0.035 -0.00121081178 2
0 0.125 0.045 -0.001601032243 2
0 0.125 0.055 -0.001982906618 2
0 0.125 0.065 -0.002354248951 2
0 0.125 0.075 -0.002712954401 2
0 0.125 0.085 -0.00305701126 2
0 0.125 0.095 -0.003384502966 2
0 0.125 0.105 -0.003693609075 2
0 0.125 0.115 -0.003982607956 2
0 0.125 0.125 -0.004249882121 2
0 0.125 0.135 -0.004493927098 2
0 0.125 0.145 -0.004713356995 2
0 0.125 0.155 -0.004906920853 2
0 0.125 0.165 -0.00507349683 2
0 0.125 0.175 -0.00521209224 2
0 0.125 0.185 -0.005321751981 2
0 0.125 0.195 -0.005401677485 2
0 0.125 0.205 -0.005451207777 2
0 0.125 0.215 -0.005469660188 2
0 0.125 0.225 -0.005456089928 2
0 0.125 0.235 -0.005409392391 2
0 0.125 0.245 -0.005328357861 2
0 0.125 0.255 -0.005211993044 2
0 0.125 0.265 -0.005059825619 2
0 0.125 0.275 -0.004872188985 2
0 0.125 0.285 -0.004650115646 2
0 0.125 0.295 -0.00439500965 2
0 0.125 0.305 -0.004107794665 2
0 0.125 0.315 -0.003789133648 2
0 0.125 0.325 -0.003440882558 2
0 0.125 0.335 -0.003051289851 2
0 0.125 0.345 -0.002650206749 2
0 0.125 0.355 -0.00225474164 1
0 0.125 0.365 -0.001901950059 1
0 0.125 0.375 -0.001549460158 1
0 0.125 0.385 -0.001144238703 1
0 0.125 0.395 -0.0007579197996 1
0 0.125 0.405 0 2
0 0.125 0.415 0 2
0 0.125 0.425 0 2
0 0.125 0.435 0 2
0 0.125 0.445 0 2
0 0.125 0.455 0 2
0 0.125 0.465 0 2
0 0.135 -0.455 0 1
0 0.135 -0.445 0 1
0 0.135 -0.435 0 1
0 0.135 -0.425 0 1
0 0.135 -0.415 0 1
0 0.135 -0.405 0 1
0 0.135 -0.395 0.0006315729798 1
0 0.135 -0.385 0.00105318452 1
0 0.135 -0.375 0.00152129125 1
0 0.135 -0.365 0.001942107433 1
0 0.135 -0.355 0.002345367445 1
0 0.135 -0.345 0.00271476312 1
0 0.135 -0.335 0.003056315856 1
0 0.135 -0.325 0.003355873097 1
0 0.135 -0.315 0.003655674758 1
0 0.135 -0.305 0.003995008587 2
0 0.135 -0.295 0.004336414024 2
0 0.135 -0.285 0.004673516192 2
0 0.135 -0.275 0.004951329962 2
0 0.135 -0.265 0.00518680569 2
0 0.135 -0.255 0.005374510924 2
0 0.135 -0.245 0.005516936176 2
0 0.135 -0.235 0.005613737786 2
0 0.135 -0.225 0.005668143325 2
0 0.135 -0.215 0.005687956151 2
0 0.135 -0.205 0.005679843975 2
0 0.135 -0.195 0.005643224239 2
0 0.135 -0.185 0.005579519295 2
0 0.135 -0.175 0.00549559808 2
0 0.135 -0.165 0.005389707153 2
0 0.135 -0.155 0.005244513158 2
0 0.135 -0.145 0.00507848257 2
0 0.135 -0.135 0.004904049329 1
0 0.135 -0.125 0.004699390512 2
0 0.135 -0.115 0.00446091459 2
0 0.135 -0.105 0.004207182652 1
0 0.135 -0.095 0.003979314114 1
0 0.135 -0.085 0.003733555247 1
0 0.135 -0.075 0.003426061537 2
0 0.135 -0.065 0.003058392734 2
0 0.135 -0.055 0.002648356859 2
0 0.135 -0.045 0.002227318377 2
0 0.135 -0.035 0.001791563305 2
0 0.135 -0.025 0.001355220863 2
0 0.135 -0.015 0.0009162932228 2
0 0.135 -0.005 0.0004745011312 2
0 0.135 0.005 3.09221209e-05 2
0 0.135 0.015 -0.0004127124022 2
0 0.135 0.025 -0.0008542929706 2
0 0.135 0.035 -0.001291309869 2
0 0.135 0.045 -0.001721228444 2
0 0.135 0.055 -0.002141541672 2
0 0.135 0.065 -0.002549864936 2
0 0.135 0.075 -0.002943946098 2
0 0.135 0.085 -0.003321663102 2
0 0.135 0.095 -0.003681012625 2
0 0.135 0.105 -0.004020098486 2
0 0.135 0.115 -0.004337124212 2
0 0.135 0.125 -0.004630389741 2
0 0.135 0.135 -0.004898293118 2
0 0.135 0.145 -0.005139331915 2
0 0.135 0.155 -0.00535210706 2
0 0.135 0.165 -0.005535315063 2
0 0.135 0.175 -0.005687746102 2
0 0.135 0.185 -0.005808264204 2
0 0.135 0.195 -0.005895776247 2
0 0.135 0.205 -0.005949177037 2
0 0.135 0.215 -0.00596731255 2
0 0.135 0.225 -0.005948919207 2
0 0.135 0.235 -0.005892681366 2
0 0.135 0.245 -0.005797426234 2
0 0.135 0.255 -0.005662337714 2
0 0.135 0.265 -0.005487088069 2
0 0.135 0.275 -0.005271993194 2
0 0.135 0.285 -0.005017761084 2
0 0.135 0.295 -0.004725522808 2
0 0.135 0.305 -0.004395545576 2
0 0.135 0.315 -0.004029675159 2
0 0.135 0.325 -0.003626817679 2
0 0.135 0.335 -0.003185650367 2
0 0.135 0.345 -0.002743129945 2
0 0.135 0.355 -0.002318903844 1
0 0.135 0.365 -0.001949672827 1
0 0.135 0.375 -0.001576045305 1
0 0.135 0.385 -0.001161285634 1
0 0.135 0.395 -0.000774707493 1
0 0.135 0.405 0 2
0 0.135 0.415 0 2
0 0.135 0.425 0 2
0 0.135 0.435 0 2
0 0.135 0.445 0 2
0 0.135 0.455 0 2
0 0.135 0.465 0 2
0 0.145 -0.455 0 2
0 0.145 -0.445 0 2
0 0.145 -0.435 0 1
0 0.145 -0.425 0 1
0 0.145 -0.415 0 1
0 0.145 -0.405 0 1
0 0.145 -0.395 0.0006672007246 1
0 0.145 -0.385 0.001141634571 1
0 0.145 -0.375 0.001658168166 1
0 0.145 -0.365 0.002113369286 1
0 0.145 -0.355 0.002542740762 1
0 0.145 -0.345 0.002928507457 1
0 0.145 -0.335 0.00328849221 1
0 0.145 -0.325 0.00360558082 1
0 0.145 -0.315 0.003924693299 1
0 0.145 -0.305 0.0042875134 2
0 0.145 -0.295 0.004654394892 2
0 0.145 -0.285 0.00501839296 2
0 0.145 -0.275 0.005319626818 2
0 0.145 -0.265 0.005575740807 2
0 0.145 -0.255 0.005781358277 2
0 0.145 -0.245 0.005939037318 2
0 0.145 -0.235 0.00604882478 2
0 0.145 -0.225 0.006113843132 2
0 0.145 -0.215 0.006135410163 2
0 0.145 -0.205 0.006114713694 2
0 0.145 -0.195 0.006054523914 2
0 0.145 -0.185 0.005964077644 2
0 0.145 -0.175 0.005844547545 2
0 0.145 -0.165 0.005701981858 2
0 0.145 -0.155 0.005528830864 1
0 0.145 -0.145 0.005364368669 1
0 0.145 -0.135 0.005186211663 1
0 0.145 -0.125 0.004970367433 1
0 0.145 -0.115 0.004741709548 1
0 0.145 -0.105 0.004494374269 1
0 0.145 -0.095 0.004238648364 1
0 0.145 -0.085 0.003966316517 1
0 0.145 -0.075 0.003679819924 1
0 0.145 -0.065 0.00336511175 1
0 0.145 -0.055 0.002964068727 2
0 0.145 -0.045 0.002504482738 2
0 0.145 -0.035 0.002018139306 2
0 0.145 -0.025 0.001534990634 2
0 0.145 -0.015 0.001052301711 2
0 0.145 -0.005 0.0005673825246 2
0 0.145 0.005 8.08156471e-05 2
0 0.145 0.015 -0.0004052081512 2
0 0.145 0.025 -0.0008885415086 2
0 0.145 0.035 -0.00136628418 2
0 0.145 0.045 -0.001835634749 2
0 0.145 0.055 -0.002293893941 2
0 0.145 0.065 -0.002738544814 2
0 0.145 0.075 -0.003167249154 2
0 0.145 0.085 -0.003577822319 2
0 0.145 0.095 -0.003968208925 2
0 0.145 0.105 -0.004336459009 2
0 0.145 0.115 -0.004680711847 2
0 0.145 0.125 -0.004999185569 2
0 0.145 0.135 -0.005290172676 2
0 0.145 0.145 -0.00555203811 2
0 0.145 0.155 -0.00578321836 2
0 0.145 0.165 -0.005982215005 2
0 0.145 0.175 -0.006147587003 2
0 0.145 0.185 -0.00627793436 2
0 0.145 0.195 -0.006371878282 2
0 0.145 0.205 -0.006428029904 2
0 0.145 0.215 -0.006444970138 2
0 0.145 0.225 -0.006421255696 2
0 0.145 0.235 -0.006355499944 2
0 0.145 0.245 -0.006246511757 2
0 0.145 0.255 -0.00609345414 2
0 0.145 0.265 -0.005895918206 2
0 0.145 0.275 -0.005654002507 2
0 0.145 0.285 -0.005367954677 2
0 0.145 0.295 -0.005038581553 2
0 0.145 0.305 -0.004664831416 2
0 0.145 0.315 -0.004249653372 2
0 0.145 0.325 -0.003778360839 2
0 0.145 0.335 -0.003286744916 2
0 0.145 0.345 -0.002810305965 1
0 0.145 0.355 -0.00240472836 1
0 0.145 0.365 -0.002010105026 1
0 0.145 0.375 -0.001597705397 1
0 0.145 0.385 -0.001144070838 1
0 0.145 0.395 -0.0007346457692 1
0 0.145 0.405 0 1
0 0.145 0.415 0 2
0 0.145 0.425 0 2
0 0.145 0.435 0 2
0 0.145 0.445 0 2
0 0.145 0.455 0 2
0 0.145 0.465 0 2
0 0.155 -0.455 0 2
0 0.155 -0.445 0 2
0 0.155 -0.435 0 2
0 0.155 -0.425 0 2
0 0.155 -0.415 0 2
0 0.155 -0.405 0 2
0 0.155 -0.395 0.0007593699325 2
0 0.155 -0.385 0.00128922778 2
0 0.155 -0.375 0.001875102764 2
0 0.155 -0.365 0.002362100348 1
0 0.155 -0.355 0.002782583795 1
0 0.155 -0.345 0.003161968274 1
0 0.155 -0.335 0.003529277563 1
0 0.155 -0.325 0.003863255341 1
0 0.155 -0.315 0.004202859606 1
0 0.155 -0.305 0.004589330774 2
0 0.155 -0.295 0.004982398181 2
0 0.155 -0.285 0.005369680644 2
0 0.155 -0.275 0.005689883402 2
0 0.155 -0.265 0.005961687722 2
0 0.155 -0.255 0.006180223485 2
0 0.155 -0.245 0.006347998 2
0 0.155 -0.235 0.006465344178 2
0 0.155 -0.225 0.006533065107 2
0 0.155 -0.215 0.006551579177 2
0 0.155 -0.205 0.006522195991 2
0 0.155 -0.195 0.006447141888 2
0 0.155 -0.185 0.006332716135 2
0 0.155 -0.175 0.006177464069 2
0 0.155 -0.165 0.006005192882 2
0 0.155 -0.155 0.00581656831 1
0 0.155 -0.145 0.005637305512 1
0 0.155 -0.135 0.005447256809 1
0 0.155 -0.125 0.0052262162 1
0 0.155 -0.115 0.004992014053 1
0 0.155 -0.105 0.00473805657 1
0 0.155 -0.095 0.004463418456 1
0 0.155 -0.085 0.004171223647 1
0 0.155 -0.075 0.003870302545 1
0 0.155 -0.065 0.003556835627 1
0 0.155 -0.055 0.003207717913 1
0 0.155 -0.045 0.00276454397 2
0 0.155 -0.035 0.002255046804 2
0 0.155 -0.025 0.001725584353 2
0 0.155 -0.015 0.001193257558 2
0 0.155 -0.005 0.0006648305832 2
0 0.155 0.005 0.0001347123846 2
0 0.155 0.015 -0.0003939713017 2
0 0.155 0.025 -0.0009189097759 2
0 0.155 0.035 -0.001436874667 2
0 0.155 0.045 -0.001944834824 2
0 0.155 0.055 -0.002440001527 2
0 0.155 0.065 -0.002919807415 2
0 0.155 0.075 -0.003381899312 2
0 0.155 0.085 -0.003824082279 2
0 0.155 0.095 -0.004244285516 2
0 0.155 0.105 -0.004640528115 2
0 0.155 0.115 -0.005010896694 2
0 0.155 0.125 -0.005353530224 2
0 0.155 0.135 -0.005666612144 2
0 0.155 0.145 -0.005948366706 2
0 0.155 0.155 -0.006197057757 2
0 0.155 0.165 -0.006410986706 2
0 0.155 0.175 -0.006588488386 2
0 0.155 0.185 -0.006727922173 2
0 0.155 0.195 -0.006827662703 2
0 0.155 0.205 -0.006886092009 2
0 0.155 0.215 -0.006901605463 2
0 0.155 0.225 -0.006872644031 2
0 0.155 0.235 -0.006797767796 2
0 0.155 0.245 -0.006675751225 2
0 0.155 0.255 -0.006505686834 2
0 0.155 0.265 -0.006287004016 2
0 0.155 0.275 -0.0060195532 2
0 0.155 0.285 -0.005703189727 2
0 0.155 0.295 -0.00533861659 2
0 0.155 0.305 -0.004923948642 2
0 0.155 0.315 -0.004464867607 2
0 0.155 0.325 -0.003939216119 2
0 0.155 0.335 -0.003416657377 2
0 0.155 0.345 -0.002916494142 1
0 0.155 0.355 -0.002489443202 1
0 0.155 0.365 -0.002076103218 1
0 0.155 0.375 -0.00163632874 1
0 0.155 0.385 -0.001149722442 1
0 0.155 0.395 -0.0007320104364 1
0 0.155 0.405 0 1
0 0.155 0.415 0 2
0 0.155 0.425 0 2
0 0.155 0.435 0 2
0 0.155 0.445 0 2
0 0.155 0.455 0 2
0 0.155 0.465 0 2
0 0.165 -0.455 0 2
0 0.165 -0.445 0 2
0 0.165 -0.435 0 2
0 0.165 -0.425 0 2
0 0.165 -0.415 0 2
0 0.165 -0.405 0 2
0 0.165 -0.395 0.0008417570372 2
0 0.165 -0.385 0.001411751344 2
0 0.165 -0.375 0.002042215794 2
0 0.165 -0.365 0.002565506362 1
0 0.165 -0.355 0.003000080757 1
0 0.165 -0.345 0.003388582685 1
0 0.165 -0.335 0.003766482553 1
0 0.165 -0.325 0.004126165271 1
0 0.165 -0.315 0.004493208629 1
0 0.165 -0.305 0.004907750487 2
0 0.165 -0.295 0.005327109149 2
0 0.165 -0.285 0.005727937372 2
0 0.165 -0.275 0.006060414226 2
0 0.165 -0.265 0.006341970923 2
0 0.165 -0.255 0.006568661346 2
0 0.165 -0.245 0.006742252075 2
0 0.165 -0.235 0.006862470476 2
0 0.165 -0.225 0.006929437406 2
0 0.165 -0.215 0.006943009712 2
0 0.165 -0.205 0.006904083535 2
0 0.165 -0.195 0.006814177992 2
0 0.165 -0.185 0.006680246588 2
0 0.165 -0.175 0.006500519041 2
0 0.165 -0.165 0.00630801277 2
0 0.165 -0.155 0.006103756068 1
0 0.165 -0.145 0.005906538942 1
0 0.165 -0.135 0.005703140374 1
0 0.165 -0.125 0.005473631435 1
0 0.165 -0.115 0.005226143713 1
0 0.165 -0.105 0.004958239761 1
0 0.165 -0.095 0.004670382281 1
0 0.165 -0.085 0.004364760418 1
0 0.165 -0.075 0.004044604456 1
0 0.165 -0.065 0.003709566311 1
0 0.165 -0.055 0.003361682419 1
0 0.165 -0.045 0.00296845003 1
0 0.165 -0.035 0.002475988163 2
0 0.165 -0.025 0.001915684206 2
0 0.165 -0.015 0.001332049802 2
0 0.165 -0.005 0.0007618383432 2
0 0.165 0.005 0.0001887322823 2
0 0.165 0.015 -0.0003822897709 2
0 0.165 0.025 -0.0009479080008 2
0 0.165 0.035 -0.001504825119 2
0 0.165 0.045 -0.00204984104 2
0 0.165 0.055 -0.002580211509 2
0 0.165 0.065 -0.003093407976 2
0 0.165 0.075 -0.003587131969 2
0 0.165 0.085 -0.004059225667 2
0 0.165 0.095 -0.004507634256 2
0 0.165 0.105 -0.004930364586 2
0 0.165 0.115 -0.005325459791 2
0 0.165 0.125 -0.005690981915 2
0 0.165 0.135 -0.006025003384 2
0 0.165 0.145 -0.006325604451 2
0 0.165 0.155 -0.006590874871 2
0 0.165 0.165 -0.006818917473 2
0 0.165 0.175 -0.007007852476 2
0 0.165 0.185 -0.007155821412 2
0 0.165 0.195 -0.007260992576 2
0 0.165 0.205 -0.00732157083 2
0 0.165 0.215 -0.007335818679 2
0 0.165 0.225 -0.007302093526 2
0 0.165 0.235 -0.007218905626 2
0 0.165 0.245 -0.007084979851 2
0 0.165 0.255 -0.006899322683 2
0 0.165 0.265 -0.006661207599 2
0 0.165 0.275 -0.006370285644 2
0 0.165 0.285 -0.006026134029 2
0 0.165 0.295 -0.005629517014 2
0 0.165 0.305 -0.005178133847 2
0 0.165 0.315 -0.004680548028 2
0 0.165 0.325 -0.00411134842 2
0 0.165 0.335 -0.003558774882 2
0 0.165 0.345 -0.003032038484 1
0 0.165 0.355 -0.002581453798 1
0 0.165 0.365 -0.002147320851 1
0 0.165 0.375 -0.001684871869 1
0 0.165 0.385 -0.001172517259 1
0 0.165 0.395 -0.0007441785927 1
0 0.165 0.405 0 1
0 0.165 0.415 0 2
0 0.165 0.425 0 2
0 0.165 0.435 0 2
0 0.165 0.445 0 2
0 0.165 0.455 0 2
0 0.165 0.465 0 2
0 0.175 -0.455 0 2
0 0.175 -0.445 0 2
0 0.175 -0.435 0 2
0 0.175 -0.425 0 2
0 0.175 -0.415 0 2
0 0.175 -0.405 0 2
0 0.175 -0.395 0.0008986150215 2
0 0.175 -0.385 0.001481732145 2
0 0.175 -0.375 0.002136771487 2
0 0.175 -0.365 0.002710308491 2
0 0.175 -0.355 0.003207439208 1
0 0.175 -0.345 0.003616496265 1
0 0.175 -0.335 0.00400491321 1
0 0.175 -0.325 0.004395651429 1
0 0.175 -0.315 0.004837315523 2
0 0.175 -0.305 0.005273972013 2
0 0.175 -0.295 0.005701123256 2
0 0.175 -0.285 0.006092419591 2
0 0.175 -0.275 0.006427839449 2
0 0.175 -0.265 0.006712933891 2
0 0.175 -0.255 0.006943665396 2
0 0.175 -0.245 0.007120101301 2
0 0.175 -0.235 0.007241154969 2
0 0.175 -0.225 0.007306337567 2
0 0.175 -0.215 0.007315283334 2
0 0.175 -0.205 0.007268759061 2
0 0.175 -0.195 0.007167675728 2
0 0.175 -0.185 0.007018416265 2
0 0.175 -0.175 0.006817666361 2
0 0.175 -0.165 0.006605249289 2
0 0.175 -0.155 0.006385813335 1
0 0.175 -0.145 0.006175096779 1
0 0.175 -0.135 0.005955802095 1
0 0.175 -0.125 0.005712119874 1
0 0.175 -0.115 0.005449733533 1
0 0.175 -0.105 0.005167129089 1
0 0.175 -0.095 0.004864369103 1
0 0.175 -0.085 0.004543343303 1
0 0.175 -0.075 0.00420647137 1
0 0.175 -0.065 0.003854715236 1
0 0.175 -0.055 0.003498390985 1
0 0.175 -0.045 0.003109783236 1
0 0.175 -0.035 0.002626385814 2
0 0.175 -0.025 0.002067720607 2
0 0.175 -0.015 0.001462722929 2
0 0.175 -0.005 0.0008505964541 2
0 0.175 0.005 0.0002371149664 2
0 0.175 0.015 -0.0003746613033 2
0 0.175 0.025 -0.0009787989968 2
0 0.175 0.035 -0.001572318559 2
0 0.175 0.045 -0.002151917964 2
0 0.175 0.055 -0.002715019383 2
0 0.175 0.065 -0.003259202446 2
0 0.175 0.075 -0.003782271325 2
0 0.175 0.085 -0.004282134951 2
0 0.175 0.095 -0.004756772269 2
0 0.175 0.105 -0.005204187003 2
0 0.175 0.115 -0.005622381737 2
0 0.175 0.125 -0.006009340448 2
0 0.175 0.135 -0.006363021445 2
0 0.175 0.145 -0.006681358059 2
0 0.175 0.155 -0.006962265722 2
0 0.175 0.165 -0.007203653645 2
0 0.175 0.175 -0.007403439907 2
0 0.175 0.185 -0.00755956899 2
0 0.175 0.195 -0.007670032041 2
0 0.175 0.205 -0.007732890733 2
0 0.175 0.215 -0.007746307067 2
0 0.175 0.225 -0.007708579458 2
0 0.175 0.235 -0.007618185829 2
0 0.175 0.245 -0.007473819488 2
0 0.175 0.255 -0.007274430327 2
0 0.175 0.265 -0.007019189813 2
0 0.175 0.275 -0.006707622828 2
0 0.175 0.285 -0.00633914541 2
0 0.175 0.295 -0.00591461531 2
0 0.175 0.305 -0.00543165364 2
0 0.175 0.315 -0.004900850433 2
0 0.175 0.325 -0.004297070318 2
0 0.175 0.335 -0.003713404759 2
0 0.175 0.345 -0.00315872238 1
0 0.175 0.355 -0.002684907987 1
0 0.175 0.365 -0.002228871651 1
0 0.175 0.375 -0.00174504158 1
0 0.175 0.385 -0.001213110252 1
0 0.175 0.395 -0.0007696553906 1
0 0.175 0.405 0 1
0 0.175 0.415 0 2
0 0.175 0.425 0 2
0 0.175 0.435 0 2
0 0.175 0.445 0 2
0 0.175 0.455 0 2
0 0.175 0.465 0 2
0 0.185 -0.455 0 2
0 0.185 -0.445 0 2
0 0.185 -0.435 0 2
0 0.185 -0.425 0 2
0 0.185 -0.415 0 2
0 0.185 -0.405 0 2
0 0.185 -0.395 0.0009261740718 2
0 0.185 -0.385 0.001523642693 2
0 0.185 -0.375 0.002193388957 2
0 0.185 -0.365 0.002784942238 2
0 0.185 -0.355 0.003338993503 2
0 0.185 -0.345 0.00383984903 2
0 0.185 -0.335 0.004306713272 2
0 0.185 -0.325 0.004766856454 2
0 0.185 -0.315 0.005214017808 2
0 0.185 -0.305 0.005648862832 2
0 0.185 -0.295 0.006067866261 2
0 0.185 -0.285 0.006447962056 2
0 0.185 -0.275 0.00678253739 2
0 0.185 -0.265 0.007068297763 2
0 0.185 -0.255 0.007300994561 2
0 0.185 -0.245 0.007478994137 2
0 0.185 -0.235 0.007600543231 2
0 0.185 -0.225 0.007664657514 2
0 0.185 -0.215 0.007670760455 2
0 0.185 -0.205 0.007619403137 2
0 0.185 -0.195 0.007511284143 2
0 0.185 -0.185 0.007351473021 2
0 0.185 -0.175 0.007136154645 2
0 0.185 -0.165 0.006900581475 2
0 0.185 -0.155 0.006659762515 1
0 0.185 -0.145 0.006429501957 1
0 0.185 -0.135 0.006191749354 1
0 0.185 -0.125 0.005937512119 1
0 0.185 -0.115 0.00565987431 1
0 0.185 -0.105 0.005362025309 1
0 0.185 -0.095 0.005043916117 1
0 0.185 -0.085 0.004707247616 1
0 0.185 -0.075 0.004353525785 1
0 0.185 -0.065 0.003983244216 1
0 0.185 -0.055 0.003598394022 1
0 0.185 -0.045 0.003196945963 1
0 0.185 -0.035 0.002749980985 1
0 0.185 -0.025 0.002211841531 2
0 0.185 -0.015 0.001591259302 2
0 0.185 -0.005 0.0009259311068 2
0 0.185 0.005 0.0002738395116 2
0 0.185 0.015 -0.000375939186 2
0 0.185 0.025 -0.001015033206 2
0 0.185 0.035 -0.001641552317 2
0 0.185 0.045 -0.002252257284 2
0 0.185 0.055 -0.002844821981 2
0 0.185 0.065 -0.003416961028 2
0 0.185 0.075 -0.003966589902 2
0 0.185 0.085 -0.004491685832 2
0 0.185 0.095 -0.004990259566 2
0 0.185 0.105 -0.005460307438 2
0 0.185 0.115 -0.005899785518 2
0 0.185 0.125 -0.006306592921 2
0 0.185 0.135 -0.006678567363 2
0 0.185 0.145 -0.007013490317 2
0 0.185 0.155 -0.00730910088 2
0 0.185 0.165 -0.007563116984 2
0 0.185 0.175 -0.007773262778 2
0 0.185 0.185 -0.007937300603 2
0 0.185 0.195 -0.00805306592 2
0 0.185 0.205 -0.008118503369 2
0 0.185 0.215 -0.008131702713 2
0 0.185 0.225 -0.008090932334 2
0 0.185 0.235 -0.007994670034 2
0 0.185 0.245 -0.007841619952 2
0 0.185 0.255 -0.007630734369 2
0 0.185 0.265 -0.007361164559 2
0 0.185 0.275 -0.007032391049 2
0 0.185 0.285 -0.006643762992 2
0 0.185 0.295 -0.006196088429 2
0 0.185 0.305 -0.005686897424 2
0 0.185 0.315 -0.005127087272 2
0 0.185 0.325 -0.004490839298 2
0 0.185 0.335 -0.00387713348 2
0 0.185 0.345 -0.003295218073 1
0 0.185 0.355 -0.002798666008 1
0 0.185 0.365 -0.002321060021 1
0 0.185 0.375 -0.001814896083 1
0 0.185 0.385 -0.001260738791 1
0 0.185 0.395 -0.0008000018071 1
0 0.185 0.405 0 1
0 0.185 0.415 0 2
0 0.185 0.425 0 2
0 0.185 0.435 0 2
0 0.185 0.445 0 2
0 0.185 0.455 0 2
0 0.185 0.465 0 2
0 0.195 -0.455 0 2
0 0.195 -0.445 0 2
0 0.195 -0.435 0 2
0 0.195 -0.425 0 2
0 0.195 -0.415 0 2
0 0.195 -0.405 0 2
0 0.195 -0.395 0.0009443903909 2
0 0.195 -0.385 0.001559013683 2
0 0.195 -0.375 0.002250703071 2
0 0.195 -0.365 0.002875217995 2
0 0.195 -0.355 0.003477126494 2
0 0.195 -0.345 0.004038446101 2
0 0.195 -0.335 0.004563856593 2
0 0.195 -0.325 0.005065387579 2
0 0.195 -0.315 0.005538591129 2
0 0.195 -0.305 0.005984985463 2
0 0.195 -0.295 0.006402540396 2
0 0.195 -0.285 0.006779029218 2
0 0.195 -0.275 0.007113998748 2
0 0.195 -0.265 0.007400877749 2
0 0.195 -0.255 0.007635625673 2
0 0.195 -0.245 0.007815502372 2
0 0.195 -0.235 0.007938365781 2
0 0.195 -0.225 0.008002933661 2
0 0.195 -0.215 0.008008589637 2
0 0.195 -0.205 0.007955845175 2
0 0.195 -0.195 0.007845775924 2
0 0.195 -0.185 0.007682250799 2
0 0.195 -0.175 0.007467327065 2
0 0.195 -0.165 0.007212024283 2
0 0.195 -0.155 0.006941364148 2
0 0.195 -0.145 0.006662402273 1
0 0.195 -0.135 0.006408845161 1
0 0.195 -0.125 0.006146985645 1
0 0.195 -0.115 0.00585607897 1
0 0.195 -0.105 0.005543097138 1
0 0.195 -0.095 0.005209022935 1
0 0.195 -0.085 0.004856281453 1
0 0.195 -0.075 0.004486224093 1
0 0.195 -0.065 0.004099806265 1
0 0.195 -0.055 0.003693351512 1
0 0.195 -0.045 0.003286020099 1
0 0.195 -0.035 0.002834887315 1
0 0.195 -0.025 0.00229468557 2
0 0.195 -0.015 0.001668755486 2
0 0.195 -0.005 0.0009708711274 2
0 0.195 0.005 0.0002891533319 2
0 0.195 0.015 -0.0003915712727 2
0 0.195 0.025 -0.001059804118 2
0 0.195 0.035 -0.001714245947 2
0 0.195 0.045 -0.002351581812 2
0 0.195 0.055 -0.002969625324 2
0 0.195 0.065 -0.003566158174 2
0 0.195 0.075 -0.004139158261 2
0 0.195 0.085 -0.004686639034 2
0 0.195 0.095 -0.005206619807 2
0 0.195 0.105 -0.005697071276 2
0 0.195 0.115 -0.006155887527 2
0 0.195 0.125 -0.006580869631 2
0 0.195 0.135 -0.006969723914 2
0 0.195 0.145 -0.007320071833 2
0 0.195 0.155 -0.007629470908 2
0 0.195 0.165 -0.00789544595 2
0 0.195 0.175 -0.008115529571 2
0 0.195 0.185 -0.008287309655 2
0 0.195 0.195 -0.008408479928 2
0 0.195 0.205 -0.008476888686 2
0 0.195 0.215 -0.008490581179 2
0 0.195 0.225 -0.008447831469 2
0 0.195 0.235 -0.008347163787 2
0 0.195 0.245 -0.008187355619 2
0 0.195 0.255 -0.007967444119 2
0 0.195 0.265 -0.007686668467 2
0 0.195 0.275 -0.007344578093 2
0 0.195 0.285 -0.0069405967 2
0 0.195 0.295 -0.006475408448 2
0 0.195 0.305 -0.005946592426 2
0 0.195 0.315 -0.005363466877 2
0 0.195 0.325 -0.00469943887 2
0 0.195 0.335 -0.004052673866 2
0 0.195 0.345 -0.003442011587 1
0 0.195 0.355 -0.002920007397 1
0 0.195 0.365 -0.002417947523 1
0 0.195 0.375 -0.001894699243 1
0 0.195 0.385 -0.001318134672 1
0 0.195 0.395 -0.0008354806513 1
0 0.195 0.405 0 1
0 0.195 0.415 0 2
0 0.195 0.425 0 2
0 0.195 0.435 0 2
0 0.195 0.445 0 2
0 0.195 0.455 0 2
0 0.195 0.465 0 2
0 0.205 -0.455 0 2
0 0.205 -0.445 0 2
0 0.205 -0.435 0 2
0 0.205 -0.425 0 2
0 0.205 -0.415 0 2
0 0.205 -0.405 0 2
0 0.205 -0.395 0.0009457673922 2
0 0.205 -0.385 0.001571771644 2
0 0.205 -0.375 0.002282590472 2
0 0.205 -0.365 0.002941191328 2
0 0.205 -0.355 0.003582492726 2
0 0.205 -0.345 0.00419083142 2
0 0.205 -0.335 0.004765945117 2
0 0.205 -0.325 0.005303798268 2
0 0.205 -0.315 0.005804193881 2
0 0.205 -0.305 0.006266353601 2
0 0.205 -0.295 0.006689967858 2
0 0.205 -0.285 0.007073633684 2
0 0.205 -0.275 0.00741319559 2
0 0.205 -0.265 0.007703963446 2
0 0.205 -0.255 0.007942399798 2
0 0.205 -0.245 0.008125554032 2
0 0.205 -0.235 0.008251253706 2
0 0.205 -0.225 0.00831815274 2
0 0.205 -0.215 0.008325722649 2
0 0.205 -0.205 0.008274523145 2
0 0.205 -0.195 0.008165990002 2
0 0.205 -0.185 0.008002691747 2
0 0.205 -0.175 0.007788674035 2
0 0.205 -0.165 0.007517203631 2
0 0.205 -0.155 0.007214458002 2
0 0.205 -0.145 0.006905052568 1
0 0.205 -0.135 0.006626121818 1
0 0.205 -0.125 0.006343925785 1
0 0.205 -0.115 0.00603904822 1
0 0.205 -0.105 0.005710654213 1
0 0.205 -0.095 0.0053593513 1
0 0.205 -0.085 0.004989031372 1
0 0.205 -0.075 0.004601790786 1
0 0.205 -0.065 0.004199367835 1
0 0.205 -0.055 0.003777342918 1
0 0.205 -0.045 0.003360187586 1
0 0.205 -0.035 0.002894879181 1
0 0.205 -0.025 0.002339875033 2
0 0.205 -0.015 0.001701488331 2
0 0.205 -0.005 0.0009826197523 2
0 0.205 0.005 0.0002793253656 2
0 0.205 0.015 -0.0004239788376 2
0 0.205 0.025 -0.00111439018 2
0 0.205 0.035 -0.00179077816 2
0 0.205 0.045 -0.002449643483 2
0 0.205 0.055 -0.003088732652 2
0 0.205 0.065 -0.003705769971 2
0 0.205 0.075 -0.004298710154 2
0 0.205 0.085 -0.004865549686 2
0 0.205 0.095 -0.005404279263 2
0 0.205 0.105 -0.005912815453 2
0 0.205 0.115 -0.006388967208 2
0 0.205 0.125 -0.006830418976 2
0 0.205 0.135 -0.007234731337 2
0 0.205 0.145 -0.007599354857 2
0 0.205 0.155 -0.007921657108 2
0 0.205 0.165 -0.0081989633 2
0 0.205 0.175 -0.008428610442 2
0 0.205 0.185 -0.008608012117 2
0 0.205 0.195 -0.008734727395 2
0 0.205 0.205 -0.008806524864 2
0 0.205 0.215 -0.008821433375 2
0 0.205 0.225 -0.00877777372 2
0 0.205 0.235 -0.008674172278 2
0 0.205 0.245 -0.008509553516 2
0 0.205 0.255 -0.008283134373 2
0 0.205 0.265 -0.007994365915 2
0 0.205 0.275 -0.007643013259 2
0 0.205 0.285 -0.00722878167 2
0 0.205 0.295 -0.006752362027 2
0 0.205 0.305 -0.006211870222 2
0 0.205 0.315 -0.00561388723 2
0 0.205 0.325 -0.004935148855 2
0 0.205 0.335 -0.00425134333 2
0 0.205 0.345 -0.003604959504 1
0 0.205 0.355 -0.003049903357 1
0 0.205 0.365 -0.002519454474 1
0 0.205 0.375 -0.001986736197 1
0 0.205 0.385 -0.001394144001 1
0 0.205 0.395 -0.0008832008384 1
0 0.205 0.405 0 1
0 0.205 0.415 0 2
0 0.205 0.425 0 2
0 0.205 0.435 0 2
0 0.205 0.445 0 2
0 0.205 0.455 0 2
0 0.205 0.465 0 2
0 0.215 -0.455 0 2
0 0.215 -0.445 0 2
0 0.215 -0.435 0 2
0 0.215 -0.425 0 2
0 0.215 -0.415 0 2
0 0.215 -0.405 0 2
0 0.215 -0.395 0.0009158903223 2
0 0.215 -0.385 0.001539023767 2
0 0.215 -0.375 0.002267657209 2
0 0.215 -0.365 0.00296246203 2
0 0.215 -0.355 0.003642873006 2
0 0.215 -0.345 0.004289773334 2
0 0.215 -0.335 0.004902307596 2
0 0.215 -0.325 0.005473929237 2
0 0.215 -0.315 0.00600314134 2
0 0.215 -0.305 0.006488665532 2
0 0.215 -0.295 0.006930102922 2
0 0.215 -0.285 0.007326285788 2
0 0.215 -0.275 0.007674751471 2
0 0.215 -0.265 0.007972523946 2
0 0.215 -0.255 0.008216788952 2
0 0.215 -0.245 0.008404999114 2
0 0.215 -0.235 0.008535220245 2
0 0.215 -0.225 0.00860623074 2
0 0.215 -0.215 0.008617676394 2
0 0.215 -0.205 0.008570281515 2
0 0.215 -0.195 0.008465915362 2
0 0.215 -0.185 0.008306970028 2
0 0.215 -0.175 0.008097460331 2
0 0.215 -0.165 0.007834157497 2
0 0.215 -0.155 0.007524553583 2
0 0.215 -0.145 0.007182283325 2
0 0.215 -0.135 0.006832286341 1
0 0.215 -0.125 0.006521360632 1
0 0.215 -0.115 0.006206904267 1
0 0.215 -0.105 0.005867978084 1
0 0.215 -0.095 0.005494094937 1
0 0.215 -0.085 0.005101528717 1
0 0.215 -0.075 0.004700538039 1
0 0.215 -0.065 0.004278628244 1
0 0.215 -0.055 0.003836336455 1
0 0.215 -0.045 0.003401480167 1
0 0.215 -0.035 0.002924615895 1
0 0.215 -0.025 0.002354979267 2
0 0.215 -0.015 0.001695005416 2
0 0.215 -0.005 0.0009609421918 2
0 0.215 0.005 0.0002443401854 2
0 0.215 0.015 -0.0004723869554 2
0 0.215 0.025 -0.001177598236 2
0 0.215 0.035 -0.001869727371 2
0 0.215 0.045 -0.002544906606 2
0 0.215 0.055 -0.003200537105 2
0 0.215 0.065 -0.003834140091 2
0 0.215 0.075 -0.004443557657 2
0 0.215 0.085 -0.005026716646 2
0 0.215 0.095 -0.005581540147 2
0 0.215 0.105 -0.006105857793 2
0 0.215 0.115 -0.00659736552 2
0 0.215 0.125 -0.007053609326 2
0 0.215 0.135 -0.007471988435 2
0 0.215 0.145 -0.007849771398 2
0 0.215 0.155 -0.008184126435 2
0 0.215 0.165 -0.008472169261 2
0 0.215 0.175 -0.008711030894 2
0 0.215 0.185 -0.008897942662 2
0 0.215 0.195 -0.009030328548 2
0 0.215 0.205 -0.009105889635 2
0 0.215 0.215 -0.009122666257 2
0 0.215 0.225 -0.009079069983 2
0 0.215 0.235 -0.008973888704 2
0 0.215 0.245 -0.008806268764 2
0 0.215 0.255 -0.008575699741 2
0 0.215 0.265 -0.008281965565 2
0 0.215 0.275 -0.007925209569 2
0 0.215 0.285 -0.007505687883 2
0 0.215 0.295 -0.007024520659 2
0 0.215 0.305 -0.006481585387 2
0 0.215 0.315 -0.005881940938 2
0 0.215 0.325 -0.005220482975 2
0 0.215 0.335 -0.004519126902 2
0 0.215 0.345 -0.003835908306 2
0 0.215 0.355 -0.003181264799 1
0 0.215 0.365 -0.002624027856 1
0 0.215 0.375 -0.002086308554 1
0 0.215 0.385 -0.001498095128 1
0 0.215 0.395 -0.0009802489266 1
0 0.215 0.405 0 2
0 0.215 0.415 0 2
0 0.215 0.425 0 2
0 0.215 0.435 0 2
0 0.215 0.445 0 2
0 0.215 0.455 0 2
0 0.215 0.465 0 2
0 0.225 -0.455 0 2
0 0.225 -0.445 0 2
0 0.225 -0.435 0 2
0 0.225 -0.425 0 1
0 0.225 -0.415 0 1
0 0.225 -0.405 0 1
0 0.225 -0.395 0.0007899419128 1
0 0.225 -0.385 0.001415973166 2
0 0.225 -0.375 0.002180668688 2
0 0.225 -0.365 0.002926016298 2
0 0.225 -0.355 0.003656514224 2
0 0.225 -0.345 0.004341633765 2
0 0.225 -0.335 0.004990311621 2
0 0.225 -0.325 0.005594761675 2
0 0.225 -0.315 0.006153034677 2
0 0.225 -0.305 0.006663241338 2
0 0.225 -0.295 0.007124530349 2
0 0.225 -0.285 0.007535995123 2
0 0.225 -0.275 0.007896203439 2
0 0.225 -0.265 0.008203278542 2
0 0.225 -0.255 0.008455176785 2
0 0.225 -0.245 0.00864999462 2
0 0.225 -0.235 0.00878616445 2
0 0.225 -0.225 0.008862656891 2
0 0.225 -0.215 0.008879253202 2
0 0.225 -0.205 0.008836841442 2
0 0.225 -0.195 0.008737687497 2
0 0.225 -0.185 0.008584809228 2
0 0.225 -0.175 0.008382285357 2
0 0.225 -0.165 0.008132717617 2
0 0.225 -0.155 0.007835310473 2
0 0.225 -0.145 0.007486707569 2
0 0.225 -0.135 0.007107603755 2
0 0.225 -0.125 0.006721974652 1
0 0.225 -0.115 0.006373978345 1
0 0.225 -0.105 0.006019144212 1
0 0.225 -0.095 0.005624935376 1
0 0.225 -0.085 0.005203072713 1
0 0.225 -0.075 0.0047723627 1
0 0.225 -0.065 0.004318702076 1
0 0.225 -0.055 0.003868255398 1
0 0.225 -0.045 0.003421269574 1
0 0.225 -0.035 0.002923558671 1
0 0.225 -0.025 0.002323985482 2
0 0.225 -0.015 0.001640354569 2
0 0.225 -0.005 0.0009086630747 2
0 0.225 0.005 0.0001892350618 2
0 0.225 0.015 -0.0005319681541 2
0 0.225 0.025 -0.001245293968 2
0 0.225 0.035 -0.001947643588 2
0 0.225 0.045 -0.002634433696 2
0 0.225 0.055 -0.003302459858 2
0 0.225 0.065 -0.003948945363 2
0 0.225 0.075 -0.004571577201 2
0 0.225 0.085 -0.005168187071 2
0 0.225 0.095 -0.005736601095 2
0 0.225 0.105 -0.006274528548 2
0 0.225 0.115 -0.006779521485 2
0 0.225 0.125 -0.007248964869 2
0 0.225 0.135 -0.007680083607 2
0 0.225 0.145 -0.008069957541 2
0 0.225 0.155 -0.008415549464 2
0 0.225 0.165 -0.00871375508 2
0 0.225 0.175 -0.008961483335 2
0 0.225 0.185 -0.009155766117 2
0 0.225 0.195 -0.00929388286 2
0 0.225 0.205 -0.00937347418 2
0 0.225 0.215 -0.009392619386 2
0 0.225 0.225 -0.009349866773 2
0 0.225 0.235 -0.009244224259 2
0 0.225 0.245 -0.009075125676 2
0 0.225 0.255 -0.008842403355 2
0 0.225 0.265 -0.00854625106 2
0 0.225 0.275 -0.008187279 2
0 0.225 0.285 -0.00776639893 2
0 0.225 0.295 -0.00728527078 2
0 0.225 0.305 -0.006745420607 2
0 0.225 0.315 -0.006150130129 2
0 0.225 0.325 -0.005503624203 2
0 0.225 0.335 -0.004791497792 2
0 0.225 0.345 -0.004077948025 2
0 0.225 0.355 -0.003386020849 1
0 0.225 0.365 -0.002779669998 1
0 0.225 0.375 -0.002198675273 1
0 0.225 0.385 -0.001581489041 1
0 0.225 0.395 -0.001025791206 1
0 0.225 0.405 0 2
0 0.225 0.415 0 2
0 0.225 0.425 0 2
0 0.225 0.435 0 2
0 0.225 0.445 0 2
0 0.225 0.455 0 2
0 0.225 0.465 0 2
0 0.235 -0.455 0 2
0 0.235 -0.445 0 2
0 0.235 -0.435 0 1
0 0.235 -0.425 0 1
0 0.235 -0.415 0 1
0 0.235 -0.405 0 1
0 0.235 -0.395 0.0007642502651 1
0 0.235 -0.385 0.001305604509 1
0 0.235 -0.375 0.002061982082 2
0 0.235 -0.365 0.002840899282 2
0 0.235 -0.355 0.003628633689 2
0 0.235 -0.345 0.004354088867 2
0 0.235 -0.335 0.005038325075 2
0 0.235 -0.325 0.00567474984 2
0 0.235 -0.315 0.006260898323 2
0 0.235 -0.305 0.006795173996 2
0 0.235 -0.295 0.007276458972 2
0 0.235 -0.285 0.007704052792 2
0 0.235 -0.275 0.008077058917 2
0 0.235 -0.265 0.008394396379 2
0 0.235 -0.255 0.008654827181 2
0 0.235 -0.245 0.008857092835 2
0 0.235 -0.235 0.009000021064 2
0 0.235 -0.225 0.009082748051 2
0 0.235 -0.215 0.009105038747 2
0 0.235 -0.205 0.009067802404 2
0 0.235 -0.195 0.00897359224 2
0 0.235 -0.185 0.008826297345 2
0 0.235 -0.175 0.008630762904 2
0 0.235 -0.165 0.00839165912 2
0 0.235 -0.155 0.008110849336 2
0 0.235 -0.145 0.007786607604 2
0 0.235 -0.135 0.007428869703 2
0 0.235 -0.125 0.007040589593 2
0 0.235 -0.115 0.006618347258 2
0 0.235 -0.105 0.006203043521 2
0 0.235 -0.095 0.005784798345 1
0 0.235 -0.085 0.005338834353 2
0 0.235 -0.075 0.004836491097 2
0 0.235 -0.065 0.004323057472 1
0 0.235 -0.055 0.00388139511 1
0 0.235 -0.045 0.003425039573 1
0 0.235 -0.035 0.002855206633 2
0 0.235 -0.025 0.002214503231 2
0 0.235 -0.015 0.001535959125 2
0 0.235 -0.005 0.000836603124 2
0 0.235 0.005 0.000125299867 2
0 0.235 0.015 -0.0005937679419 2
0 0.235 0.025 -0.001310622517 2
0 0.235 0.035 -0.002019264836 2
0 0.235 0.045 -0.002714042501 2
0 0.235 0.055 -0.003391055841 2
0 0.235 0.065 -0.004047272881 2
0 0.235 0.075 -0.004680278057 2
0 0.235 0.085 -0.005287828329 2
0 0.235 0.095 -0.005867636601 2
0 0.235 0.105 -0.006417255132 2
0 0.235 0.115 -0.006934056619 2
0 0.235 0.125 -0.007415243655 2
0 0.235 0.135 -0.007857862014 2
0 0.235 0.145 -0.008258807867 2
0 0.235 0.155 -0.008614842924 2
0 0.235 0.165 -0.00892263653 2
0 0.235 0.175 -0.009178854938 2
0 0.235 0.185 -0.009380302184 2
0 0.235 0.195 -0.009524092198 2
0 0.235 0.205 -0.00960780683 2
0 0.235 0.215 -0.009629593886 2
0 0.235 0.225 -0.009588188971 2
0 0.235 0.235 -0.009482877631 2
0 0.235 0.245 -0.009313432744 2
0 0.235 0.255 -0.009080066949 2
0 0.235 0.265 -0.008783404462 2
0 0.235 0.275 -0.008424532124 2
0 0.235 0.285 -0.008005008903 2
0 0.235 0.295 -0.007527108062 2
0 0.235 0.305 -0.00699391737 2
0 0.235 0.315 -0.006408837279 2
0 0.235 0.325 -0.005781411476 2
0 0.235 0.335 -0.005101530363 2
0 0.235 0.345 -0.00441536494 2
0 0.235 0.355 -0.003730289739 2
0 0.235 0.365 -0.003039667826 2
0 0.235 0.375 -0.002368271843 2
0 0.235 0.385 -0.001657757621 2
0 0.235 0.395 -0.001022091148 2
0 0.235 0.405 0 2
0 0.235 0.415 0 2
0 0.235 0.425 0 2
0 0.235 0.435 0 2
0 0.235 0.445 0 2
0 0.235 0.455 0 2
0 0.235 0.465 0 2
0 0.245 -0.455 0 2
0 0.245 -0.445 0 2
0 0.245 -0.435 0 1
0 0.245 -0.425 0 1
0 0.245 -0.415 0 1
0 0.245 -0.405 0 1
0 0.245 -0.395 0.0007501605908 1
0 0.245 -0.385 0.001266396004 1
0 0.245 -0.375 0.001999789814 2
0 0.245 -0.365 0.002768949726 2
0 0.245 -0.355 0.003576836412 2
0 0.245 -0.345 0.00434130907 2
0 0.245 -0.335 0.005057076897 2
0 0.245 -0.325 0.005723103477 2
0 0.245 -0.315 0.006334585246 2
0 0.245 -0.305 0.006890730094 2
0 0.245 -0.295 0.007390292657 2
0 0.245 -0.285 0.007832849162 2
0 0.245 -0.275 0.008217927208 2
0 0.245 -0.265 0.008545083885 2
0 0.245 -0.255 0.008813767553 2
0 0.245 -0.245 0.009023413402 2
0 0.245 -0.235 0.00917326404 2
0 0.245 -0.225 0.009262507504 2
0 0.245 -0.215 0.009290542483 2
0 0.245 -0.205 0.009257878451 2
0 0.245 -0.195 0.009167086258 2
0 0.245 -0.185 0.009022786691 2
0 0.245 -0.175 0.008830992117 2
0 0.245 -0.165 0.008597400858 2
0 0.245 -0.155 0.008326200024 2
0 0.245 -0.145 0.008017117549 2
0 0.245 -0.135 0.007671796752 2
0 0.245 -0.125 0.007286449347 2
0 0.245 -0.115 0.006858674454 2
0 0.245 -0.105 0.006422555578 2
0 0.245 -0.095 0.00596399051 2
0 0.245 -0.085 0.005473050992 2
0 0.245 -0.075 0.00497723873 2
0 0.245 -0.065 0.004453614031 2
0 0.245 -0.055 0.00391478468 2
0 0.245 -0.045 0.00334672251 2
0 0.245 -0.035 0.002742622329 2
0 0.245 -0.025 0.00211621356 2
0 0.245 -0.015 0.001459398921 2
0 0.245 -0.005 0.0007780659202 2
0 0.245 0.005 7.262540279e-05 2
0 0.245 0.015 -0.0006452893847 2
0 0.245 0.025 -0.001364978485 2
0 0.245 0.035 -0.002078247388 2
0 0.245 0.045 -0.002778753988 2
0 0.245 0.055 -0.003462267288 2
0 0.245 0.065 -0.004125775861 2
0 0.245 0.075 -0.004766930534 2
0 0.245 0.085 -0.005383460579 2
0 0.245 0.095 -0.005972939698 2
0 0.245 0.105 -0.006532708489 2
0 0.245 0.115 -0.00705991485 2
0 0.245 0.125 -0.007551561898 2
0 0.245 0.135 -0.008004528403 2
0 0.245 0.145 -0.008415554941 2
0 0.245 0.155 -0.008781228333 2
0 0.245 0.165 -0.009097997534 2
0 0.245 0.175 -0.009362262829 2
0 0.245 0.185 -0.009570556486 2
0 0.245 0.195 -0.009719789326 2
0 0.245 0.205 -0.009807481102 2
0 0.245 0.215 -0.00983188622 2
0 0.245 0.225 -0.009791991806 2
0 0.245 0.235 -0.009687423474 2
0 0.245 0.245 -0.009518330837 2
0 0.245 0.255 -0.009285306452 2
0 0.245 0.265 -0.008989358315 2
0 0.245 0.275 -0.008631955236 2
0 0.245 0.285 -0.008215108744 2
0 0.245 0.295 -0.00774147245 2
0 0.245 0.305 -0.007214773556 2
0 0.245 0.315 -0.006638681813 2
0 0.245 0.325 -0.00602082378 2
0 0.245 0.335 -0.005363482481 2
0 0.245 0.345 -0.004682648412 2
0 0.245 0.355 -0.003980642646 2
0 0.245 0.365 -0.003254149358 2
0 0.245 0.375 -0.002526335817 2
0 0.245 0.385 -0.001747880732 2
0 0.245 0.395 -0.001062233842 2
0 0.245 0.405 0 2
0 0.245 0.415 0 2
0 0.245 0.425 0 2
0 0.245 0.435 0 2
0 0.245 0.445 0 2
0 0.245 0.455 0 2
0 0.245 0.465 0 2
0 0.255 -0.455 0 2
0 0.255 -0.445 0 2
0 0.255 -0.435 0 1
0 0.255 -0.425 0 1
0 0.255 -0.415 0 1
0 0.255 -0.405 0 1
0 0.255 -0.395 0.0007696731591 1
0 0.255 -0.385 0.001280760672 1
0 0.255 -0.375 0.001925967737 1
0 0.255 -0.365 0.00267477484 2
0 0.255 -0.355 0.003495289891 2
0 0.255 -0.345 0.004311668112 2
0 0.255 -0.335 0.005056071456 2
0 0.255 -0.325 0.005748191472 2
0 0.255 -0.315 0.006381040684 2
0 0.255 -0.305 0.006955423566 2
0 0.255 -0.295 0.007470125659 2
0 0.255 -0.285 0.007925053143 2
0 0.255 -0.275 0.008320072789 2
0 0.255 -0.265 0.008655238236 2
0 0.255 -0.255 0.008930556924 2
0 0.255 -0.245 0.009146190461 2
0 0.255 -0.235 0.009301787371 2
0 0.255 -0.225 0.009396553387 2
0 0.255 -0.215 0.009429511184 2
0 0.255 -0.205 0.009400707624 2
0 0.255 -0.195 0.009312392343 2
0 0.255 -0.185 0.009169280972 2
0 0.255 -0.175 0.008977809965 2
0 0.255 -0.165 0.008744351487 2
0 0.255 -0.155 0.008473802095 2
0 0.255 -0.145 0.008167155378 2
0 0.255 -0.135 0.007820400468 2
0 0.255 -0.125 0.007433204223 2
0 0.255 -0.115 0.007013096699 2
0 0.255 -0.105 0.006571462773 2
0 0.255 -0.095 0.006095488366 2
0 0.255 -0.085 0.005597261324 2
0 0.255 -0.075 0.005098005572 2
0 0.255 -0.065 0.004562261895 2
0 0.255 -0.055 0.003972401997 2
0 0.255 -0.045 0.003356406248 2
0 0.255 -0.035 0.002736071156 2
0 0.255 -0.025 0.002102191632 2
0 0.255 -0.015 0.001443232549 2
0 0.255 -0.005 0.0007562210309 2
0 0.255 0.005 4.667434455e-05 2
0 0.255 0.015 -0.0006754637714 2
0 0.255 0.025 -0.00139995076 2
0 0.255 0.035 -0.002117943436 2
0 0.255 0.045 -0.002823180666 2
0 0.255 0.055 -0.003511696376 2
0 0.255 0.065 -0.004180905091 2
0 0.255 0.075 -0.004828783427 2
0 0.255 0.085 -0.005453074938 2
0 0.255 0.095 -0.006051145117 2
0 0.255 0.105 -0.006620023217 2
0 0.255 0.115 -0.00715656805 2
0 0.255 0.125 -0.007657578245 2
0 0.255 0.135 -0.008119806957 2
0 0.255 0.145 -0.008539901534 2
0 0.255 0.155 -0.008914333943 2
0 0.255 0.165 -0.009239361838 2
0 0.255 0.175 -0.009511098215 2
0 0.255 0.185 -0.009725740113 2
0 0.255 0.195 -0.009879936502 2
0 0.255 0.205 -0.009971142385 2
0 0.255 0.215 -0.009997779931 2
0 0.255 0.225 -0.00995918074 2
0 0.255 0.235 -0.009855385156 2
0 0.255 0.245 -0.009686945071 2
0 0.255 0.255 -0.009454797548 2
0 0.255 0.265 -0.009160236502 2
0 0.255 0.275 -0.008804959044 2
0 0.255 0.285 -0.008391177681 2
0 0.255 0.295 -0.007921666003 2
0 0.255 0.305 -0.007400120295 2
0 0.255 0.315 -0.006830469957 2
0 0.255 0.325 -0.006218379954 2
0 0.255 0.335 -0.005569820001 2
0 0.255 0.345 -0.004886412769 2
0 0.255 0.355 -0.004170448613 2
0 0.255 0.365 -0.003419447352 2
0 0.255 0.375 -0.002654531348 2
0 0.255 0.385 -0.001827930552 2
0 0.255 0.395 -0.001103530228 2
0 0.255 0.405 0 2
0 0.255 0.415 0 2
0 0.255 0.425 0 2
0 0.255 0.435 0 2
0 0.255 0.445 0 2
0 0.255 0.455 0 2
0 0.255 0.465 0 2
0 0.265 -0.455 0 2
0 0.265 -0.445 0 2
0 0.265 -0.435 0 1
0 0.265 -0.425 0 1
0 0.265 -0.415 0 1
0 0.265 -0.405 0 1
0 0.265 -0.395 0.0007751028672 1
0 0.265 -0.385 0.001274385499 1
0 0.265 -0.375 0.001907241671 1
0 0.265 -0.365 0.002639570718 2
0 0.265 -0.355 0.003448035656 2
0 0.265 -0.345 0.004287895297 2
0 0.265 -0.335 0.005048891194 2
0 0.265 -0.325 0.005758947224 2
0 0.265 -0.315 0.006406984714 2
0 0.265 -0.305 0.006994487675 2
0 0.265 -0.295 0.007519974392 2
0 0.265 -0.285 0.007983529055 2
0 0.265 -0.275 0.008385219763 2
0 0.265 -0.265 0.008725426073 2
0 0.265 -0.255 0.009004623299 2
0 0.265 -0.245 0.009223560155 2
0 0.265 -0.235 0.009382335777 2
0 0.265 -0.225 0.009483415092 2
0 0.265 -0.215 0.009522278151 2
0 0.265 -0.205 0.009496303526 2
0 0.265 -0.195 0.009409134887 2
0 0.265 -0.185 0.009265030409 2
0 0.265 -0.175 0.009069145975 2
0 0.265 -0.165 0.008831139116 2
0 0.265 -0.155 0.008555575522 2
0 0.265 -0.145 0.008239664849 2
0 0.265 -0.135 0.007883124598 2
0 0.265 -0.125 0.007487160256 2
0 0.265 -0.115 0.00704628575 2
0 0.265 -0.105 0.006584889905 2
0 0.265 -0.095 0.006116913817 2
0 0.265 -0.085 0.005645899819 2
0 0.265 -0.075 0.005167840114 2
0 0.265 -0.065 0.004656813469 2
0 0.265 -0.055 0.004087905125 2
0 0.265 -0.045 0.003470539526 2
0 0.265 -0.035 0.002827981375 2
0 0.265 -0.025 0.002161328154 2
0 0.265 -0.015 0.001479113844 2
0 0.265 -0.005 0.0007746084922 2
0 0.265 0.005 5.25321346e-05 2
0 0.265 0.015 -0.0006786270412 2
0 0.265 0.025 -0.001409813514 2
0 0.265 0.035 -0.002132628167 2
0 0.265 0.045 -0.00284184579 2
0 0.265 0.055 -0.003534608195 2
0 0.265 0.065 -0.004208964269 2
0 0.265 0.075 -0.004863242659 2
0 0.265 0.085 -0.005495107705 2
0 0.265 0.095 -0.006101542896 2
0 0.265 0.105 -0.006679104996 2
0 0.265 0.115 -0.007224293171 2
0 0.265 0.125 -0.007733728388 2
0 0.265 0.135 -0.008204122302 2
0 0.265 0.145 -0.008632137994 2
0 0.265 0.155 -0.009014252141 2
0 0.265 0.165 -0.00934661355 2
0 0.265 0.175 -0.009625041361 2
0 0.265 0.185 -0.009845294759 2
0 0.265 0.195 -0.01000365271 2
0 0.265 0.205 -0.01009750295 2
0 0.265 0.215 -0.01012554758 2
0 0.265 0.225 -0.01008762129 2
0 0.265 0.235 -0.009984282888 2
0 0.265 0.245 -0.009816499424 2
0 0.265 0.255 -0.009585475103 2
0 0.265 0.265 -0.00929264622 2
0 0.265 0.275 -0.00893974996 2
0 0.265 0.285 -0.008528942526 2
0 0.265 0.295 -0.0080628371 2
0 0.265 0.305 -0.007544645511 2
0 0.265 0.315 -0.006977946786 2
0 0.265 0.325 -0.006366597289 2
0 0.265 0.335 -0.005714191514 2
0 0.265 0.345 -0.005021934782 2
0 0.265 0.355 -0.004292659592 2
0 0.265 0.365 -0.00352329767 2
0 0.265 0.375 -0.002735975114 2
0 0.265 0.385 -0.001883147097 2
0 0.265 0.395 -0.001135039971 2
0 0.265 0.405 0 2
0 0.265 0.415 0 2
0 0.265 0.425 0 2
0 0.265 0.435 0 2
0 0.265 0.445 0 2
0 0.265 0.455 0 2
0 0.265 0.465 0 2
0 0.275 -0.455 0 2
0 0.275 -0.445 0 2
0 0.275 -0.435 0 1
0 0.275 -0.425 0 1
0 0.275 -0.415 0 1
0 0.275 -0.405 0 1
0 0.275 -0.395 0.0007753616021 1
0 0.275 -0.385 0.001269187265 1
0 0.275 -0.375 0.001898058848 1
0 0.275 -0.365 0.002623975972 2
0 0.275 -0.355 0.003425062875 2
0 0.275 -0.345 0.004272703683 2
0 0.275 -0.335 0.00504132412 2
0 0.275 -0.325 0.005761077536 2
0 0.275 -0.315 0.00641748976 2
0 0.275 -0.305 0.007012217194 2
0 0.275 -0.295 0.00754338885 2
0 0.275 -0.285 0.008011095693 2
0 0.275 -0.275 0.008415435845 2
0 0.275 -0.265 0.008756881966 2
0 0.275 -0.255 0.009036198687 2
0 0.275 -0.245 0.009254076101 2
0 0.275 -0.235 0.009410464867 2
0 0.275 -0.225 0.009510118257 2
0 0.275 -0.215 0.009547087208 2
0 0.275 -0.205 0.009519932339 2
0 0.275 -0.195 0.009437246347 2
0 0.275 -0.185 0.009306267837 2
0 0.275 -0.175 0.009117266645 2
0 0.275 -0.165 0.00887327033 2
0 0.275 -0.155 0.008581407943 2
0 0.275 -0.145 0.008243711026 2
0 0.275 -0.135 0.007860230109 2
0 0.275 -0.125 0.00743741657 2
0 0.275 -0.115 0.006965626745 2
0 0.275 -0.105 0.00648674106 2
0 0.275 -0.095 0.006028755829 1
0 0.275 -0.085 0.005608360438 1
0 0.275 -0.075 0.00517880835 1
0 0.275 -0.065 0.004727580238 1
0 0.275 -0.055 0.004239879455 1
0 0.275 -0.045 0.003639457467 2
0 0.275 -0.035 0.002968776088 2
0 0.275 -0.025 0.002263999017 2
0 0.275 -0.015 0.001545901865 2
0 0.275 -0.005 0.000823220285 2
0 0.275 0.005 9.011927797e-05 2
0 0.275 0.015 -0.0006481557146 2
0 0.275 0.025 -0.001385734305 2
0 0.275 0.035 -0.002114430216 2
0 0.275 0.045 -0.002828772675 2
0 0.275 0.055 -0.003526538081 2
0 0.275 0.065 -0.00420667876 2
0 0.275 0.075 -0.004868340591 2
0 0.275 0.085 -0.005508928231 2
0 0.275 0.095 -0.006124532192 2
0 0.275 0.105 -0.006711011687 2
0 0.275 0.115 -0.007264484034 2
0 0.275 0.125 -0.00778151107 2
0 0.275 0.135 -0.008258919822 2
0 0.275 0.145 -0.008693517198 2
0 0.275 0.155 -0.009081911625 2
0 0.275 0.165 -0.009420258741 2
0 0.275 0.175 -0.009704122909 2
0 0.275 0.185 -0.009928734284 2
0 0.275 0.195 -0.01008989632 2
0 0.275 0.205 -0.01018498238 2
0 0.275 0.215 -0.0102131615 2
0 0.275 0.225 -0.01017498031 2
0 0.275 0.235 -0.01007160421 2
0 0.275 0.245 -0.009904386247 2
0 0.275 0.255 -0.009674676025 2
0 0.275 0.265 -0.009383878789 2
0 0.275 0.275 -0.009033584157 2
0 0.275 0.285 -0.008625699026 2
0 0.275 0.295 -0.008162496567 2
0 0.275 0.305 -0.007646625191 2
0 0.275 0.315 -0.007081003662 2
0 0.275 0.325 -0.006468395521 2
0 0.275 0.335 -0.005811367845 2
0 0.275 0.345 -0.005111117848 2
0 0.275 0.355 -0.004371366015 2
0 0.275 0.365 -0.003589387703 2
0 0.275 0.375 -0.002787787601 2
0 0.275 0.385 -0.001918455084 2
0 0.275 0.395 -0.00115560114 2
0 0.275 0.405 0 2
0 0.275 0.415 0 2
0 0.275 0.425 0 2
0 0.275 0.435 0 2
0 0.275 0.445 0 2
0 0.275 0.455 0 2
0 0.275 0.465 0 2
0 0.285 -0.455 0 2
0 0.285 -0.445 0 2
0 0.285 -0.435 0 1
0 0.285 -0.425 0 1
0 0.285 -0.415 0 1
0 0.285 -0.405 0 1
0 0.285 -0.395 0.0007750568191 1
0 0.285 -0.385 0.001268480927 1
0 0.285 -0.375 0.001896924477 1
0 0.285 -0.365 0.002621803883 2
0 0.285 -0.355 0.003421260257 2
0 0.285 -0.345 0.00426756801 2
0 0.285 -0.335 0.005036826255 2
0 0.285 -0.325 0.005758315766 2
0 0.285 -0.315 0.006416158916 2
0 0.285 -0.305 0.007011908034 2
0 0.285 -0.295 0.007543369802 2
0 0.285 -0.285 0.008010481306 2
0 0.285 -0.275 0.008413193282 2
0 0.285 -0.265 0.008751841821 2
0 0.285 -0.255 0.009027301306 2
0 0.285 -0.245 0.009239681666 2
0 0.285 -0.235 0.00939086164 2
0 0.285 -0.225 0.00947681981 2
0 0.285 -0.215 0.009493662375 2
0 0.285 -0.205 0.00944684142 1
0 0.285 -0.195 0.009369556306 1
0 0.285 -0.185 0.009262091692 1
0 0.285 -0.175 0.009107500465 1
0 0.285 -0.165 0.008878169232 2
0 0.285 -0.155 0.008565392272 2
0 0.285 -0.145 0.008190317985 2
0 0.285 -0.135 0.007760716015 2
0 0.285 -0.125 0.007300977312 2
0 0.285 -0.115 0.006840002108 1
0 0.285 -0.105 0.006436135714 1
0 0.285 -0.095 0.006024428173 1
0 0.285 -0.085 0.005588205617 1
0 0.285 -0.075 0.005144282827 1
0 0.285 -0.065 0.004685088384 1
0 0.285 -0.055 0.004215499501 1
0 0.285 -0.045 0.003695529963 1
0 0.285 -0.035 0.003067764305 2
0 0.285 -0.025 0.002354793732 2
0 0.285 -0.015 0.001607305427 2
0 0.285 -0.005 0.0008838868192 2
0 0.285 0.005 0.0001543381053 2
0 0.285 0.015 -0.0005848268488 2
0 0.285 0.025 -0.001323530928 2
0 0.285 0.035 -0.002053261132 2
0 0.285 0.045 -0.002775450959 2
0 0.285 0.055 -0.003481438297 2
0 0.285 0.065 -0.004170658705 2
0 0.285 0.075 -0.004843203858 2
0 0.285 0.085 -0.005495570306 2
0 0.285 0.095 -0.006122220916 2
0 0.285 0.105 -0.006718403983 2
0 0.285 0.115 -0.007280025222 2
0 0.285 0.125 -0.007803866369 2
0 0.285 0.135 -0.008286967345 2
0 0.285 0.145 -0.008726240657 2
0 0.285 0.155 -0.00911869061 2
0 0.285 0.165 -0.009460947813 2
0 0.285 0.175 -0.009748577386 2
0 0.285 0.185 -0.009975969231 2
0 0.285 0.195 -0.01013798207 2
0 0.285 0.205 -0.01023208926 2
0 0.285 0.215 -0.01025839775 2
0 0.285 0.225 -0.01021867159 2
0 0.285 0.235 -0.01011476137 2
0 0.285 0.245 -0.009948212784 2
0 0.285 0.255 -0.009720229606 2
0 0.285 0.265 -0.009431985427 2
0 0.285 0.275 -0.009084757398 2
0 0.285 0.285 -0.008680081066 2
0 0.285 0.295 -0.008219808801 2
0 0.285 0.305 -0.007706065211 2
0 0.285 0.315 -0.007141162559 2
0 0.285 0.325 -0.006527315048 2
0 0.285 0.335 -0.005866849558 2
0 0.285 0.345 -0.005161212597 2
0 0.285 0.355 -0.004414772588 2
0 0.285 0.365 -0.003625256804 2
0 0.285 0.375 -0.002815652678 2
0 0.285 0.385 -0.001937432364 2
0 0.285 0.395 -0.00116680256 2
0 0.285 0.405 0 2
0 0.285 0.415 0 2
0 0.285 0.425 0 2
0 0.285 0.435 0 2
0 0.285 0.445 0 2
0 0.285 0.455 0 2
0 0.285 0.465 0 2
0 0.295 -0.455 0 2
0 0.295 -0.445 0 2
0 0.295 -0.435 0 1
0 0.295 -0.425 0 1
0 0.295 -0.415 0 1
0 0.295 -0.405 0 1
0 0.295 -0.395 0.0007783013414 1
0 0.295 -0.385 0.001273827086 1
0 0.295 -0.375 0.001904259747 1
0 0.295 -0.365 0.002629897156 2
0 0.295 -0.355 0.00342840999 2
0 0.295 -0.345 0.004271731776 2
0 0.295 -0.335 0.00503632598 2
0 0.295 -0.325 0.005752349828 2
0 0.295 -0.315 0.006404970678 2
0 0.295 -0.305 0.006995693496 2
0 0.295 -0.295 0.007522210943 2
0 0.295 -0.285 0.007984179917 2
0 0.295 -0.275 0.00838124377 2
0 0.295 -0.265 0.008713405124 2
0 0.295 -0.255 0.00898132862 2
0 0.295 -0.245 0.009184622518 2
0 0.295 -0.235 0.009327670787 2
0 0.295 -0.225 0.00939927409 2
0 0.295 -0.215 0.009402091582 2
0 0.295 -0.205 0.009347195077 1
0 0.295 -0.195 0.009263931999 1
0 0.295 -0.185 0.009147219395 1
0 0.295 -0.175 0.008991299366 1
0 0.295 -0.165 0.00878576906 1
0 0.295 -0.155 0.008490723617 2
0 0.295 -0.145 0.008094598378 2
0 0.295 -0.135 0.007644485958 2
0 0.295 -0.125 0.007200174248 1
0 0.295 -0.115 0.006810190061 1
0 0.295 -0.105 0.006412183633 1
0 0.295 -0.095 0.005987943355 1
0 0.295 -0.085 0.005536937889 1
0 0.295 -0.075 0.005071954783 1
0 0.295 -0.065 0.004591251 1
0 0.295 -0.055 0.004111299979 1
0 0.295 -0.045 0.003597391582 1
0 0.295 -0.035 0.002997220779 2
0 0.295 -0.025 0.002323431894 2
0 0.295 -0.015 0.001611970083 2
0 0.295 -0.005 0.0009238176262 2
0 0.295 0.005 0.000239369458 2
0 0.295 0.015 -0.0004640937247 2
0 0.295 0.025 -0.001189442892 2
0 0.295 0.035 -0.001934053151 2
0 0.295 0.045 -0.00267976073 2
0 0.295 0.055 -0.003395279546 2
0 0.295 0.065 -0.00410011012 2
0 0.295 0.075 -0.004789953791 2
0 0.295 0.085 -0.005458884467 2
0 0.295 0.095 -0.006099049584 2
0 0.295 0.105 -0.006705870573 2
0 0.295 0.115 -0.007275384443 2
0 0.295 0.125 -0.007805053338 2
0 0.295 0.135 -0.008292600212 2
0 0.295 0.145 -0.008735033965 2
0 0.295 0.155 -0.009129286536 2
0 0.295 0.165 -0.0094719823 2
0 0.295 0.175 -0.009758881243 2
0 0.295 0.185 -0.009984595667 2
0 0.295 0.195 -0.01014383524 2
0 0.295 0.205 -0.0102345071 2
0 0.295 0.215 -0.01025748677 2
0 0.295 0.225 -0.01021554633 2
0 0.295 0.235 -0.01011117162 2
0 0.295 0.245 -0.009945914074 2
0 0.295 0.255 -0.009720573961 2
0 0.295 0.265 -0.0094358346 2
0 0.295 0.275 -0.009092556801 2
0 0.295 0.285 -0.008691864714 2
0 0.295 0.295 -0.008235212121 2
0 0.295 0.305 -0.007724318047 2
0 0.295 0.315 -0.007161123065 2
0 0.295 0.325 -0.006547592892 2
0 0.295 0.335 -0.005886060518 2
0 0.295 0.345 -0.005178286701 2
0 0.295 0.355 -0.004429141124 2
0 0.295 0.365 -0.003636731357 2
0 0.295 0.375 -0.00282430625 2
0 0.295 0.385 -0.001943220989 2
0 0.295 0.395 -0.001170234646 2
0 0.295 0.405 0 2
0 0.295 0.415 0 2
0 0.295 0.425 0 2
0 0.295 0.435 0 2
0 0.295 0.445 0 2
0 0.295 0.455 0 2
0 0.295 0.465 0 2
0 0.305 -0.455 0 2
0 0.305 -0.445 0 2
0 0.305 -0.435 0 2
0 0.305 -0.425 0 1
0 0.305 -0.415 0 1
0 0.305 -0.405 0 1
0 0.305 -0.395 0.0007822167456 1
0 0.305 -0.385 0.001286544288 1
0 0.305 -0.375 0.001924217629 1
0 0.305 -0.365 0.002654152817 2
0 0.305 -0.355 0.003455463212 2
0 0.305 -0.345 0.004288061842 2
0 0.305 -0.335 0.005040807916 2
0 0.305 -0.325 0.005743601826 2
0 0.305 -0.315 0.006384461277 2
0 0.305 -0.305 0.006964531007 2
0 0.305 -0.295 0.007481418057 2
0 0.305 -0.285 0.007934331581 2
0 0.305 -0.275 0.008322461992 2
0 0.305 -0.265 0.008645329031 2
0 0.305 -0.255 0.00890302805 2
0 0.305 -0.245 0.009094980985 2
0 0.305 -0.235 0.00922613827 2
0 0.305 -0.225 0.00928561677 2
0 0.305 -0.215 0.00927656987 1
0 0.305 -0.205 0.009226668959 1
0 0.305 -0.195 0.009132936088 1
0 0.305 -0.185 0.00899691117 1
0 0.305 -0.175 0.008822282753 1
0 0.305 -0.165 0.008608460964 1
0 0.305 -0.155 0.008330158999 1
0 0.305 -0.145 0.00797315463 2
0 0.305 -0.135 0.007562121122 1
0 0.305 -0.125 0.007170422704 1
0 0.305 -0.115 0.006778121161 1
0 0.305 -0.105 0.00635770422 1
0 0.305 -0.095 0.005915249056 1
0 0.305 -0.085 0.005452165538 1
0 0.305 -0.075 0.004968974334 1
0 0.305 -0.065 0.004463198548 1
0 0.305 -0.055 0.003938921818 1
0 0.305 -0.045 0.003377169903 1
0 0.305 -0.035 0.002790709069 1
0 0.305 -0.025 0.002185177218 1
0 0.305 -0.015 0.001551989948 1
0 0.305 -0.005 0.0009219874903 1
0 0.305 0.005 0.0003151894612 1
0 0.305 0.015 -0.0003000710254 1
0 0.305 0.025 -0.0009919709452 2
0 0.305 0.035 -0.001751275469 2
0 0.305 0.045 -0.002522843422 2
0 0.305 0.055 -0.003259678905 2
0 0.305 0.065 -0.004000843604 2
0 0.305 0.075 -0.004716511423 2
0 0.305 0.085 -0.005406753475 2
0 0.305 0.095 -0.006062186214 2
0 0.305 0.105 -0.006679951358 2
0 0.305 0.115 -0.007256720209 2
0 0.305 0.125 -0.007791371772 2
0 0.305 0.135 -0.008282730028 2
0 0.305 0.145 -0.008727688204 2
0 0.305 0.155 -0.009117691054 2
0 0.305 0.165 -0.009454496583 2
0 0.305 0.175 -0.009736459905 2
0 0.305 0.185 -0.009957642699 2
0 0.305 0.195 -0.01010881714 2
0 0.305 0.205 -0.01018957466 2
0 0.305 0.215 -0.01020523537 2
0 0.305 0.225 -0.01016182047 2
0 0.305 0.235 -0.01005840118 2
0 0.305 0.245 -0.009896021842 2
0 0.305 0.255 -0.009674942588 2
0 0.305 0.265 -0.009395178482 2
0 0.305 0.275 -0.009057179126 2
0 0.305 0.285 -0.008661709085 2
0 0.305 0.295 -0.008209918141 2
0 0.305 0.305 -0.007703261874 2
0 0.305 0.315 -0.007143492442 2
0 0.305 0.325 -0.006532514725 2
0 0.305 0.335 -0.005872778314 2
0 0.305 0.345 -0.005166335597 2
0 0.305 0.355 -0.004418419659 2
0 0.305 0.365 -0.003627446587 2
0 0.305 0.375 -0.002816771954 2
0 0.305 0.385 -0.001937900014 2
0 0.305 0.395 -0.001167042629 2
0 0.305 0.405 0 2
0 0.305 0.415 0 2
0 0.305 0.425 0 2
0 0.305 0.435 0 2
0 0.305 0.445 0 2
0 0.305 0.455 0 2
0 0.305 0.465 0 2
0 0.315 -0.455 0 2
0 0.315 -0.445 0 2
0 0.315 -0.435 0 2
0 0.315 -0.425 0 1
0 0.315 -0.415 0 1
0 0.315 -0.405 0 1
0 0.315 -0.395 0.0007943136813 1
0 0.315 -0.385 0.001318264599 1
0 0.315 -0.375 0.001972242191 1
0 0.315 -0.365 0.002712113699 2
0 0.315 -0.355 0.003513245044 2
0 0.315 -0.345 0.004317561709 2
0 0.315 -0.335 0.005048609762 2
0 0.315 -0.325 0.005730191339 2
0 0.315 -0.315 0.006353339458 2
0 0.315 -0.305 0.006918024663 2
0 0.315 -0.295 0.0074215273 2
0 0.315 -0.285 0.007862433568 2
0 0.315 -0.275 0.008239404793 2
0 0.315 -0.265 0.008551428848 2
0 0.315 -0.255 0.008797945706 2
0 0.315 -0.245 0.008978424217 2
0 0.315 -0.235 0.009094719631 2
0 0.315 -0.225 0.009146899535 2
0 0.315 -0.215 0.009135510486 1
0 0.315 -0.205 0.00907961227 1
0 0.315 -0.195 0.008978992473 1
0 0.315 -0.185 0.008834921207 1
0 0.315 -0.175 0.008649237999 1
0 0.315 -0.165 0.008422498937 1
0 0.315 -0.155 0.008145196252 1
0 0.315 -0.145 0.007834344582 1
0 0.315 -0.135 0.007492221087 1
0 0.315 -0.125 0.007111065522 1
0 0.315 -0.115 0.006707224998 1
0 0.315 -0.105 0.00627536297 1
0 0.315 -0.095 0.005820953239 1
0 0.315 -0.085 0.0053447232 1
0 0.315 -0.075 0.004846790262 1
0 0.315 -0.065 0.004323746829 1
0 0.315 -0.055 0.003774435327 1
0 0.315 -0.045 0.003202215213 1
0 0.315 -0.035 0.002623709784 1
0 0.315 -0.025 0.002043616113 1
0 0.315 -0.015 0.001454065876 1
0 0.315 -0.005 0.0008580786995 1
0 0.315 0.005 0.0002673673281 1
0 0.315 0.015 -0.000337211055 1
0 0.315 0.025 -0.0009305265217 1
0 0.315 0.035 -0.001566689323 1
0 0.315 0.045 -0.002311280028 2
0 0.315 0.055 -0.00309160208 2
0 0.315 0.065 -0.003892502812 2
0 0.315 0.075 -0.004638488644 2
0 0.315 0.085 -0.005350877333 2
0 0.315 0.095 -0.006020637182 2
0 0.315 0.105 -0.006648002669 2
0 0.315 0.115 -0.007230903539 2
0 0.315 0.125 -0.007770827638 2
0 0.315 0.135 -0.008262731423 2
0 0.315 0.145 -0.008713557751 2
0 0.315 0.155 -0.009102389554 2
0 0.315 0.165 -0.00942087345 2
0 0.315 0.175 -0.009670652458 2
0 0.315 0.185 -0.009863527701 2
0 0.315 0.195 -0.01000404525 2
0 0.315 0.205 -0.01008277442 2
0 0.315 0.215 -0.01009809822 2
0 0.315 0.225 -0.0100542074 2
0 0.315 0.235 -0.00995506218 2
0 0.315 0.245 -0.00979825565 2
0 0.315 0.255 -0.009583677349 2
0 0.315 0.265 -0.009310761788 2
0 0.315 0.275 -0.008979686289 2
0 0.315 0.285 -0.008590996537 2
0 0.315 0.295 -0.008145675943 2
0 0.315 0.305 -0.007645057886 2
0 0.315 0.315 -0.007090839333 2
0 0.315 0.325 -0.006484966635 2
0 0.315 0.335 -0.005830041595 2
0 0.315 0.345 -0.005128366135 2
0 0.315 0.355 -0.00438543034 2
0 0.315 0.365 -0.003599901449 2
0 0.315 0.375 -0.002795091257 2
0 0.315 0.385 -0.001922884118 2
0 0.315 0.395 -0.001158038209 2
0 0.315 0.405 0 2
0 0.315 0.415 0 2
0 0.315 0.425 0 2
0 0.315 0.435 0 2
0 0.315 0.445 0 2
0 0.315 0.455 0 2
0 0.315 0.465 0 2
0 0.325 -0.455 0 2
0 0.325 -0.445 0 2
0 0.325 -0.435 0 2
0 0.325 -0.425 0 2
0 0.325 -0.415 0 1
0 0.325 -0.405 0 1
0 0.325 -0.395 0.0008123803884 1
0 0.325 -0.385 0.001357178972 1
0 0.325 -0.375 0.002096756489 2
0 0.325 -0.365 0.002842049601 2
0 0.325 -0.355 0.003612548783 2
0 0.325 -0.345 0.004356610744 2
0 0.325 -0.335 0.005054150327 2
0 0.325 -0.325 0.005707465694 2
0 0.325 -0.315 0.006308406759 2
0 0.325 -0.305 0.006854431834 2
0 0.325 -0.295 0.007342192201 2
0 0.325 -0.285 0.007769500375 2
0 0.325 -0.275 0.008134372989 2
0 0.325 -0.265 0.008435271195 2
0 0.325 -0.255 0.008671230831 2
0 0.325 -0.245 0.008841850209 2
0 0.325 -0.235 0.008946492007 2
0 0.325 -0.225 0.008992274911 2
0 0.325 -0.215 0.00897530654 1
0 0.325 -0.205 0.008911158787 1
0 0.325 -0.195 0.008805814538 1
0 0.325 -0.185 0.008664063233 1
0 0.325 -0.175 0.008478341681 1
0 0.325 -0.165 0.008252896153 1
0 0.325 -0.155 0.0079886298 1
0 0.325 -0.145 0.007696710906 1
0 0.325 -0.135 0.007372818131 1
0 0.325 -0.125 0.007007312914 1
0 0.325 -0.115 0.006605729482 1
0 0.325 -0.105 0.006170270211 1
0 0.325 -0.095 0.005706463519 1
0 0.325 -0.085 0.005219758018 1
0 0.325 -0.075 0.004711546373 1
0 0.325 -0.065 0.004179473028 1
0 0.325 -0.055 0.003624075927 1
0 0.325 -0.045 0.003055206959 1
0 0.325 -0.035 0.002484237464 1
0 0.325 -0.025 0.001915053196 1
0 0.325 -0.015 0.001346168904 1
0 0.325 -0.005 0.0007733897991 1
0 0.325 0.005 0.0001993563167 1
0 0.325 0.015 -0.0003798199326 1
0 0.325 0.025 -0.0009290031312 1
0 0.325 0.035 -0.001519295637 1
0 0.325 0.045 -0.002222296397 2
0 0.325 0.055 -0.002996066643 2
0 0.325 0.065 -0.0038180186 2
0 0.325 0.075 -0.004579357866 2
0 0.325 0.085 -0.005304908264 2
0 0.325 0.095 -0.005983407038 2
0 0.325 0.105 -0.006616495914 2
0 0.325 0.115 -0.007204451302 2
0 0.325 0.125 -0.007751365794 2
0 0.325 0.135 -0.008245021201 2
0 0.325 0.145 -0.008692149723 2
0 0.325 0.155 -0.009061151204 2
0 0.325 0.165 -0.009332622979 1
0 0.325 0.175 -0.009523056931 1
0 0.325 0.185 -0.009669705927 1
0 0.325 0.195 -0.009808126963 2
0 0.325 0.205 -0.009899282305 2
0 0.325 0.215 -0.009927587116 2
0 0.325 0.225 -0.009891680831 2
0 0.325 0.235 -0.009801888823 2
0 0.325 0.245 -0.00965413427 2
0 0.325 0.255 -0.009448503941 2
0 0.325 0.265 -0.009184386482 2
0 0.325 0.275 -0.008861940536 2
0 0.325 0.285 -0.008481686521 2
0 0.325 0.295 -0.00804458511 2
0 0.325 0.305 -0.007551966903 2
0 0.325 0.315 -0.007005565614 2
0 0.325 0.325 -0.006407423361 2
0 0.325 0.335 -0.005760296065 2
0 0.325 0.345 -0.005066689726 2
0 0.325 0.355 -0.00433226419 2
0 0.325 0.365 -0.003555889676 2
0 0.325 0.375 -0.002760696367 2
0 0.325 0.385 -0.001899159673 2
0 0.325 0.395 -0.0011437983 2
0 0.325 0.405 0 2
0 0.325 0.415 0 2
0 0.325 0.425 0 2
0 0.325 0.435 0 2
0 0.325 0.445 0 2
0 0.325 0.455 0 2
0 0.325 0.465 0 2
0 0.335 -0.455 0 2
0 0.335 -0.445 0 2
0 0.335 -0.435 0 2
0 0.335 -0.425 0 2
0 0.335 -0.415 0 2
0 0.335 -0.405 0 2
0 0.335 -0.395 0.0009108623854 2
0 0.335 -0.385 0.001525694439 2
0 0.335 -0.375 0.002257861425 2
0 0.335 -0.365 0.00296479122 2
0 0.335 -0.355 0.003686249531 2
0 0.335 -0.345 0.004379814354 2
0 0.335 -0.335 0.005042977813 2
0 0.335 -0.325 0.005667090718 2
0 0.335 -0.315 0.006244718103 2
0 0.335 -0.305 0.006771102904 2
0 0.335 -0.295 0.00724227188 2
0 0.335 -0.285 0.007655357694 2
0 0.335 -0.275 0.008007870824 2
0 0.335 -0.265 0.008298002281 2
0 0.335 -0.255 0.008524679987 2
0 0.335 -0.245 0.008687627597 2
0 0.335 -0.235 0.008789313898 2
0 0.335 -0.225 0.008830484485 2
0 0.335 -0.215 0.008810752981 2
0 0.335 -0.205 0.008729111481 1
0 0.335 -0.195 0.008624012958 1
0 0.335 -0.185 0.008488583468 1
0 0.335 -0.175 0.008309438137 1
0 0.335 -0.165 0.008092107576 1
0 0.335 -0.155 0.00784014746 1
0 0.335 -0.145 0.007556166439 1
0 0.335 -0.135 0.007238851449 1
0 0.335 -0.125 0.006884764669 1
0 0.335 -0.115 0.006490596346 1
0 0.335 -0.105 0.006054653418 1
0 0.335 -0.095 0.005579928257 1
0 0.335 -0.085 0.005080905014 1
0 0.335 -0.075 0.004566232675 1
0 0.335 -0.065 0.004024981937 1
0 0.335 -0.055 0.003466505314 1
0 0.335 -0.045 0.002904982241 1
0 0.335 -0.035 0.00234455741 1
0 0.335 -0.025 0.001787899797 1
0 0.335 -0.015 0.001234041709 1
0 0.335 -0.005 0.0006790105243 1
0 0.335 0.005 0.0001242861454 1
0 0.335 0.015 -0.0004303385689 1
0 0.335 0.025 -0.0009586762158 1
0 0.335 0.035 -0.001535388129 1
0 0.335 0.045 -0.002215910479 2
0 0.335 0.055 -0.002972510681 2
0 0.335 0.065 -0.003789469566 2
0 0.335 0.075 -0.004549677088 2
0 0.335 0.085 -0.005275596164 2
0 0.335 0.095 -0.005954013052 2
0 0.335 0.105 -0.006587818438 2
0 0.335 0.115 -0.007179495083 2
0 0.335 0.125 -0.007733266791 2
0 0.335 0.135 -0.008221070443 2
0 0.335 0.145 -0.008610291255 1
0 0.335 0.155 -0.008889007985 1
0 0.335 0.165 -0.0091152588 1
0 0.335 0.175 -0.009304612431 1
0 0.335 0.185 -0.009448341853 1
0 0.335 0.195 -0.009564602099 1
0 0.335 0.205 -0.009660021267 2
0 0.335 0.215 -0.009701443424 2
0 0.335 0.225 -0.009681204827 2
0 0.335 0.235 -0.009603828178 2
0 0.335 0.245 -0.009467557814 2
0 0.335 0.255 -0.009272643493 2
0 0.335 0.265 -0.009018847275 2
0 0.335 0.275 -0.008706477052 2
0 0.335 0.285 -0.008336173925 2
0 0.335 0.295 -0.007908977528 2
0 0.335 0.305 -0.007426293557 2
0 0.335 0.315 -0.006889943034 2
0 0.335 0.325 -0.006302083125 2
0 0.335 0.335 -0.005665606279 2
0 0.335 0.345 -0.004983177041 2
0 0.335 0.355 -0.004260551741 2
0 0.335 0.365 -0.003496765264 2
0 0.335 0.375 -0.002714642722 2
0 0.335 0.385 -0.001867447276 2
0 0.335 0.395 -0.001124749444 2
0 0.335 0.405 0 2
0 0.335 0.415 0 2
0 0.335 0.425 0 2
0 0.335 0.435 0 2
0 0.335 0.445 0 2
0 0.335 0.455 0 2
0 0.335 0.465 0 2
0 0.345 -0.455 0 2
0 0.345 -0.445 0 2
0 0.345 -0.435 0 2
0 0.345 -0.425 0 2
0 0.345 -0.415 0 2
0 0.345 -0.405 0 2
0 0.345 -0.395 0.0009546935532 2
0 0.345 -0.385 0.001593794189 2
0 0.345 -0.375 0.002330407533 2
0 0.345 -0.365 0.003021158058 2
0 0.345 -0.355 0.003709728356 2
0 0.345 -0.345 0.004369079049 2
0 0.345 -0.335 0.005003002134 2
0 0.345 -0.325 0.005601153846 2
0 0.345 -0.315 0.006157212976 2
0 0.345 -0.305 0.00666488826 2
0 0.345 -0.295 0.00711982091 2
0 0.345 -0.285 0.007519240367 2
0 0.345 -0.275 0.007863944498 2
0 0.345 -0.265 0.008145687965 2
0 0.345 -0.255 0.00836287645 2
0 0.345 -0.245 0.008517184738 2
0 0.345 -0.235 0.008612886397 2
0 0.345 -0.225 0.008645949518 2
0 0.345 -0.215 0.008621521869 2
0 0.345 -0.205 0.008544126765 1
0 0.345 -0.195 0.008441776294 1
0 0.345 -0.185 0.008308239087 1
0 0.345 -0.175 0.008137680116 1
0 0.345 -0.165 0.007931938719 1
0 0.345 -0.155 0.007691237086 1
0 0.345 -0.145 0.007414910366 1
0 0.345 -0.135 0.007102347219 1
0 0.345 -0.125 0.006756050452 1
0 0.345 -0.115 0.006371198232 1
0 0.345 -0.105 0.005943734012 1
0 0.345 -0.095 0.005467483256 1
0 0.345 -0.085 0.004943779296 1
0 0.345 -0.075 0.004398289572 1
0 0.345 -0.065 0.003835245715 1
0 0.345 -0.055 0.003286004771 1
0 0.345 -0.045 0.002743837446 1
0 0.345 -0.035 0.002196198171 1
0 0.345 -0.025 0.001655669689 1
0 0.345 -0.015 0.001117747755 1
0 0.345 -0.005 0.0005790324677 1
0 0.345 0.005 3.949108746e-05 1
0 0.345 0.015 -0.0005065618545 1
0 0.345 0.025 -0.001028181625 1
0 0.345 0.035 -0.001591200707 1
0 0.345 0.045 -0.002263329149 2
0 0.345 0.055 -0.003008567421 2
0 0.345 0.065 -0.003806823434 2
0 0.345 0.075 -0.004549812059 2
0 0.345 0.085 -0.00526152016 2
0 0.345 0.095 -0.005928648481 2
0 0.345 0.105 -0.006560640854 2
0 0.345 0.115 -0.007146324908 2
0 0.345 0.125 -0.007669047881 2
0 0.345 0.135 -0.008088843053 1
0 0.345 0.145 -0.008396009736 1
0 0.345 0.155 -0.008644612006 1
0 0.345 0.165 -0.008859790932 1
0 0.345 0.175 -0.009046861904 1
0 0.345 0.185 -0.009192291072 1
0 0.345 0.195 -0.00930749217 1
0 0.345 0.205 -0.009398484987 2
0 0.345 0.215 -0.009442745005 2
0 0.345 0.225 -0.009434741672 2
0 0.345 0.235 -0.009368679909 2
0 0.345 0.245 -0.009244036727 2
0 0.345 0.255 -0.009060325838 2
0 0.345 0.265 -0.008817591506 2
0 0.345 0.275 -0.008516252396 2
0 0.345 0.285 -0.008157101038 2
0 0.345 0.295 -0.007741286534 2
0 0.345 0.305 -0.007270315015 2
0 0.345 0.315 -0.006746105403 2
0 0.345 0.325 -0.006170921247 2
0 0.345 0.335 -0.005547760122 2
0 0.345 0.345 -0.004879398986 2
0 0.345 0.355 -0.004171626019 2
0 0.345 0.365 -0.003423609521 2
0 0.345 0.375 -0.002657758073 2
0 0.345 0.385 -0.001828307665 2
0 0.345 0.395 -0.001101225058 2
0 0.345 0.405 0 2
0 0.345 0.415 0 2
0 0.345 0.425 0 2
0 0.345 0.435 0 2
0 0.345 0.445 0 2
0 0.345 0.455 0 2
0 0.345 0.465 0 2
0 0.355 -0.455 0 2
0 0.355 -0.445 0 2
0 0.355 -0.435 0 2
0 0.355 -0.425 0 2
0 0.355 -0.415 0 2
0 0.355 -0.405 0 2
0 0.355 -0.395 0.0009679585599 2
0 0.355 -0.385 0.001609285565 2
0 0.355 -0.375 0.002339450855 2
0 0.355 -0.365 0.003014718502 2
0 0.355 -0.355 0.003678590369 2
0 0.355 -0.345 0.004315587454 2
0 0.355 -0.335 0.004926404733 2
0 0.355 -0.325 0.005503534802 2
0 0.355 -0.315 0.006041449947 2
0 0.355 -0.305 0.006532953238 2
0 0.355 -0.295 0.006977040601 2
0 0.355 -0.285 0.007364160627 2
0 0.355 -0.275 0.007697592061 2
0 0.355 -0.265 0.007966256773 2
0 0.355 -0.255 0.008168690423 2
0 0.355 -0.245 0.008310587992 2
0 0.355 -0.235 0.008395060604 2
0 0.355 -0.225 0.008423005825 2
0 0.355 -0.215 0.008399337853 1
0 0.355 -0.205 0.008342678166 1
0 0.355 -0.195 0.00824561601 1
0 0.355 -0.185 0.008114375716 1
0 0.355 -0.175 0.007954825016 1
0 0.355 -0.165 0.00776423143 1
0 0.355 -0.155 0.007538594694 1
0 0.355 -0.145 0.007278894876 1
0 0.355 -0.135 0.006981010096 1
0 0.355 -0.125 0.006644524224 1
0 0.355 -0.115 0.006260739057 1
0 0.355 -0.105 0.005845400914 1
0 0.355 -0.095 0.005393954969 1
0 0.355 -0.085 0.00483814758 2
0 0.355 -0.075 0.004217319199 2
0 0.355 -0.065 0.003597570796 1
0 0.355 -0.055 0.003069147826 1
0 0.355 -0.045 0.002555017745 1
0 0.355 -0.035 0.002032292752 1
0 0.355 -0.025 0.001518450482 1
0 0.355 -0.015 0.0009978541836 1
0 0.355 -0.005 0.0004747065752 1
0 0.355 0.005 -4.557611608e-05 1
0 0.355 0.015 -0.0005829151396 1
0 0.355 0.025 -0.001118216243 1
0 0.355 0.035 -0.001697475585 1
0 0.355 0.045 -0.002379792386 2
0 0.355 0.055 -0.003104779429 2
0 0.355 0.065 -0.003860417974 2
0 0.355 0.075 -0.004569647097 2
0 0.355 0.085 -0.00525253561 2
0 0.355 0.095 -0.005896852226 2
0 0.355 0.105 -0.006516973502 2
0 0.355 0.115 -0.007071435329 2
0 0.355 0.125 -0.007520623286 1
0 0.355 0.135 -0.007859128016 1
0 0.355 0.145 -0.008135922781 1
0 0.355 0.155 -0.008379595191 1
0 0.355 0.165 -0.008589990302 1
0 0.355 0.175 -0.008768920542 1
0 0.355 0.185 -0.008911794459 1
0 0.355 0.195 -0.009027495157 1
0 0.355 0.205 -0.009117554727 2
0 0.355 0.215 -0.009161814011 2
0 0.355 0.225 -0.009160536419 2
0 0.355 0.235 -0.009103327717 2
0 0.355 0.245 -0.00898899193 2
0 0.355 0.255 -0.00881589904 2
0 0.355 0.265 -0.008584196395 2
0 0.355 0.275 -0.008294311879 2
0 0.355 0.285 -0.007947140256 2
0 0.355 0.295 -0.007543912087 2
0 0.355 0.305 -0.007086213262 2
0 0.355 0.315 -0.006576037783 2
0 0.355 0.325 -0.006015725148 2
0 0.355 0.335 -0.005408336399 2
0 0.355 0.345 -0.004756713924 2
0 0.355 0.355 -0.004066618799 2
0 0.355 0.365 -0.003337326355 2
0 0.355 0.375 -0.002590726362 2
0 0.355 0.385 -0.001782201832 2
0 0.355 0.395 -0.001073499695 2
0 0.355 0.405 0 2
0 0.355 0.415 0 2
0 0.355 0.425 0 2
0 0.355 0.435 0 2
0 0.355 0.445 0 2
0 0.355 0.455 0 2
0 0.355 0.465 0 2
0 0.365 -0.455 0 2
0 0.365 -0.445 0 2
0 0.365 -0.435 0 2
0 0.365 -0.425 0 2
0 0.365 -0.415 0 2
0 0.365 -0.405 0 2
0 0.365 -0.395 0.0009526631677 2
0 0.365 -0.385 0.001580662683 2
0 0.365 -0.375 0.002294387453 2
0 0.365 -0.365 0.002953038353 2
0 0.365 -0.355 0.003599499503 2
0 0.365 -0.345 0.004217900959 2
0 0.365 -0.335 0.004809923584 2
0 0.365 -0.325 0.00537020117 2
0 0.365 -0.315 0.005893464165 2
0 0.365 -0.305 0.006375020294 2
0 0.365 -0.295 0.006809673915 2
0 0.365 -0.285 0.007181980653 2
0 0.365 -0.275 0.007497679944 2
0 0.365 -0.265 0.007746419838 2
0 0.365 -0.255 0.007920954552 1
0 0.365 -0.245 0.008038248497 1
0 0.365 -0.235 0.008111079111 1
0 0.365 -0.225 0.008146981441 1
0 0.365 -0.215 0.008144430921 1
0 0.365 -0.205 0.008099029388 1
0 0.365 -0.195 0.008013495731 1
0 0.365 -0.185 0.007896019773 1
0 0.365 -0.175 0.007752180327 1
0 0.365 -0.165 0.007581640673 1
0 0.365 -0.155 0.007381362905 1
0 0.365 -0.145 0.007154183703 1
0 0.365 -0.135 0.006891827373 1
0 0.365 -0.125 0.006563352284 2
0 0.365 -0.115 0.006152667359 2
0 0.365 -0.105 0.005701530499 2
0 0.365 -0.095 0.00521387466 2
0 0.365 -0.085 0.004677461162 2
0 0.365 -0.075 0.004118760529 2
0 0.365 -0.065 0.003516518972 2
0 0.365 -0.055 0.002923016588 2
0 0.365 -0.045 0.002370606589 1
0 0.365 -0.035 0.00187747726 1
0 0.365 -0.025 0.001388421252 1
0 0.365 -0.015 0.0008786422489 1
0 0.365 -0.005 0.0003643203307 1
0 0.365 0.005 -0.0001375473329 1
0 0.365 0.015 -0.0006559735648 1
0 0.365 0.025 -0.001252457096 2
0 0.365 0.035 -0.001915495986 2
0 0.365 0.045 -0.00259507036 2
0 0.365 0.055 -0.003254722162 2
0 0.365 0.065 -0.003930597341 2
0 0.365 0.075 -0.004590066488 2
0 0.365 0.085 -0.005231234382 2
0 0.365 0.095 -0.005845207501 2
0 0.365 0.105 -0.006417093655 2
0 0.365 0.115 -0.006909594241 2
0 0.365 0.125 -0.007306998631 1
0 0.365 0.135 -0.007608902664 1
0 0.365 0.145 -0.007863266181 1
0 0.365 0.155 -0.008096071097 1
0 0.365 0.165 -0.008299006901 1
0 0.365 0.175 -0.008472038576 1
0 0.365 0.185 -0.00861280917 1
0 0.365 0.195 -0.008725360826 1
0 0.365 0.205 -0.008812479899 2
0 0.365 0.215 -0.008858005683 2
0 0.365 0.225 -0.008863163079 2
0 0.365 0.235 -0.008812806323 2
0 0.365 0.245 -0.008706879624 2
0 0.365 0.255 -0.00854318129 2
0 0.365 0.265 -0.008321920087 2
0 0.365 0.275 -0.008043483662 2
0 0.365 0.285 -0.007708790746 2
0 0.365 0.295 -0.007319093126 2
0 0.365 0.305 -0.006876005806 2
0 0.365 0.315 -0.006381552872 2
0 0.365 0.325 -0.005838105325 2
0 0.365 0.335 -0.005248739936 2
0 0.365 0.345 -0.004616317579 2
0 0.365 0.355 -0.0039465175 2
0 0.365 0.365 -0.003238698973 2
0 0.365 0.375 -0.002514137543 2
0 0.365 0.385 -0.001729526937 2
0 0.365 0.395 -0.001041810135 2
0 0.365 0.405 0 2
0 0.365 0.415 0 2
0 0.365 0.425 0 2
0 0.365 0.435 0 2
0 0.365 0.445 0 2
0 0.365 0.455 0 2
0 0.365 0.465 0 2
0 0.375 -0.455 0 2
0 0.375 -0.445 0 2
0 0.375 -0.435 0 2
0 0.375 -0.425 0 2
0 0.375 -0.415 0 2
0 0.375 -0.405 0 2
0 0.375 -0.395 0.0009201676204 2
0 0.375 -0.385 0.001524528448 2
0 0.375 -0.375 0.002212351501 2
0 0.375 -0.365 0.002850095832 2
0 0.375 -0.355 0.003477526584 2
0 0.375 -0.345 0.004077802295 2
0 0.375 -0.335 0.004652559509 2
0 0.375 -0.325 0.0051978608 2
0 0.375 -0.315 0.005708260622 2
0 0.375 -0.305 0.006185106644 2
0 0.375 -0.295 0.006611223087 2
0 0.375 -0.285 0.006968084407 2
0 0.375 -0.275 0.007245813345 1
0 0.375 -0.265 0.00744425045 1
0 0.375 -0.255 0.007598686842 1
0 0.375 -0.245 0.007715535844 1
0 0.375 -0.235 0.007792987862 1
0 0.375 -0.225 0.007839335422 1
0 0.375 -0.215 0.007848975268 1
0 0.375 -0.205 0.007818204638 1
0 0.375 -0.195 0.007747675766 1
0 0.375 -0.185 0.007645461484 1
0 0.375 -0.175 0.007517906313 1
0 0.375 -0.165 0.007366773716 1
0 0.375 -0.155 0.007196109027 1
0 0.375 -0.145 0.006995001043 1
0 0.375 -0.135 0.006727133162 2
0 0.375 -0.125 0.006380124544 2
0 0.375 -0.115 0.005971237997 2
0 0.375 -0.105 0.005526494192 2
0 0.375 -0.095 0.005044374277 2
0 0.375 -0.085 0.004538470045 2
0 0.375 -0.075 0.004020570864 2
0 0.375 -0.065 0.003468955079 2
0 0.375 -0.055 0.002910058842 2
0 0.375 -0.045 0.00236033219 2
0 0.375 -0.035 0.001822074149 2
0 0.375 -0.025 0.001296731733 2
0 0.375 -0.015 0.0007679095787 2
0 0.375 -0.005 0.000232786031 2
0 0.375 0.005 -0.0003112754677 2
0 0.375 0.015 -0.0008840676604 2
0 0.375 0.025 -0.001485096294 2
0 0.375 0.035 -0.002110132153 2
0 0.375 0.045 -0.002742523257 2
0 0.375 0.055 -0.003356680856 2
0 0.375 0.065 -0.003971708713 2
0 0.375 0.075 -0.004582800981 2
0 0.375 0.085 -0.005179903588 2
0 0.375 0.095 -0.005767276474 2
0 0.375 0.105 -0.006285428925 2
0 0.375 0.115 -0.006703867966 1
0 0.375 0.125 -0.007037869867 1
0 0.375 0.135 -0.007319732241 1
0 0.375 0.145 -0.007569033885 1
0 0.375 0.155 -0.007792083196 1
0 0.375 0.165 -0.007986476997 1
0 0.375 0.175 -0.008149595082 1
0 0.375 0.185 -0.008287955744 1
0 0.375 0.195 -0.008400516494 1
0 0.375 0.205 -0.008488175108 2
0 0.375 0.215 -0.008537005887 2
0 0.375 0.225 -0.008546603502 2
0 0.375 0.235 -0.008500807606 2
0 0.375 0.245 -0.008400980132 2
0 0.375 0.255 -0.008245122886 2
0 0.375 0.265 -0.008033411167 2
0 0.375 0.275 -0.007766161409 2
0 0.375 0.285 -0.00744422777 2
0 0.375 0.295 -0.007068810871 2
0 0.375 0.305 -0.006641491495 2
0 0.375 0.315 -0.006164269523 2
0 0.375 0.325 -0.005639497848 2
0 0.375 0.335 -0.00507022025 2
0 0.375 0.345 -0.004459271168 2
0 0.375 0.355 -0.00381219744 2
0 0.375 0.365 -0.003128421729 2
0 0.375 0.375 -0.002428515367 2
0 0.375 0.385 -0.001670636445 2
0 0.375 0.395 -0.001006367668 2
0 0.375 0.405 0 2
0 0.375 0.415 0 2
0 0.375 0.425 0 2
0 0.375 0.435 0 2
0 0.375 0.445 0 2
0 0.375 0.455 0 2
0 0.375 0.465 0 2
0 0.385 -0.455 0 2
0 0.385 -0.445 0 2
0 0.385 -0.435 0 2
0 0.385 -0.425 0 2
0 0.385 -0.415 0 2
0 0.385 -0.405 0 2
0 0.385 -0.395 0.0008608861215 2
0 0.385 -0.385 0.001434434894 2
0 0.385 -0.375 0.002096078156 2
0 0.385 -0.365 0.002709798896 2
0 0.385 -0.355 0.003316388126 2
0 0.385 -0.345 0.003897794208 2
0 0.385 -0.335 0.004454674092 2
0 0.385 -0.325 0.0049841928 2
0 0.385 -0.315 0.005480909373 2
0 0.385 -0.305 0.005955581347 2
0 0.385 -0.295 0.006364304252 2
0 0.385 -0.285 0.006683195879 1
0 0.385 -0.275 0.006919289115 1
0 0.385 -0.265 0.007101217206 1
0 0.385 -0.255 0.007250708305 1
0 0.385 -0.245 0.007367693342 1
0 0.385 -0.235 0.007451472363 1
0 0.385 -0.225 0.007505618685 1
0 0.385 -0.215 0.007526785758 1
0 0.385 -0.205 0.007513188172 1
0 0.385 -0.195 0.007461746086 1
0 0.385 -0.185 0.007375364321 1
0 0.385 -0.175 0.007261041056 1
0 0.385 -0.165 0.007117328917 1
0 0.385 -0.155 0.006949947731 1
0 0.385 -0.145 0.006746629446 1
0 0.385 -0.135 0.006475804178 2
0 0.385 -0.125 0.006136924151 2
0 0.385 -0.115 0.005746986602 2
0 0.385 -0.105 0.005326615177 2
0 0.385 -0.095 0.004871373859 2
0 0.385 -0.085 0.004392520954 2
0 0.385 -0.075 0.003894404477 2
0 0.385 -0.065 0.003378819945 2
0 0.385 -0.055 0.002852045642 2
0 0.385 -0.045 0.002310461555 2
0 0.385 -0.035 0.001759343967 2
0 0.385 -0.025 0.001210879613 2
0 0.385 -0.015 0.0006636674201 2
0 0.385 -0.005 0.0001096169396 2
0 0.385 0.005 -0.0004592332261 2
0 0.385 0.015 -0.001045653555 2
0 0.385 0.025 -0.001637005714 2
0 0.385 0.035 -0.002225245981 2
0 0.385 0.045 -0.002812031186 2
0 0.385 0.055 -0.003390477602 2
0 0.385 0.065 -0.003961530602 2
0 0.385 0.075 -0.00452724458 2
0 0.385 0.085 -0.005077569302 2
0 0.385 0.095 -0.005620077642 2
0 0.385 0.105 -0.006084052645 2
0 0.385 0.115 -0.006459987824 1
0 0.385 0.125 -0.006761263221 1
0 0.385 0.135 -0.007017736779 1
0 0.385 0.145 -0.007256688995 1
0 0.385 0.155 -0.007467278898 1
0 0.385 0.165 -0.007650969971 1
0 0.385 0.175 -0.007803573563 1
0 0.385 0.185 -0.007938155348 1
0 0.385 0.195 -0.008065531206 2
0 0.385 0.205 -0.008154279963 2
0 0.385 0.215 -0.008206305827 2
0 0.385 0.225 -0.008213662599 2
0 0.385 0.235 -0.008169415218 2
0 0.385 0.245 -0.008073249584 2
0 0.385 0.255 -0.007923654518 2
0 0.385 0.265 -0.00772057448 2
0 0.385 0.275 -0.007464196837 2
0 0.385 0.285 -0.007155224008 2
0 0.385 0.295 -0.006794736509 2
0 0.385 0.305 -0.006384220682 2
0 0.385 0.315 -0.00592560102 2
0 0.385 0.325 -0.00542116626 2
0 0.385 0.335 -0.00487388274 2
0 0.385 0.345 -0.004286518052 2
0 0.385 0.355 -0.003664440712 2
0 0.385 0.365 -0.003007118579 2
0 0.385 0.375 -0.002334333416 2
0 0.385 0.385 -0.001605851901 2
0 0.385 0.395 -0.0009673655346 2
0 0.385 0.405 0 2
0 0.385 0.415 0 2
0 0.385 0.425 0 2
0 0.385 0.435 0 2
0 0.385 0.445 0 2
0 0.385 0.455 0 2
0 0.385 0.465 0 2
0 0.395 -0.455 0 2
0 0.395 -0.445 0 2
0 0.395 -0.435 0 2
0 0.395 -0.425 0 2
0 0.395 -0.415 0 2
0 0.395 -0.405 0 2
0 0.395 -0.395 0.0007735939605 2
0 0.395 -0.385 0.00130834792 2
0 0.395 -0.375 0.001942329654 2
0 0.395 -0.365 0.002536592782 2
0 0.395 -0.355 0.003120803934 2
0 0.395 -0.345 0.003681396276 2
0 0.395 -0.335 0.004217694833 2
0 0.395 -0.325 0.004727568009 2
0 0.395 -0.315 0.005205585908 2
0 0.395 -0.305 0.005664631649 2
0 0.395 -0.295 0.006049999155 2
0 0.395 -0.285 0.006348864589 1
0 0.395 -0.275 0.006567876432 1
0 0.395 -0.265 0.006737303733 1
0 0.395 -0.255 0.006884755033 1
0 0.395 -0.245 0.007003771491 1
0 0.395 -0.235 0.007094421817 1
0 0.395 -0.225 0.007155696501 1
0 0.395 -0.215 0.007187244506 1
0 0.395 -0.205 0.007186629948 1
0 0.395 -0.195 0.007157446841 1
0 0.395 -0.185 0.00709883998 1
0 0.395 -0.175 0.007007555048 2
0 0.395 -0.165 0.006859181364 2
0 0.395 -0.155 0.006666472809 2
0 0.395 -0.145 0.006430914164 2
0 0.395 -0.135 0.006153772239 2
0 0.395 -0.125 0.005843305063 2
0 0.395 -0.115 0.005487255285 2
0 0.395 -0.105 0.005092032989 2
0 0.395 -0.095 0.004664239602 2
0 0.395 -0.085 0.004211605128 2
0 0.395 -0.075 0.003738426064 2
0 0.395 -0.065 0.003246425806 2
0 0.395 -0.055 0.002735420777 2
0 0.395 -0.045 0.002207423744 2
0 0.395 -0.035 0.001667140362 2
0 0.395 -0.025 0.001119437617 2
0 0.395 -0.015 0.0005668565986 2
0 0.395 -0.005 7.922665739e-06 2
0 0.395 0.005 -0.0005589017385 2
0 0.395 0.015 -0.001130858891 2
0 0.395 0.025 -0.001702186794 2
0 0.395 0.035 -0.002266503873 2
0 0.395 0.045 -0.002820181942 2
0 0.395 0.055 -0.003363091239 2
0 0.395 0.065 -0.003895238882 2
0 0.395 0.075 -0.004417815632 2
0 0.395 0.085 -0.004922315004 2
0 0.395 0.095 -0.005416604183 2
0 0.395 0.105 -0.005838334914 2
0 0.395 0.115 -0.00618556469 1
0 0.395 0.125 -0.006464928059 1
0 0.395 0.135 -0.006699924453 1
0 0.395 0.145 -0.006923145056 1
0 0.395 0.155 -0.007120085456 1
0 0.395 0.165 -0.007293424023 1
0 0.395 0.175 -0.007443979916 1
0 0.395 0.185 -0.007579158961 1
0 0.395 0.195 -0.007708154894 2
0 0.395 0.205 -0.00780411917 2
0 0.395 0.215 -0.007859139306 2
0 0.395 0.225 -0.007862851818 2
0 0.395 0.235 -0.007818284049 2
0 0.395 0.245 -0.007724162081 2
0 0.395 0.255 -0.007579680513 2
0 0.395 0.265 -0.00738458119 2
0 0.395 0.275 -0.007138903891 2
0 0.395 0.285 -0.006843148678 2
0 0.395 0.295 -0.006498229233 2
0 0.395 0.305 -0.006105495174 2
0 0.395 0.315 -0.005666758479 2
0 0.395 0.325 -0.005184208712 2
0 0.395 0.335 -0.004660698843 2
0 0.395 0.345 -0.004098895629 2
0 0.395 0.355 -0.003503948504 2
0 0.395 0.365 -0.002875354598 2
0 0.395 0.375 -0.002232024921 2
0 0.395 0.385 -0.001535470156 2
0 0.395 0.395 -0.0009249836423 2
0 0.395 0.405 0 2
0 0.395 0.415 0 2
0 0.395 0.425 0 2
0 0.395 0.435 0 2
0 0.395 0.445 0 2
0 0.395 0.455 0 2
0 0.395 0.465 0 2
0 0.405 -0.455 0 2
0 0.405 -0.445 0 2
0 0.405 -0.435 0 1
0 0.405 -0.425 0 1
0 0.405 -0.415 0 1
0 0.405 -0.405 0 1
0 0.405 -0.395 0.0006470893283 2
0 0.405 -0.385 0.001149481616 2
0 0.405 -0.375 0.001755498612 2
0 0.405 -0.365 0.002332159397 2
0 0.405 -0.355 0.002897801507 2
0 0.405 -0.345 0.003434699132 2
0 0.405 -0.335 0.003946355537 2
0 0.405 -0.325 0.004431361805 2
0 0.405 -0.315 0.004885677242 2
0 0.405 -0.305 0.005321266843 2
0 0.405 -0.295 0.005690488921 2
0 0.405 -0.285 0.005979231324 1
0 0.405 -0.275 0.006190294588 1
0 0.405 -0.265 0.006355166585 1
0 0.405 -0.255 0.006503148262 1
0 0.405 -0.245 0.00662304994 1
0 0.405 -0.235 0.006716903404 1
0 0.405 -0.225 0.006781744768 1
0 0.405 -0.215 0.006820121711 1
0 0.405 -0.205 0.006831247397 1
0 0.405 -0.195 0.006818290582 1
0 0.405 -0.185 0.006773257597 1
0 0.405 -0.175 0.006687424629 2
0 0.405 -0.165 0.006542302299 2
0 0.405 -0.155 0.006346987128 2
0 0.405 -0.145 0.006109182754 2
0 0.405 -0.135 0.005837435953 2
0 0.405 -0.125 0.005538152782 2
0 0.405 -0.115 0.005204466749 2
0 0.405 -0.105 0.004833992026 2
0 0.405 -0.095 0.004432003884 2
0 0.405 -0.085 0.00400352181 2
0 0.405 -0.075 0.003552342291 2
0 0.405 -0.065 0.003080594509 2
0 0.405 -0.055 0.002588949421 2
0 0.405 -0.045 0.002078788151 2
0 0.405 -0.035 0.001553496125 2
0 0.405 -0.025 0.001017711199 2
0 0.405 -0.015 0.0004751277122 2
0 0.405 -0.005 -7.255526061e-05 2
0 0.405 0.005 -0.0006236509831 2
0 0.405 0.015 -0.001174286846 2
0 0.405 0.025 -0.001719191782 2
0 0.405 0.035 -0.002253850281 2
0 0.405 0.045 -0.00277579214 2
0 0.405 0.055 -0.003284284804 2
0 0.405 0.065 -0.003778380879 2
0 0.405 0.075 -0.004258347813 2
0 0.405 0.085 -0.00471836267 2
0 0.405 0.095 -0.005167557397 2
0 0.405 0.105 -0.005557986795 2
0 0.405 0.115 -0.005879534485 1
0 0.405 0.125 -0.00613739042 1
0 0.405 0.135 -0.006356443421 1
0 0.405 0.145 -0.00656692636 1
0 0.405 0.155 -0.006750188132 1
0 0.405 0.165 -0.006912096734 1
0 0.405 0.175 -0.007065105686 1
0 0.405 0.185 -0.007225962584 2
0 0.405 0.195 -0.007356186606 2
0 0.405 0.205 -0.007447789636 2
0 0.405 0.215 -0.007494781153 2
0 0.405 0.225 -0.007493265419 2
0 0.405 0.235 -0.007446564136 2
0 0.405 0.245 -0.007353449735 2
0 0.405 0.255 -0.007213437427 2
0 0.405 0.265 -0.00702605904 2
0 0.405 0.275 -0.006791167412 2
0 0.405 0.285 -0.006509031325 2
0 0.405 0.295 -0.006180374659 2
0 0.405 0.305 -0.0058063926 2
0 0.405 0.315 -0.005388767859 2
0 0.405 0.325 -0.004929571433 2
0 0.405 0.335 -0.004431517927 2
0 0.405 0.345 -0.003897146362 2
0 0.405 0.355 -0.003331351203 2
0 0.405 0.365 -0.002733644813 2
0 0.405 0.375 -0.002121990018 2
0 0.405 0.385 -0.001459768651 2
0 0.405 0.395 -0.0008793920295 2
0 0.405 0.405 0 2
0 0.405 0.415 0 2
0 0.405 0.425 0 2
0 0.405 0.435 0 2
0 0.405 0.445 0 2
0 0.405 0.455 0 2
0 0.405 0.465 0 2
0 0.415 -0.455 0 2
0 0.415 -0.445 0 2
0 0.415 -0.435 0 1
0 0.415 -0.425 0 1
0 0.415 -0.415 0 1
0 0.415 -0.405 0 1
0 0.415 -0.395 0.0005474827958 1
0 0.415 -0.385 0.001000892909 2
0 0.415 -0.375 0.001560275368 2
0 0.415 -0.365 0.002113113562 2
0 0.415 -0.355 0.002655273195 2
0 0.415 -0.345 0.003163009698 2
0 0.415 -0.335 0.003644558713 2
0 0.415 -0.325 0.004097042279 2
0 0.415 -0.315 0.004522508482 2
0 0.415 -0.305 0.004928875438 2
0 0.415 -0.295 0.005286545843 2
0 0.415 -0.285 0.005573572115 1
0 0.415 -0.275 0.005787029549 1
0 0.415 -0.265 0.005952311469 1
0 0.415 -0.255 0.006097391742 1
0 0.415 -0.245 0.00621875292 1
0 0.415 -0.235 0.006315708986 1
0 0.415 -0.225 0.00638541497 1
0 0.415 -0.215 0.006431297704 1
0 0.415 -0.205 0.006453327439 1
0 0.415 -0.195 0.006448358296 1
0 0.415 -0.185 0.006407804111 2
0 0.415 -0.175 0.006313381469 2
0 0.415 -0.165 0.006178165427 2
0 0.415 -0.155 0.005998933802 2
0 0.415 -0.145 0.005774719456 2
0 0.415 -0.135 0.005515483385 2
0 0.415 -0.125 0.00522570162 2
0 0.415 -0.115 0.004906024521 2
0 0.415 -0.105 0.004555754105 2
0 0.415 -0.095 0.004176363877 2
0 0.415 -0.085 0.003770726412 2
0 0.415 -0.075 0.003341516837 2
0 0.415 -0.065 0.002890598412 2
0 0.415 -0.055 0.002419445894 2
0 0.415 -0.045 0.001930097381 2
0 0.415 -0.035 0.001425748442 2
0 0.415 -0.025 0.0009104482845 2
0 0.415 -0.015 0.0003881810581 2
0 0.415 -0.005 -0.0001375634137 2
0 0.415 0.005 -0.000663403418 2
0 0.415 0.015 -0.001185561076 2
0 0.415 0.025 -0.001700072811 2
0 0.415 0.035 -0.002203373638 2
0 0.415 0.045 -0.00269258584 2
0 0.415 0.055 -0.003165671461 2
0 0.415 0.065 -0.003620848299 2
0 0.415 0.075 -0.004057544043 2
0 0.415 0.085 -0.004472582014 2
0 0.415 0.095 -0.004872475649 2
0 0.415 0.105 -0.005234758978 2
0 0.415 0.115 -0.005541031119 1
0 0.415 0.125 -0.00578479076 1
0 0.415 0.135 -0.005988595038 1
0 0.415 0.145 -0.006183537344 1
0 0.415 0.155 -0.006360335498 1
0 0.415 0.165 -0.006527406614 1
0 0.415 0.175 -0.00671221499 2
0 0.415 0.185 -0.006872166993 2
0 0.415 0.195 -0.006996377225 2
0 0.415 0.205 -0.007074989491 2
0 0.415 0.215 -0.007109850761 2
0 0.415 0.225 -0.007102269021 2
0 0.415 0.235 -0.007052685647 2
0 0.415 0.245 -0.006960360588 2
0 0.415 0.255 -0.006824795317 2
0 0.415 0.265 -0.006645337658 2
0 0.415 0.275 -0.006421620406 2
0 0.415 0.285 -0.006153678671 2
0 0.415 0.295 -0.005842055776 2
0 0.415 0.305 -0.005487807841 2
0 0.415 0.315 -0.005092495734 2
0 0.415 0.325 -0.004658067092 2
0 0.415 0.335 -0.004187081767 2
0 0.415 0.345 -0.00368193 2
0 0.415 0.355 -0.003147218904 2
0 0.415 0.365 -0.002582462989 2
0 0.415 0.375 -0.002004602719 2
0 0.415 0.385 -0.001379010341 2
0 0.415 0.395 -0.0008307539874 2
0 0.415 0.405 0 2
0 0.415 0.415 0 2
0 0.415 0.425 0 2
0 0.415 0.435 0 2
0 0.415 0.445 0 2
0 0.415 0.455 0 2
0 0.415 0.465 0 2
0 0.425 -0.455 0 1
0 0.425 -0.445 0 1
0 0.425 -0.435 0 1
0 0.425 -0.425 0 1
0 0.425 -0.415 0 1
0 0.425 -0.405 0 1
0 0.425 -0.395 0.0005232405162 1
0 0.425 -0.385 0.000895235705 1
0 0.425 -0.375 0.001398461019 2
0 0.425 -0.365 0.001907612754 2
0 0.425 -0.355 0.002416447883 2
0 0.425 -0.345 0.002886545583 2
0 0.425 -0.335 0.003330644512 2
0 0.425 -0.325 0.003742128587 2
0 0.425 -0.315 0.004130254024 2
0 0.425 -0.305 0.004495157006 2
0 0.425 -0.295 0.004835281433 2
0 0.425 -0.285 0.005135495806 2
0 0.425 -0.275 0.005368454666 1
0 0.425 -0.265 0.00553614109 1
0 0.425 -0.255 0.005677218533 1
0 0.425 -0.245 0.005800742279 1
0 0.425 -0.235 0.005900586616 1
0 0.425 -0.225 0.005977725645 1
0 0.425 -0.215 0.006031586791 1
0 0.425 -0.205 0.006069498972 2
0 0.425 -0.195 0.00606070336 2
0 0.425 -0.185 0.00600699712 2
0 0.425 -0.175 0.005916340562 2
0 0.425 -0.165 0.005789103329 2
0 0.425 -0.155 0.005620344617 2
0 0.425 -0.145 0.005410558846 2
0 0.425 -0.135 0.005166572964 2
0 0.425 -0.125 0.00489238515 2
0 0.425 -0.115 0.004589752215 2
0 0.425 -0.105 0.004259034994 2
0 0.425 -0.095 0.003901279276 2
0 0.425 -0.085 0.003518199218 2
0 0.425 -0.075 0.003111722932 2
0 0.425 -0.065 0.002683617789 2
0 0.425 -0.055 0.002235688826 2
0 0.425 -0.045 0.001770261674 2
0 0.425 -0.035 0.001290525003 2
0 0.425 -0.025 0.000800440293 2
0 0.425 -0.015 0.000304333255 2
0 0.425 -0.005 -0.0001935148127 2
0 0.425 0.005 -0.0006889884721 2
0 0.425 0.015 -0.001178398121 2
0 0.425 0.025 -0.001658869069 2
0 0.425 0.035 -0.002127712202 2
0 0.425 0.045 -0.002581830414 2
0 0.425 0.055 -0.003018093377 2
0 0.425 0.065 -0.003433641862 2
0 0.425 0.075 -0.003826827531 2
0 0.425 0.085 -0.00419600997 2
0 0.425 0.095 -0.004540363515 2
0 0.425 0.105 -0.004864866426 2
0 0.425 0.115 -0.005167019601 2
0 0.425 0.125 -0.005420241054 1
0 0.425 0.135 -0.005614433423 1
0 0.425 0.145 -0.00579514956 1
0 0.425 0.155 -0.005998453909 2
0 0.425 0.165 -0.006196409621 2
0 0.425 0.175 -0.006373299904 2
0 0.425 0.185 -0.006511264131 2
0 0.425 0.195 -0.006614802447 2
0 0.425 0.205 -0.006677545362 2
0 0.425 0.215 -0.006701402779 2
0 0.425 0.225 -0.006687471525 2
0 0.425 0.235 -0.006635248728 2
0 0.425 0.245 -0.006544167181 2
0 0.425 0.255 -0.006413572643 2
0 0.425 0.265 -0.006242642598 2
0 0.425 0.275 -0.006030762778 2
0 0.425 0.285 -0.005777751628 2
0 0.425 0.295 -0.005484006688 2
0 0.425 0.305 -0.005150489608 2
0 0.425 0.315 -0.004778673753 2
0 0.425 0.325 -0.004370393191 2
0 0.425 0.335 -0.003928040592 2
0 0.425 0.345 -0.003453837955 2
0 0.425 0.355 -0.002952074081 2
0 0.425 0.365 -0.002422252221 2
0 0.425 0.375 -0.001880219155 2
0 0.425 0.385 -0.001293449331 2
0 0.425 0.395 -0.0007792294522 2
0 0.425 0.405 0 2
0 0.425 0.415 0 2
0 0.425 0.425 0 2
0 0.425 0.435 0 2
0 0.425 0.445 0 2
0 0.425 0.455 0 2
0 0.425 0.465 0 2
0 0.435 -0.455 0 1
0 0.435 -0.445 0 1
0 0.435 -0.435 0 1
0 0.435 -0.425 0 1
0 0.435 -0.415 0 1
0 0.435 -0.405 0 1
0 0.435 -0.395 0.0005181435313 1
0 0.435 -0.385 0.0008849951786 1
0 0.435 -0.375 0.001323209249 1
0 0.435 -0.365 0.001754254764 1
0 0.435 -0.355 0.0021953317 1
0 0.435 -0.345 0.002614871482 1
0 0.435 -0.335 0.003011986359 1
0 0.435 -0.325 0.003370773508 1
0 0.435 -0.315 0.00370519374 1
0 0.435 -0.305 0.004044564004 2
0 0.435 -0.295 0.004369218643 2
0 0.435 -0.285 0.004665102986 2
0 0.435 -0.275 0.004917462381 2
0 0.435 -0.265 0.005118244858 2
0 0.435 -0.255 0.005262224323 1
0 0.435 -0.245 0.005397912669 2
0 0.435 -0.235 0.005506819473 2
0 0.435 -0.225 0.005594103908 2
0 0.435 -0.215 0.005647582012 2
0 0.435 -0.205 0.005666759277 2
0 0.435 -0.195 0.005650132451 2
0 0.435 -0.185 0.005596552484 2
0 0.435 -0.175 0.005507491674 2
0 0.435 -0.165 0.005383715021 2
0 0.435 -0.155 0.005221944015 2
0 0.435 -0.145 0.005025757109 2
0 0.435 -0.135 0.004797616996 2
0 0.435 -0.125 0.004540385468 2
0 0.435 -0.115 0.004255963092 2
0 0.435 -0.105 0.003945337096 2
0 0.435 -0.095 0.003609478228 2
0 0.435 -0.085 0.003249583617 2
0 0.435 -0.075 0.002867112171 2
0 0.435 -0.065 0.002463712751 2
0 0.435 -0.055 0.002041323426 2
0 0.435 -0.045 0.001602413955 2
0 0.435 -0.035 0.001150173307 2
0 0.435 -0.025 0.0006885236036 2
0 0.435 -0.015 0.0002219666002 2
0 0.435 -0.005 -0.0002448093409 2
0 0.435 0.005 -0.0007071034636 2
0 0.435 0.015 -0.001161323648 2
0 0.435 0.025 -0.001605583468 2
0 0.435 0.035 -0.002037586246 2
0 0.435 0.045 -0.002453813218 2
0 0.435 0.055 -0.002850704995 2
0 0.435 0.065 -0.00322547072 2
0 0.435 0.075 -0.003576916138 2
0 0.435 0.085 -0.003905023092 2
0 0.435 0.095 -0.004209235332 2
0 0.435 0.105 -0.004495802409 2
0 0.435 0.115 -0.004768196925 2
0 0.435 0.125 -0.005026729878 2
0 0.435 0.135 -0.005259816494 2
0 0.435 0.145 -0.005470003175 2
0 0.435 0.155 -0.005665937565 2
0 0.435 0.165 -0.005844867202 2
0 0.435 0.175 -0.005998811677 2
0 0.435 0.185 -0.006116153301 2
0 0.435 0.195 -0.006201242138 2
0 0.435 0.205 -0.006250763693 2
0 0.435 0.215 -0.006266284998 2
0 0.435 0.225 -0.006247303602 2
0 0.435 0.235 -0.006193621915 2
0 0.435 0.245 -0.006104808647 2
0 0.435 0.255 -0.005980130896 2
0 0.435 0.265 -0.00581859843 2
0 0.435 0.275 -0.005619303677 2
0 0.435 0.285 -0.005381916 2
0 0.435 0.295 -0.005106852925 2
0 0.435 0.305 -0.004795066459 2
0 0.435 0.315 -0.004447920767 2
0 0.435 0.325 -0.004067151567 2
0 0.435 0.335 -0.003654971897 2
0 0.435 0.345 -0.00321341178 2
0 0.435 0.355 -0.002746408381 2
0 0.435 0.365 -0.002253438997 2
0 0.435 0.375 -0.001749188329 2
0 0.435 0.385 -0.001203338014 2
0 0.435 0.395 -0.000724979084 2
0 0.435 0.405 0 2
0 0.435 0.415 0 2
0 0.435 0.425 0 2
0 0.435 0.435 0 2
0 0.435 0.445 0 2
0 0.435 0.455 0 2
0 0.435 0.465 0 2
0 0.445 -0.455 0 1
0 0.445 -0.445 0 1
0 0.445 -0.435 0 1
0 0.445 -0.425 0 1
0 0.445 -0.415 0 1
0 0.445 -0.405 0 1
0 0.445 -0.395 0.0004997905034 1
0 0.445 -0.385 0.0008450016413 1
0 0.445 -0.375 0.001247186228 1
0 0.445 -0.365 0.001629689177 1
0 0.445 -0.355 0.002015243664 1
0 0.445 -0.345 0.002386554922 1
0 0.445 -0.335 0.002740715975 1
0 0.445 -0.325 0.003068861429 1
0 0.445 -0.315 0.003377389674 1
0 0.445 -0.305 0.003656496624 1
0 0.445 -0.295 0.003915854773 1
0 0.445 -0.285 0.00419532732 2
0 0.445 -0.275 0.004453721791 2
0 0.445 -0.265 0.004674693271 2
0 0.445 -0.255 0.004851978641 2
0 0.445 -0.245 0.004991599769 2
0 0.445 -0.235 0.005100748612 2
0 0.445 -0.225 0.005185537327 2
0 0.445 -0.215 0.005232817898 2
0 0.445 -0.205 0.005245187555 2
0 0.445 -0.195 0.005224243527 2
0 0.445 -0.185 0.005169470336 2
0 0.445 -0.175 0.005079040556 2
0 0.445 -0.165 0.004957052535 2
0 0.445 -0.155 0.004803981578 2
0 0.445 -0.145 0.004620640381 2
0 0.445 -0.135 0.004408520675 2
0 0.445 -0.125 0.004169508771 2
0 0.445 -0.115 0.003905017604 2
0 0.445 -0.105 0.003615999079 2
0 0.445 -0.095 0.003303305395 2
0 0.445 -0.085 0.002967924526 2
0 0.445 -0.075 0.002611108345 2
0 0.445 -0.065 0.002234411772 2
0 0.445 -0.055 0.00183976788 2
0 0.445 -0.045 0.001429619773 2
0 0.445 -0.035 0.001007013458 2
0 0.445 -0.025 0.0005757002945 2
0 0.445 -0.015 0.0001400625634 2
0 0.445 -0.005 -0.0002950070025 2
0 0.445 0.005 -0.0007239969202 2
0 0.445 0.015 -0.001143448527 2
0 0.445 0.025 -0.001548961027 2
0 0.445 0.035 -0.001941863025 2
0 0.445 0.045 -0.002318158381 2
0 0.445 0.055 -0.002670750705 2
0 0.445 0.065 -0.00300353843 2
0 0.445 0.075 -0.003315316296 2
0 0.445 0.085 -0.003606821819 2
0 0.445 0.095 -0.003883224314 2
0 0.445 0.105 -0.004145968643 2
0 0.445 0.115 -0.004399173382 2
0 0.445 0.125 -0.004647432319 2
0 0.445 0.135 -0.004885826576 2
0 0.445 0.145 -0.00510104889 2
0 0.445 0.155 -0.005287600625 2
0 0.445 0.165 -0.005445958096 2
0 0.445 0.175 -0.005578536181 2
0 0.445 0.185 -0.005680564663 2
0 0.445 0.195 -0.005752030362 2
0 0.445 0.205 -0.005792756803 2
0 0.445 0.215 -0.005802478268 2
0 0.445 0.225 -0.005780716338 2
0 0.445 0.235 -0.005727425661 2
0 0.445 0.245 -0.005642274386 2
0 0.445 0.255 -0.005524596135 2
0 0.445 0.265 -0.00537345824 2
0 0.445 0.275 -0.005187691822 2
0 0.445 0.285 -0.004966707486 2
0 0.445 0.295 -0.004711101453 2
0 0.445 0.305 -0.004422021546 2
0 0.445 0.315 -0.004100743729 2
0 0.445 0.325 -0.003748864481 2
0 0.445 0.335 -0.003368403497 2
0 0.445 0.345 -0.002961168162 2
0 0.445 0.355 -0.002530705753 2
0 0.445 0.365 -0.002076452266 2
0 0.445 0.375 -0.001611866342 2
0 0.445 0.385 -0.001108936219 2
0 0.445 0.395 -0.0006681692762 2
0 0.445 0.405 0 2
0 0.445 0.415 0 2
0 0.445 0.425 0 2
0 0.445 0.435 0 2
0 0.445 0.445 0 2
0 0.445 0.455 0 2
0 0.445 0.465 0 2
0 0.455 -0.455 0 1
0 0.455 -0.445 0 1
0 0.455 -0.435 0 1
0 0.455 -0.425 0 1
0 0.455 -0.415 0 1
0 0.455 -0.405 0 1
0 0.455 -0.395 0.0004689597771 1
0 0.455 -0.385 0.0007879435593 1
0 0.455 -0.375 0.001154695993 1
0 0.455 -0.365 0.001499236509 1
0 0.455 -0.355 0.001841204454 1
0 0.455 -0.345 0.002169904138 1
0 0.455 -0.335 0.002483694535 1
0 0.455 -0.325 0.002778043125 1
0 0.455 -0.315 0.003053115847 1
0 0.455 -0.305 0.003305571954 1
0 0.455 -0.295 0.003532590943 1
0 0.455 -0.285 0.003756025916 1
0 0.455 -0.275 0.004001091903 2
0 0.455 -0.265 0.004228881059 2
0 0.455 -0.255 0.004422448311 2
0 0.455 -0.245 0.004568492009 2
0 0.455 -0.235 0.004675518295 2
0 0.455 -0.225 0.004751102958 2
0 0.455 -0.215 0.004791798772 2
0 0.455 -0.205 0.004798650245 2
0 0.455 -0.195 0.004771196663 2
0 0.455 -0.185 0.00471306405 2
0 0.455 -0.175 0.004625512069 2
0 0.455 -0.165 0.004509892057 2
0 0.455 -0.155 0.004366762825 2
0 0.455 -0.145 0.004197022082 2
0 0.455 -0.135 0.004001729631 2
0 0.455 -0.125 0.003782055899 2
0 0.455 -0.115 0.003538908787 2
0 0.455 -0.105 0.003272988797 2
0 0.455 -0.095 0.002984968062 2
0 0.455 -0.085 0.00267568964 2
0 0.455 -0.075 0.002346290855 2
0 0.455 -0.065 0.001998254744 2
0 0.455 -0.055 0.00163343711 2
0 0.455 -0.045 0.001254124893 2
0 0.455 -0.035 0.0008630388607 2
0 0.455 -0.025 0.0004635173888 2
0 0.455 -0.015 5.927723288e-05 2
0 0.455 -0.005 -0.000344841762 2
0 0.455 0.005 -0.0007431016966 2
0 0.455 0.015 -0.001133331217 2
0 0.455 0.025 -0.001505366784 2
0 0.455 0.035 -0.001856321012 2
0 0.455 0.045 -0.002180066322 2
0 0.455 0.055 -0.002474111252 2
0 0.455 0.065 -0.002758114328 2
0 0.455 0.075 -0.003032502853 2
0 0.455 0.085 -0.003297612121 2
0 0.455 0.095 -0.003555264606 2
0 0.455 0.105 -0.003800898477 2
0 0.455 0.115 -0.004038732097 2
0 0.455 0.125 -0.004268176192 2
0 0.455 0.135 -0.004484524978 2
0 0.455 0.145 -0.004682891288 2
0 0.455 0.155 -0.004856299834 2
0 0.455 0.165 -0.004999195505 2
0 0.455 0.175 -0.005115773539 2
0 0.455 0.185 -0.00520825818 2
0 0.455 0.195 -0.005273018712 2
0 0.455 0.205 -0.005308213813 2
0 0.455 0.215 -0.005315160304 2
0 0.455 0.225 -0.00529354601 2
0 0.455 0.235 -0.005242109997 2
0 0.455 0.245 -0.00516170153 2
0 0.455 0.255 -0.005052040198 2
0 0.455 0.265 -0.004910504533 2
0 0.455 0.275 -0.004736252345 2
0 0.455 0.285 -0.00453240058 2
0 0.455 0.295 -0.004297122884 2
0 0.455 0.305 -0.004031736202 2
0 0.455 0.315 -0.003737552383 2
0 0.455 0.325 -0.003416006312 2
0 0.455 0.335 -0.00306885203 2
0 0.455 0.345 -0.002697636634 2
0 0.455 0.355 -0.002305475075 2
0 0.455 0.365 -0.001891749011 2
0 0.455 0.375 -0.001468634687 2
0 0.455 0.385 -0.001010522573 2
0 0.455 0.395 -0.0006089781237 2
0 0.455 0.405 0 2
0 0.455 0.415 0 2
0 0.455 0.425 0 2
0 0.455 0.435 0 2
0 0.455 0.445 0 2
0 0.455 0.455 0 2
0 0.455 0.465 0 2
0 0.465 -0.455 0 1
0 0.465 -0.445 0 1
0 0.465 -0.435 0 1
0 0.465 -0.425 0 1
0 0.465 -0.415 0 1
0 0.465 -0.405 0 1
0 0.465 -0.395 0.000427726977 1
0 0.465 -0.385 0.0007169529684 1
0 0.465 -0.375 0.001049016319 1
0 0.465 -0.365 0.001359373261 1
0 0.465 -0.355 0.0016654547 1
0 0.465 -0.345 0.001957151445 1
0 0.465 -0.335 0.002233957831 1
0 0.465 -0.325 0.002493850037 1
0 0.465 -0.315 0.002735379246 1
0 0.465 -0.305 0.002959831787 1
0 0.465 -0.295 0.003157963647 1
0 0.465 -0.285 0.003355975375 1
0 0.465 -0.275 0.003578337705 2
0 0.465 -0.265 0.003790133883 2
0 0.465 -0.255 0.003977579758 2
0 0.465 -0.245 0.004116539196 2
0 0.465 -0.235 0.004212880154 2
0 0.465 -0.225 0.004276623548 2
0 0.465 -0.215 0.00431203685 2
0 0.465 -0.205 0.00431544713 2
0 0.465 -0.195 0.004286791664 2
0 0.465 -0.185 0.004231592484 2
0 0.465 -0.175 0.00414952035 2
0 0.465 -0.165 0.004042357787 2
0 0.465 -0.155 0.003911040993 2
0 0.465 -0.145 0.003756345549 2
0 0.465 -0.135 0.003579083633 2
0 0.465 -0.125 0.003379992439 2
0 0.465 -0.115 0.003159600575 2
0 0.465 -0.105 0.002918288513 2
0 0.465 -0.095 0.002656506658 2
0 0.465 -0.085 0.00237496958 2
0 0.465 -0.075 0.002074754343 2
0 0.465 -0.065 0.001757310588 2
0 0.465 -0.055 0.001424402414 2
0 0.465 -0.045 0.001078089902 2
0 0.465 -0.035 0.0007206328739 2
0 0.465 -0.025 0.000354731289 2
0 0.465 -0.015 -1.718177652e-05 2
0 0.465 -0.005 -0.0003908294269 2
0 0.465 0.005 -0.0007648920433 2
0 0.465 0.015 -0.001132258979 2
0 0.465 0.025 -0.001477140032 2
0 0.465 0.035 -0.001781042799 1
0 0.465 0.045 -0.002028303327 1
0 0.465 0.055 -0.002253163964 1
0 0.465 0.065 -0.002478777128 1
0 0.465 0.075 -0.002721711094 2
0 0.465 0.085 -0.002970217423 2
0 0.465 0.095 -0.003211834938 2
0 0.465 0.105 -0.003435345787 2
0 0.465 0.115 -0.003648854153 2
0 0.465 0.125 -0.003851865302 2
0 0.465 0.135 -0.004039709883 2
0 0.465 0.145 -0.00421385488 2
0 0.465 0.155 -0.004372272848 2
0 0.465 0.165 -0.004505013026 2
0 0.465 0.175 -0.004612463352 2
0 0.465 0.185 -0.004694286486 2
0 0.465 0.195 -0.004750209529 2
0 0.465 0.205 -0.004780990411 2
0 0.465 0.215 -0.004787540166 2
0 0.465 0.225 -0.00476948715 2
0 0.465 0.235 -0.004725223267 2
0 0.465 0.245 -0.004653458296 2
0 0.465 0.255 -0.004555006685 2
0 0.465 0.265 -0.004426539043 2
0 0.465 0.275 -0.00426590104 2
0 0.465 0.285 -0.004078465528 2
0 0.465 0.295 -0.003864839161 2
0 0.465 0.305 -0.00362437205 2
0 0.465 0.315 -0.003358670087 2
0 0.465 0.325 -0.003069052514 2
0 0.465 0.335 -0.002756882873 2
0 0.465 0.345 -0.002423413805 2
0 0.465 0.355 -0.002071293757 2
0 0.465 0.365 -0.001699846425 2
0 0.465 0.375 -0.00131992218 2
0 0.465 0.385 -0.0009084076113 2
0 0.465 0.395 -0.0005476020522 2
0 0.465 0.405 0 2
0 0.465 0.415 0 2
0 0.465 0.425 0 2
0 0.465 0.435 0 2
0 0.465 0.445 0 2
0 0.465 0.455 0 2
0 0.465 0.465 0 2
0 0.475 -0.455 0 1
0 0.475 -0.445 0 1
0 0.475 -0.435 0 1
0 0.475 -0.425 0 1
0 0.475 -0.415 0 1
0 0.475 -0.405 0 1
0 0.475 -0.395 0.0003877768485 1
0 0.475 -0.385 0.0006484157668 1
0 0.475 -0.375 0.0009481839603 1
0 0.475 -0.365 0.001227518503 1
0 0.475 -0.355 0.001496626417 1
0 0.475 -0.345 0.001749216247 1
0 0.475 -0.335 0.0019858581 1
0 0.475 -0.325 0.002209400104 1
0 0.475 -0.315 0.002418353732 1
0 0.475 -0.305 0.002612487934 1
0 0.475 -0.295 0.002789081816 1
0 0.475 -0.285 0.002968583295 1
0 0.475 -0.275 0.003164205106 2
0 0.475 -0.265 0.003352105221 2
0 0.475 -0.255 0.003515891334 1
0 0.475 -0.245 0.003623927863 1
0 0.475 -0.235 0.003700253112 1
0 0.475 -0.225 0.003754370399 1
0 0.475 -0.215 0.003792056894 2
0 0.475 -0.205 0.003799828262 2
0 0.475 -0.195 0.003776596835 2
0 0.475 -0.185 0.003726128026 2
0 0.475 -0.175 0.003652447458 2
0 0.475 -0.165 0.003556441253 2
0 0.475 -0.155 0.003439151177 2
0 0.475 -0.145 0.003301099906 2
0 0.475 -0.135 0.003143136796 2
0 0.475 -0.125 0.002965854627 2
0 0.475 -0.115 0.002769492443 2
0 0.475 -0.105 0.002554067608 2
0 0.475 -0.095 0.002319815977 2
0 0.475 -0.085 0.002067446024 2
0 0.475 -0.075 0.001798059703 2
0 0.475 -0.065 0.00151308135 2
0 0.475 -0.055 0.001214223797 2
0 0.475 -0.045 0.0009033351417 2
0 0.475 -0.035 0.0005822119611 2
0 0.475 -0.025 0.0002529029322 2
0 0.475 -0.015 -8.355588795e-05 2
0 0.475 -0.005 -0.0004232848182 2
0 0.475 0.005 -0.0007735341054 2
0 0.475 0.015 -0.001103526346 2
0 0.475 0.025 -0.001390839721 1
0 0.475 0.035 -0.001623864184 1
0 0.475 0.045 -0.001831483298 1
0 0.475 0.055 -0.00203284325 1
0 0.475 0.065 -0.002235324739 1
0 0.475 0.075 -0.002437062762 1
0 0.475 0.085 -0.002639225346 1
0 0.475 0.095 -0.002841516978 1
0 0.475 0.105 -0.003033357695 1
0 0.475 0.115 -0.003216416279 1
0 0.475 0.125 -0.003388485214 1
0 0.475 0.135 -0.00354357693 1
0 0.475 0.145 -0.003686438372 1
0 0.475 0.155 -0.003831176948 2
0 0.475 0.165 -0.003959680845 2
0 0.475 0.175 -0.004057940571 1
0 0.475 0.185 -0.004122018357 1
0 0.475 0.195 -0.004165566579 1
0 0.475 0.205 -0.004191953036 1
0 0.475 0.215 -0.004199298212 1
0 0.475 0.225 -0.004187399138 1
0 0.475 0.235 -0.004157381218 1
0 0.475 0.245 -0.004106371501 1
0 0.475 0.255 -0.004026505759 2
0 0.475 0.265 -0.003915680074 2
0 0.475 0.275 -0.003774344287 2
0 0.475 0.285 -0.003605993692 2
0 0.475 0.295 -0.003413933912 2
0 0.475 0.305 -0.003200023461 2
0 0.475 0.315 -0.002964487292 2
0 0.475 0.325 -0.002708607628 2
0 0.475 0.335 -0.002433212539 2
0 0.475 0.345 -0.002139239863 2
0 0.475 0.355 -0.001828862175 2
0 0.475 0.365 -0.001501358885 2
0 0.475 0.375 -0.001166228699 2
0 0.475 0.385 -0.0008029473529 2
0 0.475 0.395 -0.0004842624156 2
0 0.475 0.405 0 2
0 0.475 0.415 0 2
0 0.475 0.425 0 2
0 0.475 0.435 0 2
0 0.475 0.445 0 2
0 0.475 0.455 0 2
0 0.475 0.465 0 2
0 0.485 -0.455 0 1
0 0.485 -0.445 0 1
0 0.485 -0.435 0 1
0 0.485 -0.425 0 1
0 0.485 -0.415 0 1
0 0.485 -0.405 0 1
0 0.485 -0.395 0.0003433927816 1
0 0.485 -0.385 0.0005758848163 1
0 0.485 -0.375 0.0008493583013 1
0 0.485 -0.365 0.001102229303 1
0 0.485 -0.355 0.001331639035 1
0 0.485 -0.345 0.001540757572 1
0 0.485 -0.335 0.001733612251 1
0 0.485 -0.325 0.001918565753 1
0 0.485 -0.315 0.002093590347 1
0 0.485 -0.305 0.002258461188 1
0 0.485 -0.295 0.002415370368 1
0 0.485 -0.285 0.002573739785 1
0 0.485 -0.275 0.002734818516 2
0 0.485 -0.265 0.002879334625 1
0 0.485 -0.255 0.003003117841 1
0 0.485 -0.245 0.003091390826 1
0 0.485 -0.235 0.003160309668 1
0 0.485 -0.225 0.003209074341 1
0 0.485 -0.215 0.003243998882 2
0 0.485 -0.205 0.003257200438 2
0 0.485 -0.195 0.003242882869 2
0 0.485 -0.185 0.003199274306 2
0 0.485 -0.175 0.003137108799 2
0 0.485 -0.165 0.003055067285 2
0 0.485 -0.155 0.002953986277 2
0 0.485 -0.145 0.002834255269 2
0 0.485 -0.135 0.002696775566 2
0 0.485 -0.125 0.002542138781 2
0 0.485 -0.115 0.00237064587 2
0 0.485 -0.105 0.00218208653 2
0 0.485 -0.095 0.001976424661 2
0 0.485 -0.085 0.001754383819 2
0 0.485 -0.075 0.001517198528 2
0 0.485 -0.065 0.001266410379 2
0 0.485 -0.055 0.001003795346 2
0 0.485 -0.045 0.0007310128357 2
0 0.485 -0.035 0.0004495255608 2
0 0.485 -0.025 0.0001609851557 2
0 0.485 -0.015 -0.0001341749455 2
0 0.485 -0.005 -0.0004314876914 2
0 0.485 0.005 -0.0007388550147 2
0 0.485 0.015 -0.001016295956 2
0 0.485 0.025 -0.001253322312 1
0 0.485 0.035 -0.001445215942 1
0 0.485 0.045 -0.001615824733 1
0 0.485 0.055 -0.001787676091 1
0 0.485 0.065 -0.001956056971 1
0 0.485 0.075 -0.002120825696 1
0 0.485 0.085 -0.002282757272 1
0 0.485 0.095 -0.002444256751 1
0 0.485 0.105 -0.002601488526 1
0 0.485 0.115 -0.00275310014 1
0 0.485 0.125 -0.002897000002 1
0 0.485 0.135 -0.003031548601 1
0 0.485 0.145 -0.003156631357 1
0 0.485 0.155 -0.003267883225 1
0 0.485 0.165 -0.003363605304 1
0 0.485 0.175 -0.003444176974 1
0 0.485 0.185 -0.003501977019 1
0 0.485 0.195 -0.003540613684 1
0 0.485 0.205 -0.003564441732 1
0 0.485 0.215 -0.003572900377 1
0 0.485 0.225 -0.003566357412 1
0 0.485 0.235 -0.003546341827 1
0 0.485 0.245 -0.003510549772 1
0 0.485 0.255 -0.003453640926 1
0 0.485 0.265 -0.003370639434 2
0 0.485 0.275 -0.003256749892 2
0 0.485 0.285 -0.003112215203 2
0 0.485 0.295 -0.00294354313 2
0 0.485 0.305 -0.002758747492 2
0 0.485 0.315 -0.002555654944 2
0 0.485 0.325 -0.002335579991 2
0 0.485 0.335 -0.002098837336 2
0 0.485 0.345 -0.001846085885 2
0 0.485 0.355 -0.001579060373 2
0 0.485 0.365 -0.001297033617 2
0 0.485 0.375 -0.00100814666 2
0 0.485 0.385 -0.0006945550081 2
0 0.485 0.395 -0.0004192109332 2
0 0.485 0.405 0 2
0 0.485 0.415 0 2
0 0.485 0.425 0 2
0 0.485 0.435 0 2
0 0.485 0.445 0 2
0 0.485 0.455 0 2
0 0.485 0.465 0 2
0 0.495 -0.455 0 2
0 0.495 -0.445 0 2
0 0.495 -0.435 0 1
0 0.495 -0.425 0 1
0 0.495 -0.415 0 1
0 0.495 -0.405 0 1
0 0.495 -0.395 0.0002819541388 1
0 0.495 -0.385 0.0004864847249 2
0 0.495 -0.375 0.0007392673034 2
0 0.495 -0.365 0.0009697989545 2
0 0.495 -0.355 0.001163415047 1
0 0.495 -0.345 0.001323620771 1
0 0.495 -0.335 0.001471939145 1
0 0.495 -0.325 0.001618314182 1
0 0.495 -0.315 0.001759117268 1
0 0.495 -0.305 0.001895446533 1
0 0.495 -0.295 0.002028742966 1
0 0.495 -0.285 0.002165059129 2
0 0.495 -0.275 0.002281519916 1
0 0.495 -0.265 0.002385019071 1
0 0.495 -0.255 0.002473938387 1
0 0.495 -0.245 0.002544806658 1
0 0.495 -0.235 0.002605147245 1
0 0.495 -0.225 0.002647027447 1
0 0.495 -0.215 0.002675108967 1
0 0.495 -0.205 0.002695135981 2
0 0.495 -0.195 0.002690326695 2
0 0.495 -0.185 0.002659118295 2
0 0.495 -0.175 0.002612959346 2
0 0.495 -0.165 0.002547481271 2
0 0.495 -0.155 0.002464500832 2
0 0.495 -0.145 0.002363269744 2
0 0.495 -0.135 0.002245953725 2
0 0.495 -0.125 0.002114290066 2
0 0.495 -0.115 0.001966973925 2
0 0.495 -0.105 0.001803416873 2
0 0.495 -0.095 0.001626935813 2
0 0.495 -0.085 0.001436194621 2
0 0.495 -0.075 0.001232387408 2
0 0.495 -0.065 0.001017353934 2
0 0.495 -0.055 0.0007931289862 2
0 0.495 -0.045 0.0005612013688 2
0 0.495 -0.035 0.0003227417336 2
0 0.495 -0.025 7.915190472e-05 2
0 0.495 -0.015 -0.0001692716262 2
0 0.495 -0.005 -0.0004178294268 2
0 0.495 0.005 -0.0006727137291 2
0 0.495 0.015 -0.0008987759455 2
0 0.495 0.025 -0.001092961618 1
0 0.495 0.035 -0.001249514187 1
0 0.495 0.045 -0.00138602912 1
0 0.495 0.055 -0.00152367064 1
0 0.495 0.065 -0.00165593633 1
0 0.495 0.075 -0.001785018964 1
0 0.495 0.085 -0.001911291356 1
0 0.495 0.095 -0.002036076323 1
0 0.495 0.105 -0.002159311535 1
0 0.495 0.115 -0.002279197889 1
0 0.495 0.125 -0.00239376922 1
0 0.495 0.135 -0.002502031248 1
0 0.495 0.145 -0.002600873022 1
0 0.495 0.155 -0.00268589276 1
0 0.495 0.165 -0.002758531647 1
0 0.495 0.175 -0.002821082867 1
0 0.495 0.185 -0.002869355873 1
0 0.495 0.195 -0.002903083351 1
0 0.495 0.205 -0.002924349578 1
0 0.495 0.215 -0.002933583799 1
0 0.495 0.225 -0.002931247619 1
0 0.495 0.235 -0.002917999972 1
0 0.495 0.245 -0.002892646994 1
0 0.495 0.255 -0.002851415873 1
0 0.495 0.265 -0.002792721893 1
0 0.495 0.275 -0.002710692853 2
0 0.495 0.285 -0.002595731825 2
0 0.495 0.295 -0.002454182328 2
0 0.495 0.305 -0.002301590516 2
0 0.495 0.315 -0.002133594739 2
0 0.495 0.325 -0.001951459611 2
0 0.495 0.335 -0.0017551842 2
0 0.495 0.345 -0.00154523746 2
0 0.495 0.355 -0.001322994475 2
0 0.495 0.365 -0.00108777635 2
0 0.495 0.375 -0.0008463748791 2
0 0.495 0.385 -0.0005837078855 2
0 0.495 0.395 -0.0003527326367 2
0 0.495 0.405 0 2
0 0.495 0.415 0 2
0 0.495 0.425 0 2
0 0.495 0.435 0 2
0 0.495 0.445 0 2
0 0.495 0.455 0 2
0 0.495 0.465 0 2
0 0.505 -0.455 0 2
0 0.505 -0.445 0 2
0 0.505 -0.435 0 2
0 0.505 -0.425 0 1
0 0.505 -0.415 0 1
0 0.505 -0.405 0 1
0 0.505 -0.395 0.0002367201517 1
0 0.505 -0.385 0.0004032399948 2
0 0.505 -0.375 0.0005997346182 2
0 0.505 -0.365 0.0007745539874 2
0 0.505 -0.355 0.000929029989 2
0 0.505 -0.345 0.001068094858 2
0 0.505 -0.335 0.001193280883 2
0 0.505 -0.325 0.00131137781 2
0 0.505 -0.315 0.001424307339 2
0 0.505 -0.305 0.001538718431 2
0 0.505 -0.295 0.001645283412 2
0 0.505 -0.285 0.001731873054 1
0 0.505 -0.275 0.001807639244 1
0 0.505 -0.265 0.001877674789 1
0 0.505 -0.255 0.001938826664 1
0 0.505 -0.245 0.001992922198 1
0 0.505 -0.235 0.002039253942 1
0 0.505 -0.225 0.002075092383 1
0 0.505 -0.215 0.002101738765 1
0 0.505 -0.205 0.002116177505 2
0 0.505 -0.195 0.002114882741 2
0 0.505 -0.185 0.002099918236 2
0 0.505 -0.175 0.002068812295 2
0 0.505 -0.165 0.002020723339 2
0 0.505 -0.155 0.001957506746 2
0 0.505 -0.145 0.001879329616 2
0 0.505 -0.135 0.001786525999 2
0 0.505 -0.125 0.001679585589 2
0 0.505 -0.115 0.001557055494 2
0 0.505 -0.105 0.001420217043 2
0 0.505 -0.095 0.001272841082 2
0 0.505 -0.085 0.001112063934 2
0 0.505 -0.075 0.0009427149398 2
0 0.505 -0.065 0.0007650530804 2
0 0.505 -0.055 0.0005813825846 2
0 0.505 -0.045 0.0003929809999 2
0 0.505 -0.035 0.0002006243104 2
0 0.505 -0.025 5.463856776e-06 2
0 0.505 -0.015 -0.0001922142726 2
0 0.505 -0.005 -0.0003883764447 2
0 0.505 0.005 -0.0005882318845 2
0 0.505 0.015 -0.0007651080322 2
0 0.505 0.025 -0.0009170179658 1
0 0.505 0.035 -0.001038500038 1
0 0.505 0.045 -0.001143076184 1
0 0.505 0.055 -0.001246737571 1
0 0.505 0.065 -0.001344885666 1
0 0.505 0.075 -0.001439845519 1
0 0.505 0.085 -0.00153253188 1
0 0.505 0.095 -0.001624435153 1
0 0.505 0.105 -0.001715510071 1
0 0.505 0.115 -0.001804328799 1
0 0.505 0.125 -0.001889007212 1
0 0.505 0.135 -0.001967731423 1
0 0.505 0.145 -0.002038734286 1
0 0.505 0.155 -0.002101132071 1
0 0.505 0.165 -0.002155109782 1
0 0.505 0.175 -0.00220110343 1
0 0.505 0.185 -0.002238762413 1
0 0.505 0.195 -0.002266912274 1
0 0.505 0.205 -0.002285270191 1
0 0.505 0.215 -0.002294655001 1
0 0.505 0.225 -0.002295313117 1
0 0.505 0.235 -0.002286616123 1
0 0.505 0.245 -0.002268815596 1
0 0.505 0.255 -0.002240958197 1
0 0.505 0.265 -0.002199292894 1
0 0.505 0.275 -0.002139665557 2
0 0.505 0.285 -0.002055613982 2
0 0.505 0.295 -0.00194825894 2
0 0.505 0.305 -0.001831116381 2
0 0.505 0.315 -0.001700810759 2
0 0.505 0.325 -0.001558483479 2
0 0.505 0.335 -0.001404189489 2
0 0.505 0.345 -0.001238329718 2
0 0.505 0.355 -0.001062010402 2
0 0.505 0.365 -0.0008746554585 2
0 0.505 0.375 -0.0006817188949 2
0 0.505 0.385 -0.000470946641 2
0 0.505 0.395 -0.0002851451267 2
0 0.505 0.405 0 2
0 0.505 0.415 0 2
0 0.505 0.425 0 2
0 0.505 0.435 0 2
0 0.505 0.445 0 2
0 0.505 0.455 0 2
0 0.505 0.465 0 2
0 0.515 -0.455 0 2
0 0.515 -0.445 0 2
0 0.515 -0.435 0 2
0 0.515 -0.425 0 2
0 0.515 -0.415 0 2
0 0.515 -0.405 0 2
0 0.515 -0.395 0.0001949021456 2
0 0.515 -0.385 0.000319327118 2
0 0.515 -0.375 0.0004532455152 2
0 0.515 -0.365 0.0005709847484 2
0 0.515 -0.355 0.0006848351934 2
0 0.515 -0.345 0.0007906845622 2
0 0.515 -0.335 0.0008879578166 2
0 0.515 -0.325 0.0009779419704 2
0 0.515 -0.315 0.001062869443 2
0 0.515 -0.305 0.001145439456 2
0 0.515 -0.295 0.001215986163 2
0 0.515 -0.285 0.001271662831 1
0 0.515 -0.275 0.001317879498 1
0 0.515 -0.265 0.00135848651 1
0 0.515 -0.255 0.001396989192 1
0 0.515 -0.245 0.001433887321 1
0 0.515 -0.235 0.001462889733 1
0 0.515 -0.225 0.001491438699 1
0 0.515 -0.215 0.001511760132 1
0 0.515 -0.205 0.001516051921 2
0 0.515 -0.195 0.001513895337 1
0 0.515 -0.185 0.001510138574 1
0 0.515 -0.175 0.001489356058 1
0 0.515 -0.165 0.001457444585 1
0 0.515 -0.155 0.001414462134 1
0 0.515 -0.145 0.001363657725 1
0 0.515 -0.135 0.001302833949 1
0 0.515 -0.125 0.001223671068 2
0 0.515 -0.115 0.001130448422 2
0 0.515 -0.105 0.001025805159 2
0 0.515 -0.095 0.000910409923 2
0 0.515 -0.085 0.000781187397 2
0 0.515 -0.075 0.0006460959968 2
0 0.515 -0.065 0.0005079592401 2
0 0.515 -0.055 0.0003672303587 2
0 0.515 -0.045 0.0002248627075 2
0 0.515 -0.035 8.108957828e-05 2
0 0.515 -0.025 -6.323502062e-05 2
0 0.515 -0.015 -0.0002078539109 2
0 0.515 -0.005 -0.0003499483997 2
0 0.515 0.005 -0.000494266015 2
0 0.515 0.015 -0.0006222483296 2
0 0.515 0.025 -0.0007323460563 1
0 0.515 0.035 -0.0008189422293 1
0 0.515 0.045 -0.0008917375784 1
0 0.515 0.055 -0.0009619208219 1
0 0.515 0.065 -0.001026540298 1
0 0.515 0.075 -0.001087943105 1
0 0.515 0.085 -0.001147588695 1
0 0.515 0.095 -0.001207082326 1
0 0.515 0.105 -0.001266391846 1
0 0.515 0.115 -0.001324174534 1
0 0.515 0.125 -0.001378879919 1
0 0.515 0.135 -0.001429495665 1
0 0.515 0.145 -0.001475151321 1
0 0.515 0.155 -0.001515676016 1
0 0.515 0.165 -0.001551546427 1
0 0.515 0.175 -0.001582974727 1
0 0.515 0.185 -0.001609479907 1
0 0.515 0.195 -0.001630084261 1
0 0.515 0.205 -0.00164449867 1
0 0.515 0.215 -0.001653193849 1
0 0.515 0.225 -0.001656128716 1
0 0.515 0.235 -0.001652765232 1
0 0.515 0.245 -0.001640934183 1
0 0.515 0.255 -0.001624316816 1
0 0.515 0.265 -0.001598462371 1
0 0.515 0.275 -0.001558786283 2
0 0.515 0.285 -0.001502697735 2
0 0.515 0.295 -0.001432412093 2
0 0.515 0.305 -0.001352258472 2
0 0.515 0.315 -0.001261084166 2
0 0.515 0.325 -0.001159655772 2
0 0.515 0.335 -0.001048269327 2
0 0.515 0.345 -0.0009273105879 2
0 0.515 0.355 -0.000797662387 2
0 0.515 0.365 -0.0006588783436 2
0 0.515 0.375 -0.0005150747906 2
0 0.515 0.385 -0.0003568655962 2
0 0.515 0.395 -0.0002167936811 2
0 0.515 0.405 0 2
0 0.515 0.415 0 2
0 0.515 0.425 0 2
0 0.515 0.435 0 2
0 0.515 0.445 0 2
0 0.515 0.455 0 2
0 0.515 0.465 0 2
0 0.525 -0.455 0 2
0 0.525 -0.445 0 2
0 0.525 -0.435 0 2
0 0.525 -0.425 0 2
0 0.525 -0.415 0 2
0 0.525 -0.405 0 2
0 0.525 -0.395 0.0001247130175 2
0 0.525 -0.385 0.0002061778752 2
0 0.525 -0.375 0.0002913975514 2
0 0.525 -0.365 0.0003644235649 2
0 0.525 -0.355 0.0004356944534 2
0 0.525 -0.345 0.0005022121418 2
0 0.525 -0.335 0.0005644736204 2
0 0.525 -0.325 0.0006218989457 2
0 0.525 -0.315 0.000675301564 2
0 0.525 -0.305 0.0007219240904 2
0 0.525 -0.295 0.0007586547401 2
0 0.525 -0.285 0.0007878423199 1
0 0.525 -0.275 0.0008097945267 1
0 0.525 -0.265 0.0008270859138 1
0 0.525 -0.255 0.0008469647365 1
0 0.525 -0.245 0.0008663198457 1
0 0.525 -0.235 0.000880786486 1
0 0.525 -0.225 0.0008978302136 1
0 0.525 -0.215 0.0009070287988 2
0 0.525 -0.205 0.0009015309158 1
0 0.525 -0.195 0.0008982924184 1
0 0.525 -0.185 0.0008958006927 1
0 0.525 -0.175 0.0008816819831 1
0 0.525 -0.165 0.0008630107238 1
0 0.525 -0.155 0.0008373913305 1
0 0.525 -0.145 0.0008073856798 1
0 0.525 -0.135 0.0007696635086 1
0 0.525 -0.125 0.0007253338744 1
0 0.525 -0.115 0.000674021468 1
0 0.525 -0.105 0.0006080893434 2
0 0.525 -0.095 0.0005298605073 2
0 0.525 -0.085 0.0004374193455 2
0 0.525 -0.075 0.0003395773809 2
0 0.525 -0.065 0.0002444680862 2
0 0.525 -0.055 0.00014958023 2
0 0.525 -0.045 5.550262507e-05 2
0 0.525 -0.035 -3.797043068e-05 2
0 0.525 -0.025 -0.0001302154498 2
0 0.525 -0.015 -0.0002209309589 2
0 0.525 -0.005 -0.0003083906269 2
0 0.525 0.005 -0.0003960137763 2
0 0.525 0.015 -0.000474690973 2
0 0.525 0.025 -0.0005435174265 1
0 0.525 0.035 -0.0005958780963 1
0 0.525 0.045 -0.0006372567138 1
0 0.525 0.055 -0.0006745664894 1
0 0.525 0.065 -0.0007064989474 1
0 0.525 0.075 -0.0007336355754 1
0 0.525 0.085 -0.0007587455133 1
0 0.525 0.095 -0.0007846606548 1
0 0.525 0.105 -0.000810923296 1
0 0.525 0.115 -0.0008372537126 1
0 0.525 0.125 -0.0008624545655 1
0 0.525 0.135 -0.0008853176817 1
0 0.525 0.145 -0.0009068649277 1
0 0.525 0.155 -0.0009275511461 1
0 0.525 0.165 -0.0009465865415 1
0 0.525 0.175 -0.0009643527912 1
0 0.525 0.185 -0.0009803025573 1
0 0.525 0.195 -0.000993448499 1
0 0.525 0.205 -0.001003445436 1
0 0.525 0.215 -0.001009258697 1
0 0.525 0.225 -0.00101264766 1
0 0.525 0.235 -0.001014051792 1
0 0.525 0.245 -0.001009816682 1
0 0.525 0.255 -0.001003697095 1
0 0.525 0.265 -0.0009934731372 1
0 0.525 0.275 -0.0009749501196 2
0 0.525 0.285 -0.0009480469694 2
0 0.525 0.295 -0.0009142504086 2
0 0.525 0.305 -0.000870886378 2
0 0.525 0.315 -0.0008188132592 2
0 0.525 0.325 -0.0007583931626 2
0 0.525 0.335 -0.0006901136749 2
0 0.525 0.345 -0.000614314096 2
0 0.525 0.355 -0.0005316330137 2
0 0.525 0.365 -0.0004417408224 2
0 0.525 0.375 -0.0003473979716 2
0 0.525 0.385 -0.000242095216 2
0 0.525 0.395 -0.0001480428155 2
0 0.525 0.405 0 2
0 0.525 0.415 0 2
0 0.525 0.425 0 2
0 0.525 0.435 0 2
0 0.525 0.445 0 2
0 0.525 0.455 0 2
0 0.525 0.465 0 2
0 0.535 -0.455 0 2
0 0.535 -0.445 0 2
0 0.535 -0.435 0 2
0 0.535 -0.425 0 2
0 0.535 -0.415 0 2
0 0.535 -0.405 0 2
0 0.535 -0.395 5.065122964e-05 2
0 0.535 -0.385 8.664497778e-05 2
0 0.535 -0.375 0.0001253445576 2
0 0.535 -0.365 0.0001563898508 2
0 0.535 -0.355 0.0001838596188 2
0 0.535 -0.345 0.0002082059405 2
0 0.535 -0.335 0.000229833851 2
0 0.535 -0.325 0.0002482219555 2
0 0.535 -0.315 0.0002638538561 2
0 0.535 -0.305 0.0002743343574 2
0 0.535 -0.295 0.0002787792174 1
0 0.535 -0.285 0.0002832707568 1
0 0.535 -0.275 0.00028589518 1
0 0.535 -0.265 0.0002856357817 1
0 0.535 -0.255 0.0002878200916 1
0 0.535 -0.245 0.0002901407706 1
0 0.535 -0.235 0.0002930137222 1
0 0.535 -0.225 0.0002964511055 1
0 0.535 -0.215 0.0002927490537 2
0 0.535 -0.205 0.0002832366303 1
0 0.535 -0.195 0.0002799167208 1
0 0.535 -0.185 0.000277854191 1
0 0.535 -0.175 0.0002718137934 1
0 0.535 -0.165 0.0002651028755 1
0 0.535 -0.155 0.0002554794929 1
0 0.535 -0.145 0.0002438422685 1
0 0.535 -0.135 0.0002277446138 1
0 0.535 -0.125 0.0002090439623 1
0 0.535 -0.115 0.0001865121539 1
0 0.535 -0.105 0.0001595250141 1
0 0.535 -0.095 0.0001229439038 2
0 0.535 -0.085 7.542242509e-05 2
0 0.535 -0.075 2.238411686e-05 2
0 0.535 -0.065 -2.527746106e-05 2
0 0.535 -0.055 -7.134435664e-05 2
0 0.535 -0.045 -0.0001155045608 2
0 0.535 -0.035 -0.000157966705 2
0 0.535 -0.025 -0.0001981624562 2
0 0.535 -0.015 -0.0002356367039 2
0 0.535 -0.005 -0.0002692707512 2
0 0.535 0.005 -0.0003006595235 2
0 0.535 0.015 -0.0003286424449 2
0 0.535 0.025 -0.0003550346194 1
0 0.535 0.035 -0.0003724839535 1
0 0.535 0.045 -0.0003824502087 1
0 0.535 0.055 -0.0003888102306 1
0 0.535 0.065 -0.0003902158964 1
0 0.535 0.075 -0.0003853899599 1
0 0.535 0.085 -0.0003765400251 1
0 0.535 0.095 -0.0003677626271 1
0 0.535 0.105 -0.0003577338306 1
0 0.535 0.115 -0.0003464628366 1
0 0.535 0.125 -0.0003388221481 1
0 0.535 0.135 -0.000334835017 1
0 0.535 0.145 -0.0003347698576 1
0 0.535 0.155 -0.0003366229758 1
0 0.535 0.165 -0.0003396707854 1
0 0.535 0.175 -0.0003453320103 1
0 0.535 0.185 -0.0003517417091 1
0 0.535 0.195 -0.0003581750684 1
0 0.535 0.205 -0.0003627579581 1
0 0.535 0.215 -0.0003660157756 1
0 0.535 0.225 -0.0003707572003 1
0 0.535 0.235 -0.0003769506535 1
0 0.535 0.245 -0.0003816729281 1
0 0.535 0.255 -0.0003887473811 1
0 0.535 0.265 -0.0003973793954 2
0 0.535 0.275 -0.0003998973653 2
0 0.535 0.285 -0.0004020961271 2
0 0.535 0.295 -0.0004010889705 2
0 0.535 0.305 -0.0003926554877 2
0 0.535 0.315 -0.0003783041064 2
0 0.535 0.325 -0.0003580822591 2
0 0.535 0.335 -0.0003324167574 2
0 0.535 0.345 -0.0003014943205 2
0 0.535 0.355 -0.0002656300919 2
0 0.535 0.365 -0.0002245631495 2
0 0.535 0.375 -0.0001796643864 2
0 0.535 0.385 -0.000127280641 2
0 0.535 0.395 -7.926606145e-05 2
0 0.535 0.405 0 2
0 0.535 0.415 0 2
0 0.535 0.425 0 2
0 0.535 0.435 0 2
0 0.535 0.445 0 2
0 0.535 0.455 0 2
0 0.535 0.465 0 2
0 0.545 -0.455 0 2
0 0.545 -0.445 0 2
0 0.545 -0.435 0 2
0 0.545 -0.425 0 2
0 0.545 -0.415 0 2
0 0.545 -0.405 0 2
0 0.545 -0.395 -1.561820814e-05 2
0 0.545 -0.385 -2.514489078e-05 2
0 0.545 -0.375 -3.760387532e-05 2
0 0.545 -0.365 -5.256726472e-05 2
0 0.545 -0.355 -7.023326237e-05 2
0 0.545 -0.345 -8.98209317e-05 2
0 0.545 -0.335 -0.00011128918 2
0 0.545 -0.325 -0.000134664436 2
0 0.545 -0.315 -0.0001611758252 2
0 0.545 -0.305 -0.0001874262904 2
0 0.545 -0.295 -0.000211621084 1
0 0.545 -0.285 -0.0002306690962 1
0 0.545 -0.275 -0.0002473443032 1
0 0.545 -0.265 -0.0002633463386 1
0 0.545 -0.255 -0.0002782997553 1
0 0.545 -0.245 -0.0002922155151 1
0 0.545 -0.235 -0.0003010037955 1
0 0.545 -0.225 -0.0003128051702 1
0 0.545 -0.215 -0.0003255220169 2
0 0.545 -0.205 -0.0003336803227 1
0 0.545 -0.195 -0.0003337005157 1
0 0.545 -0.185 -0.0003325487595 1
0 0.545 -0.175 -0.0003273469792 1
0 0.545 -0.165 -0.0003225274051 1
0 0.545 -0.155 -0.000317340478 1
0 0.545 -0.145 -0.0003128273034 1
0 0.545 -0.135 -0.0003094339728 1
0 0.545 -0.125 -0.0003054537193 1
0 0.545 -0.115 -0.0003025852771 1
0 0.545 -0.105 -0.0002999532437 1
0 0.545 -0.095 -0.0002993655803 2
0 0.545 -0.085 -0.0003000021141 2
0 0.545 -0.075 -0.0003006159976 2
0 0.545 -0.065 -0.0002976756638 2
0 0.545 -0.055 -0.0002932042867 2
0 0.545 -0.045 -0.000287094471 2
0 0.545 -0.035 -0.0002791023491 2
0 0.545 -0.025 -0.0002685894963 2
0 0.545 -0.015 -0.0002549747797 2
0 0.545 -0.005 -0.0002373959386 2
0 0.545 0.005 -0.0002165302321 2
0 0.545 0.015 -0.0001922868575 2
0 0.545 0.025 -0.0001705277807 2
0 0.545 0.035 -0.0001514896358 1
0 0.545 0.045 -0.0001309213172 1
0 0.545 0.055 -0.0001084629156 1
0 0.545 0.065 -8.050390136e-05 1
0 0.545 0.075 -4.955322727e-05 1
0 0.545 0.085 -1.515625663e-05 1
0 0.545 0.095 2.461771186e-05 2
0 0.545 0.105 7.442323236e-05 2
0 0.545 0.115 0.0001294260375 2
0 0.545 0.125 0.0001769063205 2
0 0.545 0.135 0.0002154685644 1
0 0.545 0.145 0.0002396831963 1
0 0.545 0.155 0.0002578879624 1
0 0.545 0.165 0.0002699798119 1
0 0.545 0.175 0.000275867122 1
0 0.545 0.185 0.0002784901604 1
0 0.545 0.195 0.0002775944999 1
0 0.545 0.205 0.0002753078168 1
0 0.545 0.215 0.0002697266167 1
0 0.545 0.225 0.00025919567 1
0 0.545 0.235 0.00024221887 2
0 0.545 0.245 0.0002230439714 2
0 0.545 0.255 0.0002003436109 2
0 0.545 0.265 0.0001787978654 2
0 0.545 0.275 0.0001548262654 2
0 0.545 0.285 0.000127819372 2
0 0.545 0.295 0.0001017725399 2
0 0.545 0.305 7.815957869e-05 2
0 0.545 0.315 5.691127275e-05 2
0 0.545 0.325 3.833061447e-05 2
0 0.545 0.335 2.237039779e-05 2
0 0.545 0.345 9.127257039e-06 2
0 0.545 0.355 -1.291312233e-06 2
0 0.545 0.365 -8.630445437e-06 2
0 0.545 0.375 -1.283417817e-05 2
0 0.545 0.385 -1.306145321e-05 2
0 0.545 0.395 -1.083628083e-05 2
0 0.545 0.405 0 2
0 0.545 0.415 0 2
0 0.545 0.425 0 2
0 0.545 0.435 0 2
0 0.545 0.445 0 2
0 0.545 0.455 0 2
0 0.545 0.465 0 2
0 0.555 -0.455 0 2
0 0.555 -0.445 0 2
0 0.555 -0.435 0 2
0 0.555 -0.425 0 2
0 0.555 -0.415 0 2
0 0.555 -0.405 0 2
0 0.555 -0.395 -8.07002367e-05 2
0 0.555 -0.385 -0.0001349982936 2
0 0.555 -0.375 -0.0001984876773 2
0 0.555 -0.365 -0.0002602942216 2
0 0.555 -0.355 -0.0003240101932 2
0 0.555 -0.345 -0.0003881458974 2
0 0.555 -0.335 -0.0004530801475 2
0 0.555 -0.325 -0.0005184665428 2
0 0.555 -0.315 -0.0005868180672 2
0 0.555 -0.305 -0.0006503780544 2
0 0.555 -0.295 -0.0007037569249 1
0 0.555 -0.285 -0.0007465832836 1
0 0.555 -0.275 -0.0007826235421 1
0 0.555 -0.265 -0.0008142740868 1
0 0.555 -0.255 -0.0008453696949 1
0 0.555 -0.245 -0.0008726210277 1
0 0.555 -0.235 -0.00089425787 1
0 0.555 -0.225 -0.0009211208065 2
0 0.555 -0.215 -0.0009406760226 2
0 0.555 -0.205 -0.0009465182016 1
0 0.555 -0.195 -0.0009428935978 1
0 0.555 -0.185 -0.0009367844315 1
0 0.555 -0.175 -0.0009228539849 1
0 0.555 -0.165 -0.000904656991 1
0 0.555 -0.155 -0.0008826834847 1
0 0.555 -0.145 -0.0008605451554 1
0 0.555 -0.135 -0.0008370092101 1
0 0.555 -0.125 -0.0008120442274 1
0 0.555 -0.115 -0.0007839974214 1
0 0.555 -0.105 -0.0007522916211 1
0 0.555 -0.095 -0.0007170998119 2
0 0.555 -0.085 -0.0006727122471 2
0 0.555 -0.075 -0.000619118801 2
0 0.555 -0.065 -0.0005658839915 2
0 0.555 -0.055 -0.0005117627787 2
0 0.555 -0.045 -0.0004568055329 2
0 0.555 -0.035 -0.0004002587108 2
0 0.555 -0.025 -0.0003414753627 2
0 0.555 -0.015 -0.0002799148264 2
0 0.555 -0.005 -0.0002149407747 2
0 0.555 0.005 -0.0001469961045 2
0 0.555 0.015 -7.387060736e-05 2
0 0.555 0.025 -1.876419364e-06 2
0 0.555 0.035 6.150637279e-05 1
0 0.555 0.045 0.0001162312369 1
0 0.555 0.055 0.0001678570653 1
0 0.555 0.065 0.0002211303814 1
0 0.555 0.075 0.0002758309909 1
0 0.555 0.085 0.0003357734129 1
0 0.555 0.095 0.0004099660238 2
0 0.555 0.105 0.0004956131692 2
0 0.555 0.115 0.0005831691996 2
0 0.555 0.125 0.0006618025829 2
0 0.555 0.135 0.0007328709494 2
0 0.555 0.145 0.0007930328525 2
0 0.555 0.155 0.0008394832981 1
0 0.555 0.165 0.0008679129567 1
0 0.555 0.175 0.0008868788857 1
0 0.555 0.185 0.0008986349101 1
0 0.555 0.195 0.0009025177858 1
0 0.555 0.205 0.0008990991044 1
0 0.555 0.215 0.0008873267428 1
0 0.555 0.225 0.000865814166 2
0 0.555 0.235 0.0008406482166 2
0 0.555 0.245 0.0008073821025 2
0 0.555 0.255 0.0007706858185 2
0 0.555 0.265 0.0007332925899 2
0 0.555 0.275 0.0006907203747 2
0 0.555 0.285 0.0006429432521 2
0 0.555 0.295 0.0005925668937 2
0 0.555 0.305 0.00053929272 2
0 0.555 0.315 0.0004843979222 2
0 0.555 0.325 0.0004285341919 2
0 0.555 0.335 0.0003721670646 2
0 0.555 0.345 0.000315747585 2
0 0.555 0.355 0.0002598738072 2
0 0.555 0.365 0.0002048459497 2
0 0.555 0.375 0.0001521730508 2
0 0.555 0.385 9.99425707e-05 2
0 0.555 0.395 5.688134863e-05 2
0 0.555 0.405 0 2
0 0.555 0.415 0 2
0 0.555 0.425 0 2
0 0.555 0.435 0 2
0 0.555 0.445 0 2
0 0.555 0.455 0 2
0 0.555 0.465 0 2
0 0.565 -0.455 0 2
0 0.565 -0.445 0 2
0 0.565 -0.435 0 2
0 0.565 -0.425 0 2
0 0.565 -0.415 0 2
0 0.565 -0.405 0 2
0 0.565 -0.395 -0.0001445782546 2
0 0.565 -0.385 -0.0002425212721 2
0 0.565 -0.375 -0.0003561960578 2
0 0.565 -0.365 -0.000464739582 2
0 0.565 -0.355 -0.0005744457141 2
0 0.565 -0.345 -0.0006826678439 2
0 0.565 -0.335 -0.0007898984057 2
0 0.565 -0.325 -0.0008953992298 2
0 0.565 -0.315 -0.001000010947 2
0 0.565 -0.305 -0.00109993891 2
0 0.565 -0.295 -0.001186249162 2
0 0.565 -0.285 -0.001259421269 1
0 0.565 -0.275 -0.001315339238 1
0 0.565 -0.265 -0.001363194559 1
0 0.565 -0.255 -0.001407756987 1
0 0.565 -0.245 -0.001444791594 1
0 0.565 -0.235 -0.001480645369 2
0 0.565 -0.225 -0.001517133999 2
0 0.565 -0.215 -0.001539382775 2
0 0.565 -0.205 -0.001543531254 2
0 0.565 -0.195 -0.001538627857 1
0 0.565 -0.185 -0.001527869474 1
0 0.565 -0.175 -0.001508042182 1
0 0.565 -0.165 -0.001478707543 1
0 0.565 -0.155 -0.001442844561 1
0 0.565 -0.145 -0.001403098195 1
0 0.565 -0.135 -0.001358431305 1
0 0.565 -0.125 -0.001310601357 1
0 0.565 -0.115 -0.001255755754 1
0 0.565 -0.105 -0.001192283723 1
0 0.565 -0.095 -0.001116458025 2
0 0.565 -0.085 -0.001024339821 2
0 0.565 -0.075 -0.0009219552429 2
0 0.565 -0.065 -0.0008224312387 2
0 0.565 -0.055 -0.0007222446518 2
0 0.565 -0.045 -0.0006215014845 2
0 0.565 -0.035 -0.0005193568752 2
0 0.565 -0.025 -0.0004154012386 2
0 0.565 -0.015 -0.0003093863368 2
0 0.565 -0.005 -0.0002011773504 2
0 0.565 0.005 -9.099024331e-05 2
0 0.565 0.015 2.09591615e-05 2
0 0.565 0.025 0.0001346107585 2
0 0.565 0.035 0.0002455711225 2
0 0.565 0.045 0.0003473258863 1
0 0.565 0.055 0.0004330953812 1
0 0.565 0.065 0.0005125751499 1
0 0.565 0.075 0.0005956367087 1
0 0.565 0.085 0.0006948385988 2
0 0.565 0.095 0.0008066042309 2
0 0.565 0.105 0.0009178699437 2
0 0.565 0.115 0.001024184846 2
0 0.565 0.125 0.001125626424 2
0 0.565 0.135 0.001221031181 2
0 0.565 0.145 0.001304688766 2
0 0.565 0.155 0.001372614134 2
0 0.565 0.165 0.001424287885 2
0 0.565 0.175 0.001460548533 2
0 0.565 0.185 0.001481928471 2
0 0.565 0.195 0.001490602873 2
0 0.565 0.205 0.001486422792 2
0 0.565 0.215 0.001471415056 2
0 0.565 0.225 0.001448554406 2
0 0.565 0.235 0.001415515635 2
0 0.565 0.245 0.001372519614 2
0 0.565 0.255 0.001324545631 2
0 0.565 0.265 0.001272193865 2
0 0.565 0.275 0.001213014087 2
0 0.565 0.285 0.001146026963 2
0 0.565 0.295 0.001071193558 2
0 0.565 0.305 0.0009896222952 2
0 0.565 0.315 0.0009024981737 2
0 0.565 0.325 0.0008107345659 2
0 0.565 0.335 0.0007152288943 2
0 0.565 0.345 0.0006167797957 2
0 0.565 0.355 0.0005164921888 2
0 0.565 0.365 0.0004147385189 2
0 0.565 0.375 0.0003144867031 2
0 0.565 0.385 0.0002111371396 2
0 0.565 0.395 0.0001235324541 2
0 0.565 0.405 0 2
0 0.565 0.415 0 2
0 0.565 0.425 0 2
0 0.565 0.435 0 2
0 0.565 0.445 0 2
0 0.565 0.455 0 2
0 0.565 0.465 0 2
0 0.575 -0.455 0 2
0 0.575 -0.445 0 2
0 0.575 -0.435 0 2
0 0.575 -0.425 0 2
0 0.575 -0.415 0 2
0 0.575 -0.405 0 2
0 0.575 -0.395 -0.0002070542715 2
0 0.575 -0.385 -0.0003475406757 2
0 0.575 -0.375 -0.0005102491038 2
0 0.575 -0.365 -0.0006645673217 2
0 0.575 -0.355 -0.0008192423933 2
0 0.575 -0.345 -0.0009702677902 2
0 0.575 -0.335 -0.001117991904 2
0 0.575 -0.325 -0.00126137404 2
0 0.575 -0.315 -0.001399612299 2
0 0.575 -0.305 -0.001534312565 2
0 0.575 -0.295 -0.001653711322 2
0 0.575 -0.285 -0.001753854332 1
0 0.575 -0.275 -0.001832399786 1
0 0.575 -0.265 -0.001897193913 1
0 0.575 -0.255 -0.001952989508 1
0 0.575 -0.245 -0.002003485171 2
0 0.575 -0.235 -0.00204961276 2
0 0.575 -0.225 -0.00208797134 2
0 0.575 -0.215 -0.002112665221 2
0 0.575 -0.205 -0.002120686048 2
0 0.575 -0.195 -0.002112759063 2
0 0.575 -0.185 -0.002094355692 2
0 0.575 -0.175 -0.002068627748 1
0 0.575 -0.165 -0.002032225616 1
0 0.575 -0.155 -0.00198559738 1
0 0.575 -0.145 -0.001927378073 1
0 0.575 -0.135 -0.001859604662 1
0 0.575 -0.125 -0.001785885583 1
0 0.575 -0.115 -0.001700270379 1
0 0.575 -0.105 -0.001592417902 2
0 0.575 -0.095 -0.001470701466 2
0 0.575 -0.085 -0.00133836535 2
0 0.575 -0.075 -0.001200597298 2
0 0.575 -0.065 -0.001061784527 2
0 0.575 -0.055 -0.0009208124955 2
0 0.575 -0.045 -0.0007782701349 2
0 0.575 -0.035 -0.0006339660195 2
0 0.575 -0.025 -0.0004880509405 2
0 0.575 -0.015 -0.0003408224175 2
0 0.575 -0.005 -0.000192845591 2
0 0.575 0.005 -4.495005803e-05 2
0 0.575 0.015 0.0001011443596 2
0 0.575 0.025 0.0002465005611 2
0 0.575 0.035 0.000389309524 2
0 0.575 0.045 0.0005299915786 2
0 0.575 0.055 0.0006661599225 2
0 0.575 0.065 0.0007952969127 2
0 0.575 0.075 0.0009275176634 2
0 0.575 0.085 0.001064260462 2
0 0.575 0.095 0.001199797884 2
0 0.575 0.105 0.001332338836 2
0 0.575 0.115 0.001460913247 2
0 0.575 0.125 0.00158459737 2
0 0.575 0.135 0.001698291398 2
0 0.575 0.145 0.001797343907 2
0 0.575 0.155 0.001881044801 2
0 0.575 0.165 0.001948754994 2
0 0.575 0.175 0.001998064731 2
0 0.575 0.185 0.002028038064 2
0 0.575 0.195 0.002042203485 2
0 0.575 0.205 0.002041728066 2
0 0.575 0.215 0.002029680323 2
0 0.575 0.225 0.002006357737 2
0 0.575 0.235 0.001970148339 2
0 0.575 0.245 0.001922355719 2
0 0.575 0.255 0.001866352027 2
0 0.575 0.265 0.001800194138 2
0 0.575 0.275 0.001723563202 2
0 0.575 0.285 0.001635844192 2
0 0.575 0.295 0.00153709232 2
0 0.575 0.305 0.001428070801 2
0 0.575 0.315 0.001309808463 2
0 0.575 0.325 0.001183391349 2
0 0.575 0.335 0.00105001699 2
0 0.575 0.345 0.0009107880019 2
0 0.575 0.355 0.0007672953061 2
0 0.575 0.365 0.0006199884318 2
0 0.575 0.375 0.0004732784002 2
0 0.575 0.385 0.0003199507458 2
0 0.575 0.395 0.0001887726495 2
0 0.575 0.405 0 2
0 0.575 0.415 0 2
0 0.575 0.425 0 2
0 0.575 0.435 0 2
0 0.575 0.445 0 2
0 0.575 0.455 0 2
0 0.575 0.465 0 2
0 0.585 -0.455 0 2
0 0.585 -0.445 0 2
0 0.585 -0.435 0 2
0 0.585 -0.425 0 2
0 0.585 -0.415 0 2
0 0.585 -0.405 0 2
0 0.585 -0.395 -0.0002678128802 2
0 0.585 -0.385 -0.0004495177557 2
0 0.585 -0.375 -0.0006597280464 2
0 0.585 -0.365 -0.0008583674737 2
0 0.585 -0.355 -0.001056470626 2
0 0.585 -0.345 -0.001248557086 2
0 0.585 -0.335 -0.001434649121 2
0 0.585 -0.325 -0.001613166794 2
0 0.585 -0.315 -0.001781995698 2
0 0.585 -0.305 -0.001942801921 2
0 0.585 -0.295 -0.0020860743 2
0 0.585 -0.285 -0.002210041196 2
0 0.585 -0.275 -0.002317259555 2
0 0.585 -0.265 -0.002405614766 2
0 0.585 -0.255 -0.002478971537 2
0 0.585 -0.245 -0.002542010684 2
0 0.585 -0.235 -0.002594086386 2
0 0.585 -0.225 -0.002632648328 2
0 0.585 -0.215 -0.002658245088 2
0 0.585 -0.205 -0.002667265581 2
0 0.585 -0.195 -0.002659612279 2
0 0.585 -0.185 -0.002636695702 2
0 0.585 -0.175 -0.002598912133 2
0 0.585 -0.165 -0.002547786763 2
0 0.585 -0.155 -0.002483646431 2
0 0.585 -0.145 -0.002403079747 2
0 0.585 -0.135 -0.002307839999 2
0 0.585 -0.125 -0.002197220561 2
0 0.585 -0.115 -0.002069528826 2
0 0.585 -0.105 -0.001930050627 2
0 0.585 -0.095 -0.001781052208 2
0 0.585 -0.085 -0.001621577819 2
0 0.585 -0.075 -0.001455497772 2
0 0.585 -0.065 -0.001282973568 2
0 0.585 -0.055 -0.001105752732 2
0 0.585 -0.045 -0.0009251381108 2
0 0.585 -0.035 -0.0007418924762 2
0 0.585 -0.025 -0.0005568519994 2
0 0.585 -0.015 -0.0003709107019 2
0 0.585 -0.005 -0.0001851854388 2
0 0.585 0.005 -9.017758927e-07 2
0 0.585 0.015 0.0001805698617 2
0 0.585 0.025 0.0003583288383 2
0 0.585 0.035 0.0005329190311 2
0 0.585 0.045 0.0007084509604 2
0 0.585 0.055 0.0008854432016 2
0 0.585 0.065 0.00106083686 2
0 0.585 0.075 0.001234797791 2
0 0.585 0.085 0.001404931357 2
0 0.585 0.095 0.001568301706 2
0 0.585 0.105 0.001727436537 2
0 0.585 0.115 0.001882891425 2
0 0.585 0.125 0.002029982481 2
0 0.585 0.135 0.00216444511 2
0 0.585 0.145 0.002282047715 2
0 0.585 0.155 0.002379678156 2
0 0.585 0.165 0.002456073216 2
0 0.585 0.175 0.002511786836 2
0 0.585 0.185 0.002548451984 2
0 0.585 0.195 0.002568175575 2
0 0.585 0.205 0.002572991795 2
0 0.585 0.215 0.002564159783 2
0 0.585 0.225 0.002541833873 2
0 0.585 0.235 0.002505688424 2
0 0.585 0.245 0.002455279219 2
0 0.585 0.255 0.002390527656 2
0 0.585 0.265 0.002311633374 2
0 0.585 0.275 0.002218505714 2
0 0.585 0.285 0.002110873337 2
0 0.585 0.295 0.00198890132 2
0 0.585 0.305 0.001853227635 2
0 0.585 0.315 0.001704855148 2
0 0.585 0.325 0.001544994886 2
0 0.585 0.335 0.001375057173 2
0 0.585 0.345 0.001196401181 2
0 0.585 0.355 0.001011067654 2
0 0.585 0.365 0.0008195753102 2
0 0.585 0.375 0.0006277448508 2
0 0.585 0.385 0.0004258258236 2
0 0.585 0.395 0.0002522636631 2
0 0.585 0.405 0 2
0 0.585 0.415 0 2
0 0.585 0.425 0 2
0 0.585 0.435 0 2
0 0.585 0.445 0 2
0 0.585 0.455 0 2
0 0.585 0.465 0 2
0 0.595 -0.455 0 2
0 0.595 -0.445 0 2
0 0.595 -0.435 0 2
0 0.595 -0.425 0 2
0 0.595 -0.415 0 2
0 0.595 -0.405 0 2
0 0.595 -0.395 -0.0003264769812 2
0 0.595 -0.385 -0.0005478632147 2
0 0.595 -0.375 -0.0008037639637 2
0 0.595 -0.365 -0.001044963908 2
0 0.595 -0.355 -0.001284675347 2
0 0.595 -0.345 -0.001515950851 2
0 0.595 -0.335 -0.001738538108 2
0 0.595 -0.325 -0.00195026811 2
0 0.595 -0.315 -0.002148979308 2
0 0.595 -0.305 -0.002333672576 2
0 0.595 -0.295 -0.002499886293 2
0 0.595 -0.285 -0.002646613151 2
0 0.595 -0.275 -0.002774633424 2
0 0.595 -0.265 -0.002882573573 2
0 0.595 -0.255 -0.002973998406 2
0 0.595 -0.245 -0.003050646852 2
0 0.595 -0.235 -0.003111252116 2
0 0.595 -0.225 -0.003154133964 2
0 0.595 -0.215 -0.003178584614 2
0 0.595 -0.205 -0.003183360879 2
0 0.595 -0.195 -0.003171283689 2
0 0.595 -0.185 -0.003140057083 2
0 0.595 -0.175 -0.003088267916 2
0 0.595 -0.165 -0.003018401342 2
0 0.595 -0.155 -0.002932340738 2
0 0.595 -0.145 -0.002828313681 2
0 0.595 -0.135 -0.002706599862 2
0 0.595 -0.125 -0.002565325373 2
0 0.595 -0.115 -0.002408882472 2
0 0.595 -0.105 -0.002243768767 2
0 0.595 -0.095 -0.002070441493 2
0 0.595 -0.085 -0.001885755513 2
0 0.595 -0.075 -0.001691211907 2
0 0.595 -0.065 -0.001487507323 2
0 0.595 -0.055 -0.001276877359 2
0 0.595 -0.045 -0.001061041506 2
0 0.595 -0.035 -0.0008414936054 2
0 0.595 -0.025 -0.0006196496449 2
0 0.595 -0.015 -0.0003969150945 2
0 0.595 -0.005 -0.000174775202 2
0 0.595 0.005 4.534060068e-05 2
0 0.595 0.015 0.00026224251 2
0 0.595 0.025 0.0004756074761 2
0 0.595 0.035 0.0006864945266 2
0 0.595 0.045 0.0008961372914 2
0 0.595 0.055 0.001104905963 2
0 0.595 0.065 0.001312480567 2
0 0.595 0.075 0.001517776886 2
0 0.595 0.085 0.001719101111 2
0 0.595 0.095 0.001914939548 2
0 0.595 0.105 0.002104200364 2
0 0.595 0.115 0.002285919659 2
0 0.595 0.125 0.002457467214 2
0 0.595 0.135 0.002613992524 2
0 0.595 0.145 0.00274972666 2
0 0.595 0.155 0.002860650963 2
0 0.595 0.165 0.002946385502 2
0 0.595 0.175 0.00300922148 2
0 0.595 0.185 0.003052279752 2
0 0.595 0.195 0.003077956909 2
0 0.595 0.205 0.00308774601 2
0 0.595 0.215 0.003082170716 2
0 0.595 0.225 0.003060840662 2
0 0.595 0.235 0.003022958513 2
0 0.595 0.245 0.002967791212 2
0 0.595 0.255 0.002894962528 2
0 0.595 0.265 0.002804299631 2
0 0.595 0.275 0.002695657757 2
0 0.595 0.285 0.002569000014 2
0 0.595 0.295 0.002424646903 2
0 0.595 0.305 0.002263280313 2
0 0.595 0.315 0.002085940429 2
0 0.595 0.325 0.001893924864 2
0 0.595 0.335 0.001688829781 2
0 0.595 0.345 0.001472234216 2
0 0.595 0.355 0.00124659299 2
0 0.595 0.365 0.001012482131 2
0 0.595 0.375 0.0007770861085 2
0 0.595 0.385 0.0005282066961 2
0 0.595 0.395 0.0003136676828 2
0 0.595 0.405 0 2
0 0.595 0.415 0 2
0 0.595 0.425 0 2
0 0.595 0.435 0 2
0 0.595 0.445 0 2
0 0.595 0.455 0 2
0 0.595 0.465 0 2
0 0.605 -0.455 0 2
0 0.605 -0.445 0 2
0 0.605 -0.435 0 2
0 0.605 -0.425 0 2
0 0.605 -0.415 0 2
0 0.605 -0.405 0 2
0 0.605 -0.395 -0.000382664209 2
0 0.605 -0.385 -0.0006419663849 2
0 0.605 -0.375 -0.000941482802 2
0 0.605 -0.365 -0.001223244484 2
0 0.605 -0.355 -0.001502555456 2
0 0.605 -0.345 -0.001771066257 2
0 0.605 -0.335 -0.002028338391 2
0 0.605 -0.325 -0.00227160927 2
0 0.605 -0.315 -0.002498714629 2
0 0.605 -0.305 -0.002707259957 2
0 0.605 -0.295 -0.002895843805 2
0 0.605 -0.285 -0.003063884007 2
0 0.605 -0.275 -0.003211420642 2
0 0.605 -0.265 -0.003338966311 2
0 0.605 -0.255 -0.003446872617 2
0 0.605 -0.245 -0.00353507213 2
0 0.605 -0.235 -0.003603060518 2
0 0.605 -0.225 -0.003649632783 2
0 0.605 -0.215 -0.003673736439 2
0 0.605 -0.205 -0.003674831483 2
0 0.605 -0.195 -0.003652877367 2
0 0.605 -0.185 -0.003608274825 2
0 0.605 -0.175 -0.003541855843 2
0 0.605 -0.165 -0.003454599882 2
0 0.605 -0.155 -0.003347591633 2
0 0.605 -0.145 -0.003221457837 2
0 0.605 -0.135 -0.003076521186 2
0 0.605 -0.125 -0.002914033487 2
0 0.605 -0.115 -0.002736502232 2
0 0.605 -0.105 -0.002546616928 2
0 0.605 -0.095 -0.002345852263 2
0 0.605 -0.085 -0.002133934143 2
0 0.605 -0.075 -0.001910509295 2
0 0.605 -0.065 -0.001676702948 2
0 0.605 -0.055 -0.001434384326 2
0 0.605 -0.045 -0.001185414205 2
0 0.605 -0.035 -0.0009316600131 2
0 0.605 -0.025 -0.0006749155742 2
0 0.605 -0.015 -0.0004169417494 2
0 0.605 -0.005 -0.0001594637031 2
0 0.605 0.005 9.594071742e-05 2
0 0.605 0.015 0.0003480660722 2
0 0.605 0.025 0.0005963833118 2
0 0.605 0.035 0.0008413257056 2
0 0.605 0.045 0.001083676273 2
0 0.605 0.055 0.00132377813 2
0 0.605 0.065 0.001561254175 2
0 0.605 0.075 0.001795148767 2
0 0.605 0.085 0.002024202707 2
0 0.605 0.095 0.00224737631 2
0 0.605 0.105 0.002463165721 2
0 0.605 0.115 0.00266966303 2
0 0.605 0.125 0.002863468342 2
0 0.605 0.135 0.003039435211 2
0 0.605 0.145 0.003191195237 2
0 0.605 0.155 0.003313953052 2
0 0.605 0.165 0.003407989343 2
0 0.605 0.175 0.00347743704 2
0 0.605 0.185 0.003527185128 2
0 0.605 0.195 0.003559742575 2
0 0.605 0.205 0.003575615038 2
0 0.605 0.215 0.003574345691 2
0 0.605 0.225 0.003554900389 2
0 0.605 0.235 0.003516114733 2
0 0.605 0.245 0.003456988778 2
0 0.605 0.255 0.003376835435 2
0 0.605 0.265 0.00327526113 2
0 0.605 0.275 0.003152126412 2
0 0.605 0.285 0.003007548563 2
0 0.605 0.295 0.002841951297 2
0 0.605 0.305 0.002656098627 2
0 0.605 0.315 0.002451108701 2
0 0.605 0.325 0.002228385246 2
0 0.605 0.335 0.001989700194 2
0 0.605 0.345 0.001736828462 2
0 0.605 0.355 0.001472608442 2
0 0.605 0.365 0.001197662361 2
0 0.605 0.375 0.0009204837408 2
0 0.605 0.385 0.000626526833 2
0 0.605 0.395 0.0003726410979 2
0 0.605 0.405 0 2
0 0.605 0.415 0 2
0 0.605 0.425 0 2
0 0.605 0.435 0 2
0 0.605 0.445 0 2
0 0.605 0.455 0 2
0 0.605 0.465 0 2
0 0.615 -0.455 0 2
0 0.615 -0.445 0 2
0 0.615 -0.435 0 2
0 0.615 -0.425 0 2
0 0.615 -0.415 0 2
0 0.615 -0.405 0 2
0 0.615 -0.395 -0.0004359833479 2
0 0.615 -0.385 -0.0007312018912 2
0 0.615 -0.375 -0.001072000348 2
0 0.615 -0.365 -0.001392103311 2
0 0.615 -0.355 -0.001708825383 2
0 0.615 -0.345 -0.002012524429 2
0 0.615 -0.335 -0.002302680603 2
0 0.615 -0.325 -0.00257611812 2
0 0.615 -0.315 -0.002830770085 2
0 0.615 -0.305 -0.003064593203 2
0 0.615 -0.295 -0.003276306353 2
0 0.615 -0.285 -0.003465307888 2
0 0.615 -0.275 -0.003631524216 2
0 0.615 -0.265 -0.003775038273 2
0 0.615 -0.255 -0.003895794564 2
0 0.615 -0.245 -0.003993381585 2
0 0.615 -0.235 -0.004067012662 2
0 0.615 -0.225 -0.004115696495 2
0 0.615 -0.215 -0.004138709811 2
0 0.615 -0.205 -0.004135700818 2
0 0.615 -0.195 -0.004106682509 2
0 0.615 -0.185 -0.004052012205 2
0 0.615 -0.175 -0.003972530784 2
0 0.615 -0.165 -0.003869491379 2
0 0.615 -0.155 -0.00374428472 2
0 0.615 -0.145 -0.003598045003 2
0 0.615 -0.135 -0.003431858177 2
0 0.615 -0.125 -0.003247349507 2
0 0.615 -0.115 -0.003046810048 2
0 0.615 -0.105 -0.002832401774 2
0 0.615 -0.095 -0.002605301832 2
0 0.615 -0.085 -0.002365710693 2
0 0.615 -0.075 -0.002113871866 2
0 0.615 -0.065 -0.00185084085 2
0 0.615 -0.055 -0.001578211889 2
0 0.615 -0.045 -0.001297837764 2
0 0.615 -0.035 -0.00101169565 2
0 0.615 -0.025 -0.0007217756687 2
0 0.615 -0.015 -0.0004300573478 2
0 0.615 -0.005 -0.0001384550412 2
0 0.615 0.005 0.0001512930494 2
0 0.615 0.015 0.000437802358 2
0 0.615 0.025 0.0007201877495 2
0 0.615 0.035 0.0009981195319 2
0 0.615 0.045 0.001271609998 2
0 0.615 0.055 0.001540633939 2
0 0.615 0.065 0.001805009719 2
0 0.615 0.075 0.002064644426 2
0 0.615 0.085 0.002319478186 2
0 0.615 0.095 0.002568473116 2
0 0.615 0.105 0.002804837788 2
0 0.615 0.115 0.003026411466 2
0 0.615 0.125 0.003235786897 2
0 0.615 0.135 0.003430170423 2
0 0.615 0.145 0.003597516413 2
0 0.615 0.155 0.003729485695 2
0 0.615 0.165 0.00382947893 2
0 0.615 0.175 0.003906829677 2
0 0.615 0.185 0.003965709324 2
0 0.615 0.195 0.004007736768 2
0 0.615 0.205 0.004031926211 2
0 0.615 0.215 0.004036767636 2
0 0.615 0.225 0.004020612844 2
0 0.615 0.235 0.003981982762 2
0 0.615 0.245 0.00391972689 2
0 0.615 0.255 0.003833052684 2
0 0.615 0.265 0.003721523496 2
0 0.615 0.275 0.003585022208 2
0 0.615 0.285 0.003423742061 2
0 0.615 0.295 0.003238204345 2
0 0.615 0.305 0.003029269711 2
0 0.615 0.315 0.002798154353 2
0 0.615 0.325 0.00254637733 2
0 0.615 0.335 0.002275878214 2
0 0.615 0.345 0.001988610562 2
0 0.615 0.355 0.001687768871 2
0 0.615 0.365 0.001374012302 2
0 0.615 0.375 0.001057081332 2
0 0.615 0.385 0.0007201969769 2
0 0.615 0.395 0.0004288284375 2
0 0.615 0.405 0 2
0 0.615 0.415 0 2
0 0.615 0.425 0 2
0 0.615 0.435 0 2
0 0.615 0.445 0 2
0 0.615 0.455 0 2
0 0.615 0.465 0 2
0 0.625 -0.455 0 2
0 0.625 -0.445 0 2
0 0.625 -0.435 0 2
0 0.625 -0.425 0 2
0 0.625 -0.415 0 2
0 0.625 -0.405 0 2
0 0.625 -0.395 -0.0004860303305 2
0 0.625 -0.385 -0.0008149125652 2
0 0.625 -0.375 -0.001194374755 2
0 0.625 -0.365 -0.001550341268 2
0 0.625 -0.355 -0.001902038543 2
0 0.625 -0.345 -0.002238647404 2
0 0.625 -0.335 -0.002559615219 2
0 0.625 -0.325 -0.002861492339 2
0 0.625 -0.315 -0.003142251165 2
0 0.625 -0.305 -0.003399987671 2
0 0.625 -0.295 -0.003633472961 2
0 0.625 -0.285 -0.003841996555 2
0 0.625 -0.275 -0.004025224321 2
0 0.625 -0.265 -0.004182911686 2
0 0.625 -0.255 -0.004314723898 2
0 0.625 -0.245 -0.004420109169 2
0 0.625 -0.235 -0.004498306173 2
0 0.625 -0.225 -0.004548504882 2
0 0.625 -0.215 -0.004570072452 2
0 0.625 -0.205 -0.004562717953 2
0 0.625 -0.195 -0.004526592613 2
0 0.625 -0.185 -0.004462283516 2
0 0.625 -0.175 -0.004370806063 2
0 0.625 -0.165 -0.004253524206 2
0 0.625 -0.155 -0.004111956246 2
0 0.625 -0.145 -0.003947641356 2
0 0.625 -0.135 -0.003762188193 2
0 0.625 -0.125 -0.003557386154 2
0 0.625 -0.115 -0.003335171217 2
0 0.625 -0.105 -0.003097303943 2
0 0.625 -0.095 -0.002845005524 2
0 0.625 -0.085 -0.00257902067 2
0 0.625 -0.075 -0.002300059649 2
0 0.625 -0.065 -0.002009181633 2
0 0.625 -0.055 -0.001707853579 2
0 0.625 -0.045 -0.001397862914 2
0 0.625 -0.035 -0.001081182009 2
0 0.625 -0.025 -0.0007598782385 2
0 0.625 -0.015 -0.0004360554643 2
0 0.625 -0.005 -0.0001117865017 2
0 0.625 0.005 0.0002109777942 2
0 0.625 0.015 0.0005305270807 2
0 0.625 0.025 0.0008454943341 2
0 0.625 0.035 0.001154923375 2
0 0.625 0.045 0.001458180142 2
0 0.625 0.055 0.001754955407 2
0 0.625 0.065 0.002045492029 2
0 0.625 0.075 0.002330525195 2
0 0.625 0.085 0.002607534642 2
0 0.625 0.095 0.002877149913 2
0 0.625 0.105 0.003140896378 2
0 0.625 0.115 0.003382211521 2
0 0.625 0.125 0.003594324255 2
0 0.625 0.135 0.003778049391 2
0 0.625 0.145 0.003940815846 2
0 0.625 0.155 0.004082221209 2
0 0.625 0.165 0.004196294874 2
0 0.625 0.175 0.004288611562 2
0 0.625 0.185 0.004361558388 2
0 0.625 0.195 0.00441706552 2
0 0.625 0.205 0.004452529363 2
0 0.625 0.215 0.004465532149 2
0 0.625 0.225 0.004454181768 2
0 0.625 0.235 0.0044168826 2
0 0.625 0.245 0.004352506814 2
0 0.625 0.255 0.00426029831 2
0 0.625 0.265 0.004139875031 2
0 0.625 0.275 0.003991192505 2
0 0.625 0.285 0.003814535839 2
0 0.625 0.295 0.00361052417 2
0 0.625 0.305 0.00338011444 2
0 0.625 0.315 0.003124623441 2
0 0.625 0.325 0.002845683907 2
0 0.625 0.335 0.002545392048 2
0 0.625 0.345 0.002225863216 2
0 0.625 0.355 0.001890619547 2
0 0.625 0.365 0.001540348595 2
0 0.625 0.375 0.001185967909 2
0 0.625 0.385 0.0008085947091 2
0 0.625 0.395 0.0004818568752 2
0 0.625 0.405 0 2
0 0.625 0.415 0 2
0 0.625 0.425 0 2
0 0.625 0.435 0 2
0 0.625 0.445 0 2
0 0.625 0.455 0 2
0 0.625 0.465 0 2
0 0.635 -0.455 0 2
0 0.635 -0.445 0 2
0 0.635 -0.435 0 2
0 0.635 -0.425 0 2
0 0.635 -0.415 0 2
0 0.635 -0.405 0 2
0 0.635 -0.395 -0.000532378553 2
0 0.635 -0.385 -0.0008923917593 2
0 0.635 -0.375 -0.001307575939 2
0 0.635 -0.365 -0.001696620416 2
0 0.635 -0.355 -0.002080539629 2
0 0.635 -0.345 -0.002447450991 2
0 0.635 -0.335 -0.002796797247 2
0 0.635 -0.325 -0.003124922385 2
0 0.635 -0.315 -0.003429787013 2
0 0.635 -0.305 -0.003709482327 2
0 0.635 -0.295 -0.003962743403 2
0 0.635 -0.285 -0.004188725963 2
0 0.635 -0.275 -0.004386902984 2
0 0.635 -0.265 -0.004556849752 2
0 0.635 -0.255 -0.004698092247 2
0 0.635 -0.245 -0.004810023021 2
0 0.635 -0.235 -0.004891926998 2
0 0.635 -0.225 -0.004943102217 2
0 0.635 -0.215 -0.004963029262 2
0 0.635 -0.205 -0.004951518274 2
0 0.635 -0.195 -0.00490881017 2
0 0.635 -0.185 -0.004835610799 2
0 0.635 -0.175 -0.004733073928 2
0 0.635 -0.165 -0.004602712252 2
0 0.635 -0.155 -0.004446251277 2
0 0.635 -0.145 -0.004265503932 2
0 0.635 -0.135 -0.004062324056 2
0 0.635 -0.125 -0.003838593396 2
0 0.635 -0.115 -0.003596148777 2
0 0.635 -0.105 -0.003336616564 2
0 0.635 -0.095 -0.00306127669 2
0 0.635 -0.085 -0.002771127025 2
0 0.635 -0.075 -0.002467125646 2
0 0.635 -0.065 -0.002150428495 2
0 0.635 -0.055 -0.001822478956 2
0 0.635 -0.045 -0.001484995006 2
0 0.635 -0.035 -0.001139905702 2
0 0.635 -0.025 -0.0007892873743 2
0 0.635 -0.015 -0.0004353064704 2
0 0.635 -0.005 -8.016242503e-05 2
0 0.635 0.005 0.0002739814312 2
0 0.635 0.015 0.0006250722364 2
0 0.635 0.025 0.0009712731077 2
0 0.635 0.035 0.001311082015 2
0 0.635 0.045 0.001643313757 2
0 0.635 0.055 0.001967529825 2
0 0.635 0.065 0.002284616116 2
0 0.635 0.075 0.002593239219 2
0 0.635 0.085 0.002898125922 2
0 0.635 0.095 0.003196459459 2
0 0.635 0.105 0.003487414842 2
0 0.635 0.115 0.003736495635 2
0 0.635 0.125 0.003927189807 1
0 0.635 0.135 0.004075391187 1
0 0.635 0.145 0.004212628211 1
0 0.635 0.155 0.004365953736 2
0 0.635 0.165 0.00450218687 2
0 0.635 0.175 0.004617583908 2
0 0.635 0.185 0.004713219642 2
0 0.635 0.195 0.00478623368 2
0 0.635 0.205 0.004835541781 2
0 0.635 0.215 0.004858257837 2
0 0.635 0.225 0.004852796454 2
0 0.635 0.235 0.004817694089 2
0 0.635 0.245 0.004752016834 2
0 0.635 0.255 0.004655161556 2
0 0.635 0.265 0.004526878863 2
0 0.635 0.275 0.00436723816 2
0 0.635 0.285 0.004176627591 2
0 0.635 0.295 0.003955760375 2
0 0.635 0.305 0.003705681992 2
0 0.635 0.315 0.003427800958 2
0 0.635 0.325 0.003123850986 2
0 0.635 0.335 0.002796065942 2
0 0.635 0.345 0.00244670115 2
0 0.635 0.355 0.002079573564 2
0 0.635 0.365 0.001695389265 2
0 0.635 0.375 0.001306163676 2
0 0.635 0.385 0.0008910553128 2
0 0.635 0.395 0.0005313313213 2
0 0.635 0.405 0 2
0 0.635 0.415 0 2
0 0.635 0.425 0 2
0 0.635 0.435 0 2
0 0.635 0.445 0 2
0 0.635 0.455 0 2
0 0.635 0.465 0 2
0 0.645 -0.455 0 2
0 0.645 -0.445 0 2
0 0.645 -0.435 0 2
0 0.645 -0.425 0 2
0 0.645 -0.415 0 2
0 0.645 -0.405 0 2
0 0.645 -0.395 -0.0005745717838 2
0 0.645 -0.385 -0.0009628699397 2
0 0.645 -0.375 -0.00141046433 2
0 0.645 -0.365 -0.00182943637 2
0 0.645 -0.355 -0.002242436661 2
0 0.645 -0.345 -0.002636625499 2
0 0.645 -0.335 -0.003011448671 2
0 0.645 -0.325 -0.003363052358 2
0 0.645 -0.315 -0.003689358356 2
0 0.645 -0.305 -0.003988418941 2
0 0.645 -0.295 -0.004258923519 2
0 0.645 -0.285 -0.004499940909 2
0 0.645 -0.275 -0.004710835883 2
0 0.645 -0.265 -0.004891089313 2
0 0.645 -0.255 -0.005040170887 2
0 0.645 -0.245 -0.005157467945 2
0 0.645 -0.235 -0.00524230273 2
0 0.645 -0.225 -0.005294029652 2
0 0.645 -0.215 -0.005312184603 2
0 0.645 -0.205 -0.005296637302 2
0 0.645 -0.195 -0.005247709209 2
0 0.645 -0.185 -0.005166226738 2
0 0.645 -0.175 -0.005053499309 2
0 0.645 -0.165 -0.004911221413 2
0 0.645 -0.155 -0.004741325531 2
0 0.645 -0.145 -0.004545836859 2
0 0.645 -0.135 -0.00432676986 2
0 0.645 -0.125 -0.00408606024 2
0 0.645 -0.115 -0.003825498206 2
0 0.645 -0.105 -0.003546655526 2
0 0.645 -0.095 -0.003250853248 2
0 0.645 -0.085 -0.00293922753 2
0 0.645 -0.075 -0.002612878867 2
0 0.645 -0.065 -0.002273025812 2
0 0.645 -0.055 -0.001921093195 2
0 0.645 -0.045 -0.0015587367 2
0 0.645 -0.035 -0.001187824189 2
0 0.645 -0.025 -0.0008104001053 2
0 0.645 -0.015 -0.000428646698 2
0 0.645 -0.005 -4.484690013e-05 2
0 0.645 0.005 0.0003386597626 2
0 0.645 0.015 0.0007195144228 2
0 0.645 0.025 0.001095467709 2
0 0.645 0.035 0.001464444654 2
0 0.645 0.045 0.001824971333 2
0 0.645 0.055 0.002176722508 2
0 0.645 0.065 0.002518206996 2
0 0.645 0.075 0.002856567006 2
0 0.645 0.085 0.003203074379 2
0 0.645 0.095 0.003532147683 2
0 0.645 0.105 0.003804003129 1
0 0.645 0.115 0.004005697581 1
0 0.645 0.125 0.004181591506 1
0 0.645 0.135 0.004344284516 1
0 0.645 0.145 0.004491458861 1
0 0.645 0.155 0.004632436969 1
0 0.645 0.165 0.004773275763 2
0 0.645 0.175 0.004905389334 2
0 0.645 0.185 0.005026226492 2
0 0.645 0.195 0.005117243417 2
0 0.645 0.205 0.005180774788 2
0 0.645 0.215 0.005213358476 2
0 0.645 0.225 0.005213939148 2
0 0.645 0.235 0.005181300077 2
0 0.645 0.245 0.005114777504 2
0 0.645 0.255 0.005013971199 2
0 0.645 0.265 0.004878792513 2
0 0.645 0.275 0.004709435015 2
0 0.645 0.285 0.004506385622 2
0 0.645 0.295 0.00427043879 2
0 0.645 0.305 0.004002710972 2
0 0.645 0.315 0.003704681693 2
0 0.645 0.325 0.003378162016 2
0 0.645 0.335 0.003025495161 2
0 0.645 0.345 0.002649047356 2
0 0.645 0.355 0.002252890591 2
0 0.645 0.365 0.0018377362 2
0 0.645 0.375 0.001416606912 2
0 0.645 0.385 0.0009668633868 2
0 0.645 0.395 0.0005768299049 2
0 0.645 0.405 0 2
0 0.645 0.415 0 2
0 0.645 0.425 0 2
0 0.645 0.435 0 2
0 0.645 0.445 0 2
0 0.645 0.455 0 2
0 0.645 0.465 0 2
0 0.655 -0.455 0 2
0 0.655 -0.445 0 2
0 0.655 -0.435 0 2
0 0.655 -0.425 0 2
0 0.655 -0.415 0 2
0 0.655 -0.405 0 2
0 0.655 -0.395 -0.0006121193297 2
0 0.655 -0.385 -0.001025506919 2
0 0.655 -0.375 -0.001501781688 2
0 0.655 -0.365 -0.001947113671 2
0 0.655 -0.355 -0.002385612981 2
0 0.655 -0.345 -0.002803590001 2
0 0.655 -0.335 -0.003200493618 2
0 0.655 -0.325 -0.003572285799 2
0 0.655 -0.315 -0.003916839807 2
0 0.655 -0.305 -0.004232167035 2
0 0.655 -0.295 -0.004516937805 2
0 0.655 -0.285 -0.004770201611 2
0 0.655 -0.275 -0.004991309354 2
0 0.655 -0.265 -0.005179739944 2
0 0.655 -0.255 -0.005334974929 2
0 0.655 -0.245 -0.005456421301 2
0 0.655 -0.235 -0.005543416568 2
0 0.655 -0.225 -0.005595315756 2
0 0.655 -0.215 -0.005611642555 2
0 0.655 -0.205 -0.005592264895 2
0 0.655 -0.195 -0.005537546498 2
0 0.655 -0.185 -0.00544842579 2
0 0.655 -0.175 -0.005326394144 2
0 0.655 -0.165 -0.005173374224 2
0 0.655 -0.155 -0.004991535518 2
0 0.655 -0.145 -0.004783105819 2
0 0.655 -0.135 -0.004550227628 2
0 0.655 -0.125 -0.004294871979 2
0 0.655 -0.115 -0.004018794326 2
0 0.655 -0.105 -0.003723519469 2
0 0.655 -0.095 -0.003410362728 2
0 0.655 -0.085 -0.003080501222 2
0 0.655 -0.075 -0.002735083212 2
0 0.655 -0.065 -0.00237533894 2
0 0.655 -0.055 -0.002002658659 2
0 0.655 -0.045 -0.001618630823 2
0 0.655 -0.035 -0.001225047605 2
0 0.655 -0.025 -0.0008238919887 2
0 0.655 -0.015 -0.000417318795 2
0 0.655 -0.005 -7.636440621e-06 2
0 0.655 0.005 0.0004027103062 2
0 0.655 0.015 0.0008111465866 2
0 0.655 0.025 0.001215093426 2
0 0.655 0.035 0.001611901037 2
0 0.655 0.045 0.002000190651 2
0 0.655 0.055 0.002379918192 2
0 0.655 0.065 0.002751570907 2
0 0.655 0.075 0.0031220535 2
0 0.655 0.085 0.003486223562 2
0 0.655 0.095 0.003791029765 1
0 0.655 0.105 0.004020660468 1
0 0.655 0.115 0.004219849579 1
0 0.655 0.125 0.004406935957 1
0 0.655 0.135 0.004584094935 1
0 0.655 0.145 0.004742762544 1
0 0.655 0.155 0.004889748234 1
0 0.655 0.165 0.005033606363 2
0 0.655 0.175 0.00517263209 2
0 0.655 0.185 0.005308139108 2
0 0.655 0.195 0.005413138452 2
0 0.655 0.205 0.005488356 2
0 0.655 0.215 0.00552925288 2
0 0.655 0.225 0.005534917503 2
0 0.655 0.235 0.005504302942 2
0 0.655 0.245 0.005436960243 2
0 0.655 0.255 0.005332664436 2
0 0.655 0.265 0.005191462496 2
0 0.655 0.275 0.005013647924 2
0 0.655 0.285 0.004799780015 2
0 0.655 0.295 0.00455070614 2
0 0.655 0.305 0.004267583776 2
0 0.655 0.315 0.003951931633 2
0 0.655 0.325 0.003605604184 2
0 0.655 0.335 0.00323101602 2
0 0.655 0.345 0.002830606621 2
0 0.655 0.355 0.002408654308 2
0 0.655 0.365 0.001965857112 2
0 0.655 0.375 0.001516140748 2
0 0.655 0.385 0.001035244504 2
0 0.655 0.395 0.0006178995335 2
0 0.655 0.405 0 2
0 0.655 0.415 0 2
0 0.655 0.425 0 2
0 0.655 0.435 0 2
0 0.655 0.445 0 2
0 0.655 0.455 0 2
0 0.655 0.465 0 2
0 0.665 -0.455 0 2
0 0.665 -0.445 0 2
0 0.665 -0.435 0 2
0 0.665 -0.425 0 2
0 0.665 -0.415 0 2
0 0.665 -0.405 0 2
0 0.665 -0.395 -0.0006444930658 2
0 0.665 -0.385 -0.001079386715 2
0 0.665 -0.375 -0.001580144776 2
0 0.665 -0.365 -0.00204780182 2
0 0.665 -0.355 -0.002507730108 2
0 0.665 -0.345 -0.002945506729 2
0 0.665 -0.335 -0.003360582478 2
0 0.665 -0.325 -0.003748756051 2
0 0.665 -0.315 -0.004107857927 2
0 0.665 -0.305 -0.004435879614 2
0 0.665 -0.295 -0.004731518867 2
0 0.665 -0.285 -0.004993882678 2
0 0.665 -0.275 -0.005222403017 2
0 0.665 -0.265 -0.005416648724 2
0 0.665 -0.255 -0.005576180557 2
0 0.665 -0.245 -0.005700451 2
0 0.665 -0.235 -0.005788790058 2
0 0.665 -0.225 -0.005840488083 2
0 0.665 -0.215 -0.00585496841 2
0 0.665 -0.205 -0.005832013244 2
0 0.665 -0.195 -0.005771976865 2
0 0.665 -0.185 -0.005675907437 2
0 0.665 -0.175 -0.005545524296 2
0 0.665 -0.165 -0.005383048155 2
0 0.665 -0.155 -0.005190941826 2
0 0.665 -0.145 -0.004971651343 2
0 0.665 -0.135 -0.004727424742 2
0 0.665 -0.125 -0.004460231309 2
0 0.665 -0.115 -0.00417175687 2
0 0.665 -0.105 -0.003863441072 2
0 0.665 -0.095 -0.003536536944 2
0 0.665 -0.085 -0.003192188913 2
0 0.665 -0.075 -0.002831522511 2
0 0.665 -0.065 -0.002455731075 2
0 0.665 -0.055 -0.002066143513 2
0 0.665 -0.045 -0.001664266483 2
0 0.665 -0.035 -0.001251802497 2
0 0.665 -0.025 -0.0008306505258 2
0 0.665 -0.015 -0.0004029002108 2
0 0.665 -0.005 2.917545424e-05 2
0 0.665 0.005 0.0004631115994 2
0 0.665 0.015 0.0008962390172 2
0 0.665 0.025 0.001325715116 2
0 0.665 0.035 0.001748343366 2
0 0.665 0.045 0.002162276571 2
0 0.665 0.055 0.002562958553 2
0 0.665 0.065 0.002967875565 2
0 0.665 0.075 0.00336071229 2
0 0.665 0.085 0.003698914341 1
0 0.665 0.095 0.003961722704 1
0 0.665 0.105 0.004188185082 1
0 0.665 0.115 0.004404823803 1
0 0.665 0.125 0.004604663412 1
0 0.665 0.135 0.004787712681 1
0 0.665 0.145 0.004950956633 1
0 0.665 0.155 0.005107939193 1
0 0.665 0.165 0.005263677255 2
0 0.665 0.175 0.005413000709 2
0 0.665 0.185 0.005558330399 2
0 0.665 0.195 0.005673365146 2
0 0.665 0.205 0.005756583302 2
0 0.665 0.215 0.005803175394 2
0 0.665 0.225 0.005812141589 2
0 0.665 0.235 0.005782554531 2
0 0.665 0.245 0.005714074483 2
0 0.665 0.255 0.005606576686 2
0 0.665 0.265 0.005460180055 2
0 0.665 0.275 0.005275226076 2
0 0.665 0.285 0.005052300957 2
0 0.665 0.295 0.0047922632 2
0 0.665 0.305 0.004496270841 2
0 0.665 0.315 0.004165840601 2
0 0.665 0.325 0.003802827399 2
0 0.665 0.335 0.003409670023 2
0 0.665 0.345 0.002988834531 2
0 0.665 0.355 0.002544746548 2
0 0.665 0.365 0.002078065247 2
0 0.665 0.375 0.001603498542 2
0 0.665 0.385 0.001095356151 2
0 0.665 0.395 0.0006540511709 2
0 0.665 0.405 0 2
0 0.665 0.415 0 2
0 0.665 0.425 0 2
0 0.665 0.435 0 2
0 0.665 0.445 0 2
0 0.665 0.455 0 2
0 0.665 0.465 0 2
0 0.675 -0.455 0 2
0 0.675 -0.445 0 2
0 0.675 -0.435 0 2
0 0.675 -0.425 0 2
0 0.675 -0.415 0 2
0 0.675 -0.405 0 2
0 0.675 -0.395 -0.0006711255063 2
0 0.675 -0.385 -0.001123513048 2
0 0.675 -0.375 -0.001644038268 2
0 0.675 -0.365 -0.002129467749 2
0 0.675 -0.355 -0.002606223793 2
0 0.675 -0.345 -0.003059285238 2
0 0.675 -0.335 -0.003488107265 2
0 0.675 -0.325 -0.00388835134 2
0 0.675 -0.315 -0.004257815052 2
0 0.675 -0.305 -0.004594497382 2
0 0.675 -0.295 -0.004897177048 2
0 0.675 -0.285 -0.00516510224 2
0 0.675 -0.275 -0.0053978878 2
0 0.675 -0.265 -0.005595292641 2
0 0.675 -0.255 -0.00575703414 2
0 0.675 -0.245 -0.0058826468 2
0 0.675 -0.235 -0.005971436614 2
0 0.675 -0.225 -0.006022558281 2
0 0.675 -0.215 -0.006035223807 2
0 0.675 -0.205 -0.006009013972 2
0 0.675 -0.195 -0.005944199485 2
0 0.675 -0.185 -0.005841938248 2
0 0.675 -0.175 -0.005704251877 2
0 0.675 -0.165 -0.005533769422 2
0 0.675 -0.155 -0.005333335956 2
0 0.675 -0.145 -0.00510564052 2
0 0.675 -0.135 -0.004852996461 2
0 0.675 -0.125 -0.004577297739 2
0 0.675 -0.115 -0.004280085418 2
0 0.675 -0.105 -0.003962649286 2
0 0.675 -0.095 -0.003626120787 2
0 0.675 -0.085 -0.003271553694 2
0 0.675 -0.075 -0.002899998346 2
0 0.675 -0.065 -0.002512571542 2
0 0.675 -0.055 -0.002110516189 2
0 0.675 -0.045 -0.001695244276 2
0 0.675 -0.035 -0.001268360872 2
0 0.675 -0.025 -0.0008316703032 2
0 0.675 -0.015 -0.0003871747678 2
0 0.675 -0.005 6.293434265e-05 2
0 0.675 0.005 0.0005162499522 2
0 0.675 0.015 0.0009701476733 2
0 0.675 0.025 0.001421621316 2
0 0.675 0.035 0.001867294837 2
0 0.675 0.045 0.002303533271 2
0 0.675 0.055 0.002723458951 2
0 0.675 0.065 0.003135989945 2
0 0.675 0.075 0.003519962253 2
0 0.675 0.085 0.003840491889 1
0 0.675 0.095 0.004096213576 1
0 0.675 0.105 0.004327660391 1
0 0.675 0.115 0.0045513321 1
0 0.675 0.125 0.004758063206 1
0 0.675 0.135 0.004952941548 1
0 0.675 0.145 0.005125618917 1
0 0.675 0.155 0.005288135518 1
0 0.675 0.165 0.005454266639 2
0 0.675 0.175 0.005618086329 2
0 0.675 0.185 0.005772874272 2
0 0.675 0.195 0.005894354722 2
0 0.675 0.205 0.005981479666 2
0 0.675 0.215 0.0060306153 2
0 0.675 0.225 0.006040673209 2
0 0.675 0.235 0.006010828074 2
0 0.675 0.245 0.00594073529 2
0 0.675 0.255 0.005830275633 2
0 0.675 0.265 0.005679558675 2
0 0.675 0.275 0.005488908094 2
0 0.675 0.285 0.005258881484 2
0 0.675 0.295 0.004990299164 2
0 0.675 0.305 0.004684273021 2
0 0.675 0.315 0.004342270521 2
0 0.675 0.325 0.00396609744 2
0 0.675 0.335 0.003558161741 2
0 0.675 0.345 0.003120900533 2
0 0.675 0.355 0.002658816318 2
0 0.675 0.365 0.002172495099 2
0 0.675 0.375 0.001677286499 2
0 0.675 0.385 0.001146277082 2
0 0.675 0.395 0.0006847543948 2
0 0.675 0.405 0 2
0 0.675 0.415 0 2
0 0.675 0.425 0 2
0 0.675 0.435 0 2
0 0.675 0.445 0 2
0 0.675 0.455 0 2
0 0.675 0.465 0 2
0 0.685 -0.455 0 2
0 0.685 -0.445 0 2
0 0.685 -0.435 0 2
0 0.685 -0.425 0 2
0 0.685 -0.415 0 2
0 0.685 -0.405 0 2
0 0.685 -0.395 -0.000691408957 2
0 0.685 -0.385 -0.001156804711 2
0 0.685 -0.375 -0.001691804173 2
0 0.685 -0.365 -0.002189878243 2
0 0.685 -0.355 -0.002678279909 2
0 0.685 -0.345 -0.003141552096 2
0 0.685 -0.335 -0.003579163817 2
0 0.685 -0.325 -0.003986666958 2
0 0.685 -0.315 -0.004361830253 2
0 0.685 -0.305 -0.004702682182 2
0 0.685 -0.295 -0.005008135013 2
0 0.685 -0.285 -0.005277666042 2
0 0.685 -0.275 -0.005511182541 2
0 0.685 -0.265 -0.005708744642 2
0 0.685 -0.255 -0.005870318378 2
0 0.685 -0.245 -0.005995574626 2
0 0.685 -0.235 -0.006083794698 2
0 0.685 -0.225 -0.006133929442 2
0 0.685 -0.215 -0.006144847058 2
0 0.685 -0.205 -0.006115774525 2
0 0.685 -0.195 -0.006046798702 2
0 0.685 -0.185 -0.005939192678 2
0 0.685 -0.175 -0.00579539602 2
0 0.685 -0.165 -0.005618610906 2
0 0.685 -0.155 -0.00541218529 2
0 0.685 -0.145 -0.005179060232 2
0 0.685 -0.135 -0.004921520522 2
0 0.685 -0.125 -0.00464125145 2
0 0.685 -0.115 -0.004339534309 2
0 0.685 -0.105 -0.004017433482 2
0 0.685 -0.095 -0.003675910783 2
0 0.685 -0.085 -0.003315892895 2
0 0.685 -0.075 -0.002938322599 2
0 0.685 -0.065 -0.002544213078 2
0 0.685 -0.055 -0.00213470362 2
0 0.685 -0.045 -0.001711105493 2
0 0.685 -0.035 -0.001274930198 2
0 0.685 -0.025 -0.0008278964342 2
0 0.685 -0.015 -0.0003719253205 2
0 0.685 -0.005 9.088271263e-05 2
0 0.685 0.005 0.0005582197281 2
0 0.685 0.015 0.001027626158 2
0 0.685 0.025 0.001496108969 2
0 0.685 0.035 0.001960827856 2
0 0.685 0.045 0.002416204644 2
0 0.685 0.055 0.002863431884 2
0 0.685 0.065 0.003273272084 2
0 0.685 0.075 0.00362098389 1
0 0.685 0.085 0.003913231269 1
0 0.685 0.095 0.004175168042 1
0 0.685 0.105 0.004422653106 1
0 0.685 0.115 0.004652111398 1
0 0.685 0.125 0.004865883432 1
0 0.685 0.135 0.005067743071 1
0 0.685 0.145 0.005251242336 1
0 0.685 0.155 0.005424070491 1
0 0.685 0.165 0.005609305341 2
0 0.685 0.175 0.005790655644 2
0 0.685 0.185 0.005947005741 2
0 0.685 0.195 0.006069949689 2
0 0.685 0.205 0.006156600759 2
0 0.685 0.215 0.006205036599 2
0 0.685 0.225 0.006213978459 2
0 0.685 0.235 0.006182623392 2
0 0.685 0.245 0.006110514553 2
0 0.685 0.255 0.005997447056 2
0 0.685 0.265 0.00584344391 2
0 0.685 0.275 0.005648747326 2
0 0.685 0.285 0.005413832069 2
0 0.685 0.295 0.005139431563 2
0 0.685 0.305 0.004826564604 2
0 0.685 0.315 0.004476600641 2
0 0.685 0.325 0.004091243489 2
0 0.685 0.335 0.003672809541 2
0 0.685 0.345 0.003223643357 2
0 0.685 0.355 0.002748241607 2
0 0.685 0.365 0.002247072102 2
0 0.685 0.375 0.001735961891 2
0 0.685 0.385 0.001186994063 2
0 0.685 0.395 0.0007094307379 2
0 0.685 0.405 0 2
0 0.685 0.415 0 2
0 0.685 0.425 0 2
0 0.685 0.435 0 2
0 0.685 0.445 0 2
0 0.685 0.455 0 2
0 0.685 0.465 0 2
0 0.695 -0.455 0 2
0 0.695 -0.445 0 2
0 0.695 -0.435 0 2
0 0.695 -0.425 0 2
0 0.695 -0.415 0 2
0 0.695 -0.405 0 2
0 0.695 -0.395 -0.000704696639 2
0 0.695 -0.385 -0.001178091964 2
0 0.695 -0.375 -0.001721628591 2
0 0.695 -0.365 -0.002226572709 2
0 0.695 -0.355 -0.002720792265 2
0 0.695 -0.345 -0.003188596946 2
0 0.695 -0.335 -0.00362949211 2
0 0.695 -0.325 -0.004038945367 2
0 0.695 -0.315 -0.004414682502 2
0 0.695 -0.305 -0.004754765606 2
0 0.695 -0.295 -0.00505828569 2
0 0.695 -0.285 -0.0053250406 2
0 0.695 -0.275 -0.005555346759 2
0 0.695 -0.265 -0.005749680789 2
0 0.695 -0.255 -0.005908356769 2
0 0.695 -0.245 -0.006031260176 2
0 0.695 -0.235 -0.00611768332 2
0 0.695 -0.225 -0.00616633314 2
0 0.695 -0.215 -0.006175585874 2
0 0.695 -0.205 -0.006144103116 2
0 0.695 -0.195 -0.006071638541 2
0 0.695 -0.185 -0.005959596822 2
0 0.695 -0.175 -0.005811030976 2
0 0.695 -0.165 -0.005629983531 2
0 0.695 -0.155 -0.005420477499 2
0 0.695 -0.145 -0.005185652268 2
0 0.695 -0.135 -0.004927534378 2
0 0.695 -0.125 -0.004647354343 2
0 0.695 -0.115 -0.004345975399 2
0 0.695 -0.105 -0.004024182746 2
0 0.695 -0.095 -0.003682767153 2
0 0.695 -0.085 -0.003322529837 2
0 0.695 -0.075 -0.00294429398 2
0 0.695 -0.065 -0.002548952402 2
0 0.695 -0.055 -0.002137529688 2
0 0.695 -0.045 -0.001711238504 2
0 0.695 -0.035 -0.001271515093 2
0 0.695 -0.025 -0.000820026155 2
0 0.695 -0.015 -0.000358657113 2
0 0.695 -0.005 0.0001105321098 2
0 0.695 0.005 0.0005852887956 2
0 0.695 0.015 0.001063289613 2
0 0.695 0.025 0.001541519477 2
0 0.695 0.035 0.002017494821 2
0 0.695 0.045 0.002482996147 2
0 0.695 0.055 0.002941019416 2
0 0.695 0.065 0.003340214523 2
0 0.695 0.075 0.00367554372 1
0 0.695 0.085 0.003962604256 1
0 0.695 0.095 0.004220439008 1
0 0.695 0.105 0.004473254842 1
0 0.695 0.115 0.004706037452 1
0 0.695 0.125 0.00492593507 1
0 0.695 0.135 0.005125994093 1
0 0.695 0.145 0.005313304662 1
0 0.695 0.155 0.005519719061 2
0 0.695 0.165 0.005733088428 2
0 0.695 0.175 0.005923696566 2
0 0.695 0.185 0.006071917106 2
0 0.695 0.195 0.006190606653 2
0 0.695 0.205 0.006272895324 2
0 0.695 0.215 0.006317871634 2
0 0.695 0.225 0.006323921332 2
0 0.695 0.235 0.006290146985 2
0 0.695 0.245 0.00621591066 2
0 0.695 0.255 0.00610085859 2
0 0.695 0.265 0.005944873394 2
0 0.695 0.275 0.005748068658 2
0 0.695 0.285 0.005510794053 2
0 0.695 0.295 0.00523365604 2
0 0.695 0.305 0.004917539467 2
0 0.695 0.315 0.004563670646 2
0 0.695 0.325 0.004173599512 2
0 0.695 0.335 0.003749487379 2
0 0.695 0.345 0.003293516049 2
0 0.695 0.355 0.002810080779 2
0 0.695 0.365 0.002299473188 2
0 0.695 0.375 0.001777804356 2
0 0.695 0.385 0.001216384333 2
0 0.695 0.395 0.0007274449336 2
0 0.695 0.405 0 2
0 0.695 0.415 0 2
0 0.695 0.425 0 2
0 0.695 0.435 0 2
0 0.695 0.445 0 2
0 0.695 0.455 0 2
0 0.695 0.465 0 2
0 0.705 -0.455 0 2
0 0.705 -0.445 0 2
0 0.705 -0.435 0 2
0 0.705 -0.425 0 2
0 0.705 -0.415 0 2
0 0.705 -0.405 0 2
0 0.705 -0.395 -0.0007103092883 2
0 0.705 -0.385 -0.001186121322 2
0 0.705 -0.375 -0.001731537212 2
0 0.705 -0.365 -0.002236839032 2
0 0.705 -0.355 -0.002730310845 2
0 0.705 -0.345 -0.003196291556 2
0 0.705 -0.335 -0.003634373056 2
0 0.705 -0.325 -0.004039963484 2
0 0.705 -0.315 -0.004410702955 2
0 0.705 -0.305 -0.004744661664 2
0 0.705 -0.295 -0.005041142244 2
0 0.705 -0.285 -0.005300356653 2
0 0.705 -0.275 -0.00552314274 2
0 0.705 -0.265 -0.005710487874 2
0 0.705 -0.255 -0.005863136206 2
0 0.705 -0.245 -0.005981272848 2
0 0.705 -0.235 -0.006064265231 2
0 0.705 -0.225 -0.006110593875 2
0 0.705 -0.215 -0.00611804497 2
0 0.705 -0.205 -0.006084516167 2
0 0.705 -0.195 -0.006009303929 2
0 0.705 -0.185 -0.005894006614 2
0 0.705 -0.175 -0.005742505315 2
0 0.705 -0.165 -0.00555995067 2
0 0.705 -0.155 -0.005351193553 2
0 0.705 -0.145 -0.005119389736 2
0 0.705 -0.135 -0.004865901813 2
0 0.705 -0.125 -0.004591179653 2
0 0.705 -0.115 -0.004295521674 2
0 0.705 -0.105 -0.003979440138 2
0 0.705 -0.095 -0.003643625001 2
0 0.705 -0.085 -0.003288799279 2
0 0.705 -0.075 -0.00291566791 2
0 0.705 -0.065 -0.002524984407 2
0 0.705 -0.055 -0.002117647773 2
0 0.705 -0.045 -0.001694779893 2
0 0.705 -0.035 -0.001257772613 2
0 0.705 -0.025 -0.000808295796 2
0 0.705 -0.015 -0.0003482797803 2
0 0.705 -0.005 0.0001201509013 2
0 0.705 0.005 0.0005946849919 2
0 0.705 0.015 0.001073018198 2
0 0.705 0.025 0.001552120316 2
0 0.705 0.035 0.002029805181 2
0 0.705 0.045 0.002496483903 2
0 0.705 0.055 0.002953304954 2
0 0.705 0.065 0.003346540207 2
0 0.705 0.075 0.003681273431 1
0 0.705 0.085 0.003971042936 1
0 0.705 0.095 0.004225696379 1
0 0.705 0.105 0.004475447689 1
0 0.705 0.115 0.0047121596 1
0 0.705 0.125 0.004936493729 1
0 0.705 0.135 0.005138140075 1
0 0.705 0.145 0.005336776913 1
0 0.705 0.155 0.005568792421 2
0 0.705 0.165 0.005796539311 2
0 0.705 0.175 0.005986182951 2
0 0.705 0.185 0.00613080048 2
0 0.705 0.195 0.006242819158 2
0 0.705 0.205 0.006318906767 2
0 0.705 0.215 0.006358805961 2
0 0.705 0.225 0.006360975312 2
0 0.705 0.235 0.006324446686 2
0 0.705 0.245 0.006248424621 2
0 0.705 0.255 0.006132395768 2
0 0.705 0.265 0.005976085414 2
0 0.705 0.275 0.005779457361 2
0 0.705 0.285 0.005542713256 2
0 0.705 0.295 0.005266307309 2
0 0.705 0.305 0.004950961132 2
0 0.705 0.315 0.004597721507 2
0 0.705 0.325 0.004207938187 2
0 0.705 0.335 0.003783555074 2
0 0.705 0.345 0.003326516984 2
0 0.705 0.355 0.00284100934 2
0 0.705 0.365 0.002327074179 2
0 0.705 0.375 0.001800877061 2
0 0.705 0.385 0.001233191882 2
0 0.705 0.395 0.0007380932544 2
0 0.705 0.405 0 2
0 0.705 0.415 0 2
0 0.705 0.425 0 2
0 0.705 0.435 0 2
0 0.705 0.445 0 2
0 0.705 0.455 0 2
0 0.705 0.465 0 2
0 0.715 -0.455 0 2
0 0.715 -0.445 0 2
0 0.715 -0.435 0 2
0 0.715 -0.425 0 2
0 0.715 -0.415 0 2
0 0.715 -0.405 0 2
0 0.715 -0.395 -0.000707549586 2
0 0.715 -0.385 -0.001179573665 2
0 0.715 -0.375 -0.0017194028 2
0 0.715 -0.365 -0.002217688278 2
0 0.715 -0.355 -0.002702969583 2
0 0.715 -0.345 -0.003159974087 2
0 0.715 -0.335 -0.003588489034 2
0 0.715 -0.325 -0.003983890343 2
0 0.715 -0.315 -0.004343637238 2
0 0.715 -0.305 -0.004665734723 2
0 0.715 -0.295 -0.004949729136 2
0 0.715 -0.285 -0.005196364626 2
0 0.715 -0.275 -0.005407101361 2
0 0.715 -0.265 -0.005583467228 2
0 0.715 -0.255 -0.005726625685 2
0 0.715 -0.245 -0.005836982807 2
0 0.715 -0.235 -0.005914121604 2
0 0.715 -0.225 -0.005956668623 2
0 0.715 -0.215 -0.005961779604 2
0 0.715 -0.205 -0.005926292279 2
0 0.715 -0.195 -0.005848881981 2
0 0.715 -0.185 -0.005731295937 2
0 0.715 -0.175 -0.005578832633 2
0 0.715 -0.165 -0.005398503931 2
0 0.715 -0.155 -0.005196088608 2
0 0.715 -0.145 -0.004974035159 2
0 0.715 -0.135 -0.004731982949 2
0 0.715 -0.125 -0.004468939444 2
0 0.715 -0.115 -0.004184716916 2
0 0.715 -0.105 -0.003879988494 2
0 0.715 -0.095 -0.0035555301 2
0 0.715 -0.085 -0.003212057453 2
0 0.715 -0.075 -0.002850145233 2
0 0.715 -0.065 -0.002470366717 2
0 0.715 -0.055 -0.002073478739 2
0 0.715 -0.045 -0.001660523166 2
0 0.715 -0.035 -0.001232884496 2
0 0.715 -0.025 -0.0007923006282 2
0 0.715 -0.015 -0.0003408471816 2
0 0.715 -0.005 0.0001191441406 2
0 0.715 0.005 0.0005851353932 2
0 0.715 0.015 0.00105465018 2
0 0.715 0.025 0.001524664179 2
0 0.715 0.035 0.001993373558 2
0 0.715 0.045 0.002452522451 2
0 0.715 0.055 0.002907297718 2
0 0.715 0.065 0.003300461385 2
0 0.715 0.075 0.003629447213 1
0 0.715 0.085 0.003915195829 1
0 0.715 0.095 0.004176339806 1
0 0.715 0.105 0.004430937912 1
0 0.715 0.115 0.004663745862 1
0 0.715 0.125 0.00487891171 1
0 0.715 0.135 0.005089062993 1
0 0.715 0.145 0.005336430629 2
0 0.715 0.155 0.005590731251 2
0 0.715 0.165 0.005803700273 2
0 0.715 0.175 0.005972989235 2
0 0.715 0.185 0.006110893348 2
0 0.715 0.195 0.00621378583 2
0 0.715 0.205 0.006282562728 2
0 0.715 0.215 0.006316628188 2
0 0.715 0.225 0.006314678633 2
0 0.715 0.235 0.00627567621 2
0 0.715 0.245 0.006198717097 2
0 0.715 0.255 0.006083152458 2
0 0.715 0.265 0.005928564998 2
0 0.715 0.275 0.005734773602 2
0 0.715 0.285 0.005501830245 2
0 0.715 0.295 0.005230029378 2
0 0.715 0.305 0.004919915423 2
0 0.715 0.315 0.004572332512 2
0 0.715 0.325 0.004188394728 2
0 0.715 0.335 0.003769772743 2
0 0.715 0.345 0.003318100619 2
0 0.715 0.355 0.002837234395 2
0 0.715 0.365 0.002326875905 2
0 0.715 0.375 0.001802970539 2
0 0.715 0.385 0.001235992339 2
0 0.715 0.395 0.000740585939 2
0 0.715 0.405 0 2
0 0.715 0.415 0 2
0 0.715 0.425 0 2
0 0.715 0.435 0 2
0 0.715 0.445 0 2
0 0.715 0.455 0 2
0 0.715 0.465 0 2
0 0.725 -0.455 0 2
0 0.725 -0.445 0 2
0 0.725 -0.435 0 2
0 0.725 -0.425 0 2
0 0.725 -0.415 0 2
0 0.725 -0.405 0 2
0 0.725 -0.395 -0.0006957292336 2
0 0.725 -0.385 -0.001157110943 2
0 0.725 -0.375 -0.001683009309 2
0 0.725 -0.365 -0.002165923591 2
0 0.725 -0.355 -0.002634526026 2
0 0.725 -0.345 -0.003074399744 2
0 0.725 -0.335 -0.003485734198 2
0 0.725 -0.325 -0.003863961035 2
0 0.725 -0.315 -0.004206258988 2
0 0.725 -0.305 -0.004510479315 2
0 0.725 -0.295 -0.004776449191 2
0 0.725 -0.285 -0.005005543982 2
0 0.725 -0.275 -0.005199857067 2
0 0.725 -0.265 -0.005361359731 2
0 0.725 -0.255 -0.005491377874 2
0 0.725 -0.245 -0.005590293342 2
0 0.725 -0.235 -0.005658067499 2
0 0.725 -0.225 -0.005693697437 2
0 0.725 -0.215 -0.005693643044 2
0 0.725 -0.205 -0.005654456568 2
0 0.725 -0.195 -0.005575652823 2
0 0.725 -0.185 -0.005459334593 2
0 0.725 -0.175 -0.005311430432 2
0 0.725 -0.165 -0.005140099858 2
0 0.725 -0.155 -0.004951177827 2
0 0.725 -0.145 -0.004746124341 2
0 0.725 -0.135 -0.004522611941 2
0 0.725 -0.125 -0.00427759599 2
0 0.725 -0.115 -0.004010471827 2
0 0.725 -0.105 -0.003722659914 2
0 0.725 -0.095 -0.003415473877 2
0 0.725 -0.085 -0.003089585455 2
0 0.725 -0.075 -0.002745321431 2
0 0.725 -0.065 -0.002382979487 2
0 0.725 -0.055 -0.002003161377 2
0 0.725 -0.045 -0.001606857335 2
0 0.725 -0.035 -0.001195484439 2
0 0.725 -0.025 -0.0007709011871 2
0 0.725 -0.015 -0.0003354208433 2
0 0.725 -0.005 0.0001082667725 2
0 0.725 0.005 0.0005571972047 2
0 0.725 0.015 0.001008456511 2
0 0.725 0.025 0.001458847004 2
0 0.725 0.035 0.001906454001 2
0 0.725 0.045 0.002345644037 2
0 0.725 0.055 0.002783512571 2
0 0.725 0.065 0.00318155072 2
0 0.725 0.075 0.003522287402 1
0 0.725 0.085 0.003812156793 1
0 0.725 0.095 0.004069321532 1
0 0.725 0.105 0.004314302445 1
0 0.725 0.115 0.004541617429 1
0 0.725 0.125 0.004764269008 1
0 0.725 0.135 0.005025615711 2
0 0.725 0.145 0.005292901627 2
0 0.725 0.155 0.005531982786 2
0 0.725 0.165 0.005720648976 2
0 0.725 0.175 0.005873594935 2
0 0.725 0.185 0.005997768042 2
0 0.725 0.195 0.006090362094 2
0 0.725 0.205 0.006151366082 2
0 0.725 0.215 0.006179622761 2
0 0.725 0.225 0.006173978992 2
0 0.725 0.235 0.006133349318 2
0 0.725 0.245 0.006056782876 2
0 0.725 0.255 0.005943543987 2
0 0.725 0.265 0.005793110991 2
0 0.725 0.275 0.005605184172 2
0 0.725 0.285 0.00537968341 2
0 0.725 0.295 0.005116753654 2
0 0.725 0.305 0.004816765329 2
0 0.725 0.315 0.004480353769 2
0 0.725 0.325 0.004108378474 2
0 0.725 0.335 0.003702194978 2
0 0.725 0.345 0.003263061244 2
0 0.725 0.355 0.00279437848 2
0 0.725 0.365 0.002295400924 2
0 0.725 0.375 0.001781523072 2
0 0.725 0.385 0.001223143749 2
0 0.725 0.395 0.0007340235647 2
0 0.725 0.405 0 2
0 0.725 0.415 0 2
0 0.725 0.425 0 2
0 0.725 0.435 0 2
0 0.725 0.445 0 2
0 0.725 0.455 0 2
0 0.725 0.465 0 2
0 0.735 -0.455 0 2
0 0.735 -0.445 0 2
0 0.735 -0.435 0 2
0 0.735 -0.425 0 2
0 0.735 -0.415 0 2
0 0.735 -0.405 0 2
0 0.735 -0.395 -0.0006741909808 2
0 0.735 -0.385 -0.001117436041 2
0 0.735 -0.375 -0.001620161767 2
0 0.735 -0.365 -0.00207822595 2
0 0.735 -0.355 -0.002520280012 2
0 0.735 -0.345 -0.002933450404 2
0 0.735 -0.335 -0.00331885484 2
0 0.735 -0.325 -0.003672150083 2
0 0.735 -0.315 -0.00398996907 2
0 0.735 -0.305 -0.00426984178 2
0 0.735 -0.295 -0.004512163703 2
0 0.735 -0.285 -0.004719305007 2
0 0.735 -0.275 -0.004893956061 2
0 0.735 -0.265 -0.005037817541 2
0 0.735 -0.255 -0.005151608056 2
0 0.735 -0.245 -0.005235392575 2
0 0.735 -0.235 -0.005289151636 2
0 0.735 -0.225 -0.005308655768 2
0 0.735 -0.215 -0.005296518022 2
0 0.735 -0.205 -0.005248715755 2
0 0.735 -0.195 -0.005162027527 2
0 0.735 -0.185 -0.005047612921 2
0 0.735 -0.175 -0.00491297798 2
0 0.735 -0.165 -0.004761924029 2
0 0.735 -0.155 -0.004605647599 2
0 0.735 -0.145 -0.004435452573 2
0 0.735 -0.135 -0.004237280469 2
0 0.735 -0.125 -0.004015520399 2
0 0.735 -0.115 -0.003770353075 2
0 0.735 -0.105 -0.003504658782 2
0 0.735 -0.095 -0.003220711107 2
0 0.735 -0.085 -0.002918815529 2
0 0.735 -0.075 -0.00259878466 2
0 0.735 -0.065 -0.00226051827 2
0 0.735 -0.055 -0.00190448228 2
0 0.735 -0.045 -0.001531675106 2
0 0.735 -0.035 -0.001143576285 2
0 0.735 -0.025 -0.0007421709071 2
0 0.735 -0.015 -0.0003300552285 2
0 0.735 -0.005 8.960603418e-05 2
0 0.735 0.005 0.0005132462939 2
0 0.735 0.015 0.0009372642122 2
0 0.735 0.025 0.001357968528 2
0 0.735 0.035 0.001772435117 2
0 0.735 0.045 0.002176394267 2
0 0.735 0.055 0.002568314627 2
0 0.735 0.065 0.002946937374 2
0 0.735 0.075 0.00330965658 2
0 0.735 0.085 0.003633503062 1
0 0.735 0.095 0.003885684878 1
0 0.735 0.105 0.004115602471 1
0 0.735 0.115 0.004369624115 2
0 0.735 0.125 0.00464311601 2
0 0.735 0.135 0.004917217353 2
0 0.735 0.145 0.005153487588 2
0 0.735 0.155 0.005354084055 2
0 0.735 0.165 0.005522318563 2
0 0.735 0.175 0.005664158351 2
0 0.735 0.185 0.005776138725 2
0 0.735 0.195 0.005859191587 2
0 0.735 0.205 0.005912825181 2
0 0.735 0.215 0.005935940026 2
0 0.735 0.225 0.005927532354 2
0 0.735 0.235 0.005886564483 2
0 0.735 0.245 0.005812113439 2
0 0.735 0.255 0.005703420181 2
0 0.735 0.265 0.005559910062 2
0 0.735 0.275 0.005381204909 2
0 0.735 0.285 0.005167124295 2
0 0.735 0.295 0.004917688998 2
0 0.735 0.305 0.004633115429 2
0 0.735 0.315 0.004313843216 2
0 0.735 0.325 0.003960480554 2
0 0.735 0.335 0.003574049188 2
0 0.735 0.345 0.003155386654 2
0 0.735 0.355 0.002707320017 2
0 0.735 0.365 0.002228539512 2
0 0.735 0.375 0.001733492429 2
0 0.735 0.385 0.001192700849 2
0 0.735 0.395 0.0007173521175 2
0 0.735 0.405 0 2
0 0.735 0.415 0 2
0 0.735 0.425 0 2
0 0.735 0.435 0 2
0 0.735 0.445 0 2
0 0.735 0.455 0 2
0 0.735 0.465 0 2
0 0.745 -0.455 0 2
0 0.745 -0.445 0 2
0 0.745 -0.435 0 2
0 0.745 -0.425 0 2
0 0.745 -0.415 0 2
0 0.745 -0.405 0 2
0 0.745 -0.395 -0.0006423222373 2
0 0.745 -0.385 -0.001059352129 2
0 0.745 -0.375 -0.001528801994 2
0 0.745 -0.365 -0.001951487681 2
0 0.745 -0.355 -0.002355914333 2
0 0.745 -0.345 -0.002731418602 2
0 0.745 -0.335 -0.003080275622 2
0 0.745 -0.325 -0.003398655102 2
0 0.745 -0.315 -0.003683429649 2
0 0.745 -0.305 -0.003932703343 2
0 0.745 -0.295 -0.004147461929 2
0 0.745 -0.285 -0.004330214078 2
0 0.745 -0.275 -0.004483446318 2
0 0.745 -0.265 -0.004608229363 2
0 0.745 -0.255 -0.004704440496 2
0 0.745 -0.245 -0.004771117043 2
0 0.745 -0.235 -0.004803075289 2
0 0.745 -0.225 -0.004797619849 2
0 0.745 -0.215 -0.004762220865 2
0 0.745 -0.205 -0.004697431647 2
0 0.745 -0.195 -0.004608676863 2
0 0.745 -0.185 -0.00452115283 2
0 0.745 -0.175 -0.004424198556 2
0 0.745 -0.165 -0.004303769725 2
0 0.745 -0.155 -0.004176424856 2
0 0.745 -0.145 -0.004040422746 2
0 0.745 -0.135 -0.003876984798 2
0 0.745 -0.125 -0.003679866888 2
0 0.745 -0.115 -0.003459758218 2
0 0.745 -0.105 -0.003221492671 2
0 0.745 -0.095 -0.002967670452 2
0 0.745 -0.085 -0.002696976087 2
0 0.745 -0.075 -0.002408031442 2
0 0.745 -0.065 -0.002100398575 2
0 0.745 -0.055 -0.00177480433 2
0 0.745 -0.045 -0.001432378765 2
0 0.745 -0.035 -0.001074642187 2
0 0.745 -0.025 -0.0007035985627 2
0 0.745 -0.015 -0.0003220675327 2
0 0.745 -0.005 6.625643835e-05 2
0 0.745 0.005 0.0004571006357 2
0 0.745 0.015 0.0008461008089 2
0 0.745 0.025 0.001229098543 2
0 0.745 0.035 0.001602594809 2
0 0.745 0.045 0.00196341377 2
0 0.745 0.055 0.002307423295 2
0 0.745 0.065 0.002641809489 2
0 0.745 0.075 0.002969606317 2
0 0.745 0.085 0.003295417805 2
0 0.745 0.095 0.003601484588 2
0 0.745 0.105 0.003885269659 2
0 0.745 0.115 0.004156927825 2
0 0.745 0.125 0.004416578053 2
0 0.745 0.135 0.004658767379 2
0 0.745 0.145 0.004868673524 2
0 0.745 0.155 0.005048773645 2
0 0.745 0.165 0.005205086333 2
0 0.745 0.175 0.005333058337 2
0 0.745 0.185 0.005433981089 2
0 0.745 0.195 0.005508112634 2
0 0.745 0.205 0.005554994404 2
0 0.745 0.215 0.005573869043 2
0 0.745 0.225 0.005563880568 2
0 0.745 0.235 0.00552412829 2
0 0.745 0.245 0.005453780163 2
0 0.745 0.255 0.005352115154 2
0 0.745 0.265 0.005218557949 2
0 0.745 0.275 0.005052696798 2
0 0.745 0.285 0.004854290192 2
0 0.745 0.295 0.004623270433 2
0 0.745 0.305 0.004359733961 2
0 0.745 0.315 0.004063957079 2
0 0.745 0.325 0.003736326564 2
0 0.745 0.335 0.003377545824 2
0 0.745 0.345 0.002988029386 2
0 0.745 0.355 0.002569942952 2
0 0.745 0.365 0.002121310283 2
0 0.745 0.375 0.001655162795 2
0 0.745 0.385 0.00114229637 2
0 0.745 0.395 0.0006893097275 2
0 0.745 0.405 0 2
0 0.745 0.415 0 2
0 0.745 0.425 0 2
0 0.745 0.435 0 2
0 0.745 0.445 0 2
0 0.745 0.455 0 2
0 0.745 0.465 0 2
0 0.755 -0.455 0 2
0 0.755 -0.445 0 2
0 0.755 -0.435 0 2
0 0.755 -0.425 0 2
0 0.755 -0.415 0 2
0 0.755 -0.405 0 2
0 0.755 -0.395 -0.000599412147 2
0 0.755 -0.385 -0.0009816077352 2
0 0.755 -0.375 -0.001407054917 2
0 0.755 -0.365 -0.001783328323 2
0 0.755 -0.355 -0.002138387516 2
0 0.755 -0.345 -0.00246176959 2
0 0.755 -0.335 -0.002758217747 2
0 0.755 -0.325 -0.003027321047 2
0 0.755 -0.315 -0.003266901782 2
0 0.755 -0.305 -0.003474535969 2
0 0.755 -0.295 -0.003659248852 2
0 0.755 -0.285 -0.003823777681 2
0 0.755 -0.275 -0.003965636678 2
0 0.755 -0.265 -0.004073010678 2
0 0.755 -0.255 -0.004152476555 2
0 0.755 -0.245 -0.004198918036 2
0 0.755 -0.235 -0.004208156238 2
0 0.755 -0.225 -0.004180809176 2
0 0.755 -0.215 -0.004120374305 2
0 0.755 -0.205 -0.004026960493 1
0 0.755 -0.195 -0.003962327299 1
0 0.755 -0.185 -0.003911191254 1
0 0.755 -0.175 -0.003862762152 1
0 0.755 -0.165 -0.003799899311 2
0 0.755 -0.155 -0.003692923049 2
0 0.755 -0.145 -0.00357862419 2
0 0.755 -0.135 -0.003444283071 2
0 0.755 -0.125 -0.003270335822 2
0 0.755 -0.115 -0.003077984025 2
0 0.755 -0.105 -0.002872630973 2
0 0.755 -0.095 -0.002655458299 2
0 0.755 -0.085 -0.002422588881 2
0 0.755 -0.075 -0.002170848214 2
0 0.755 -0.065 -0.001899725408 2
0 0.755 -0.055 -0.001610799786 2
0 0.755 -0.045 -0.001305466998 2
0 0.755 -0.035 -0.0009851763579 2
0 0.755 -0.025 -0.000651718314 2
0 0.755 -0.015 -0.0003079737242 2
0 0.755 -0.005 4.185209627e-05 2
0 0.755 0.005 0.0003928315268 2
0 0.755 0.015 0.0007399746951 2
0 0.755 0.025 0.00107892797 2
0 0.755 0.035 0.001406716853 2
0 0.755 0.045 0.001722088911 2
0 0.755 0.055 0.002025017187 2
0 0.755 0.065 0.002318526949 2
0 0.755 0.075 0.002609415354 2
0 0.755 0.085 0.002911275653 2
0 0.755 0.095 0.003222099733 2
0 0.755 0.105 0.003522994576 2
0 0.755 0.115 0.003793476313 2
0 0.755 0.125 0.004032514766 2
0 0.755 0.135 0.004248115667 2
0 0.755 0.145 0.004444618057 2
0 0.755 0.155 0.004613304505 2
0 0.755 0.165 0.004754594024 2
0 0.755 0.175 0.004869856449 2
0 0.755 0.185 0.004960204583 2
0 0.755 0.195 0.005025815223 2
0 0.755 0.205 0.005066571805 2
0 0.755 0.215 0.005082085924 2
0 0.755 0.225 0.005071749672 2
0 0.755 0.235 0.005034866879 2
0 0.755 0.245 0.004970744943 2
0 0.755 0.255 0.004878750033 2
0 0.755 0.265 0.0047583508 2
0 0.755 0.275 0.004609143722 2
0 0.755 0.285 0.004430866037 2
0 0.755 0.295 0.004223401425 2
0 0.755 0.305 0.00398676898 2
0 0.755 0.315 0.003721129193 2
0 0.755 0.325 0.003426702934 2
0 0.755 0.335 0.003103930771 2
0 0.755 0.345 0.002752863318 2
0 0.755 0.355 0.002374984517 2
0 0.755 0.365 0.00196761368 2
0 0.755 0.375 0.001541857294 2
0 0.755 0.385 0.001068900136 2
0 0.755 0.395 0.0006482793142 2
0 0.755 0.405 0 2
0 0.755 0.415 0 2
0 0.755 0.425 0 2
0 0.755 0.435 0 2
0 0.755 0.445 0 2
0 0.755 0.455 0 2
0 0.755 0.465 0 2
0 0.765 -0.455 0 2
0 0.765 -0.445 0 2
0 0.765 -0.435 0 2
0 0.765 -0.425 0 2
0 0.765 -0.415 0 2
0 0.765 -0.405 0 2
0 0.765 -0.395 -0.0005443398274 2
0 0.765 -0.385 -0.0008822728248 2
0 0.765 -0.375 -0.001252412267 2
0 0.765 -0.365 -0.001571525092 2
0 0.765 -0.355 -0.001864779722 2
0 0.765 -0.345 -0.002125392592 2
0 0.765 -0.335 -0.002357431972 2
0 0.765 -0.325 -0.002560761826 2
0 0.765 -0.315 -0.00273691395 2
0 0.765 -0.305 -0.002898019694 2
0 0.765 -0.295 -0.0030543525 2
0 0.765 -0.285 -0.003201876907 2
0 0.765 -0.275 -0.003329926518 2
0 0.765 -0.265 -0.00342867546 2
0 0.765 -0.255 -0.003499580568 2
0 0.765 -0.245 -0.003530318358 2
0 0.765 -0.235 -0.003529514778 2
0 0.765 -0.225 -0.003499771651 2
0 0.765 -0.215 -0.003434031928 1
0 0.765 -0.205 -0.003382353773 1
0 0.765 -0.195 -0.003343073965 1
0 0.765 -0.185 -0.003299850386 1
0 0.765 -0.175 -0.003256500068 1
0 0.765 -0.165 -0.003206416502 1
0 0.765 -0.155 -0.003138260014 2
0 0.765 -0.145 -0.003033052603 2
0 0.765 -0.135 -0.002909275488 2
0 0.765 -0.125 -0.00275941878 2
0 0.765 -0.115 -0.002601530649 2
0 0.765 -0.105 -0.002446423823 2
0 0.765 -0.095 -0.002282497058 2
0 0.765 -0.085 -0.002093378395 2
0 0.765 -0.075 -0.001883814329 2
0 0.765 -0.065 -0.001654295376 2
0 0.765 -0.055 -0.001407917633 2
0 0.765 -0.045 -0.00114680543 2
0 0.765 -0.035 -0.0008717682926 2
0 0.765 -0.025 -0.0005836266313 2
0 0.765 -0.015 -0.0002848771758 2
0 0.765 -0.005 1.971043175e-05 2
0 0.765 0.005 0.0003243942765 2
0 0.765 0.015 0.0006234111792 2
0 0.765 0.025 0.0009122016158 2
0 0.765 0.035 0.00118914999 2
0 0.765 0.045 0.001455617552 2
0 0.765 0.055 0.00171456527 2
0 0.765 0.065 0.001970596836 2
0 0.765 0.075 0.002230684847 2
0 0.765 0.085 0.002498674238 2
0 0.765 0.095 0.002771083798 2
0 0.765 0.105 0.00303731009 2
0 0.765 0.115 0.003286809474 2
0 0.765 0.125 0.003513426935 2
0 0.765 0.135 0.00371455262 2
0 0.765 0.145 0.003889774661 2
0 0.765 0.155 0.004039287772 2
0 0.765 0.165 0.004164245468 2
0 0.765 0.175 0.004265574839 2
0 0.765 0.185 0.004344280378 2
0 0.765 0.195 0.00440086521 2
0 0.765 0.205 0.00443558144 2
0 0.765 0.215 0.004448312577 2
0 0.765 0.225 0.004438713159 2
0 0.765 0.235 0.00440630237 2
0 0.765 0.245 0.00435054798 2
0 0.765 0.255 0.004270931341 2
0 0.765 0.265 0.004166995874 2
0 0.765 0.275 0.004038379152 2
0 0.765 0.285 0.003884831532 2
0 0.765 0.295 0.003706225329 2
0 0.765 0.305 0.003502545679 2
0 0.765 0.315 0.003273891306 2
0 0.765 0.325 0.003020390431 2
0 0.765 0.335 0.002742314692 2
0 0.765 0.345 0.002439487559 2
0 0.765 0.355 0.002112811417 2
0 0.765 0.365 0.001759093085 2
0 0.765 0.375 0.001387051165 2
0 0.765 0.385 0.0009683121231 2
0 0.765 0.395 0.0005920866596 2
0 0.765 0.405 0 2
0 0.765 0.415 0 2
0 0.765 0.425 0 2
0 0.765 0.435 0 2
0 0.765 0.445 0 2
0 0.765 0.455 0 2
0 0.765 0.465 0 2
0 0.775 -0.455 0 2
0 0.775 -0.445 0 2
0 0.775 -0.435 0 2
0 0.775 -0.425 0 2
0 0.775 -0.415 0 2
0 0.775 -0.405 0 2
0 0.775 -0.395 -0.0004749042483 2
0 0.775 -0.385 -0.000758018937 2
0 0.775 -0.375 -0.001061633056 2
0 0.775 -0.365 -0.001315177067 2
0 0.775 -0.355 -0.0015402049 2
0 0.775 -0.345 -0.001737427868 2
0 0.775 -0.335 -0.001906329158 2
0 0.775 -0.325 -0.002023696421 1
0 0.775 -0.315 -0.002119919643 1
0 0.775 -0.305 -0.00222465384 1
0 0.775 -0.295 -0.002368545394 2
0 0.775 -0.285 -0.002499563876 2
0 0.775 -0.275 -0.002608701307 2
0 0.775 -0.265 -0.002697259069 2
0 0.775 -0.255 -0.00276034514 2
0 0.775 -0.245 -0.002794096505 2
0 0.775 -0.235 -0.002803278178 2
0 0.775 -0.225 -0.002775042481 1
0 0.775 -0.215 -0.002738151178 1
0 0.775 -0.205 -0.002710124754 1
0 0.775 -0.195 -0.002680052138 1
0 0.775 -0.185 -0.002636039587 1
0 0.775 -0.175 -0.002582653136 1
0 0.775 -0.165 -0.002528864696 1
0 0.775 -0.155 -0.002480678252 2
0 0.775 -0.145 -0.002393682621 2
0 0.775 -0.135 -0.00229736166 2
0 0.775 -0.125 -0.002191018002 2
0 0.775 -0.115 -0.002075427903 2
0 0.775 -0.105 -0.001971420893 2
0 0.775 -0.095 -0.001857469634 2
0 0.775 -0.085 -0.001711097738 2
0 0.775 -0.075 -0.001545243585 2
0 0.775 -0.065 -0.001360965869 2
0 0.775 -0.055 -0.001161771517 2
0 0.775 -0.045 -0.0009504806451 2
0 0.775 -0.035 -0.000727159754 2
0 0.775 -0.025 -0.0004918451697 2
0 0.775 -0.015 -0.0002467845014 2
0 0.775 -0.005 3.223212631e-06 2
0 0.775 0.005 0.0002527195976 2
0 0.775 0.015 0.0004959188778 2
0 0.775 0.025 0.0007281071655 2
0 0.775 0.035 0.0009489234823 2
0 0.775 0.045 0.001162123746 2
0 0.775 0.055 0.001372569731 2
0 0.775 0.065 0.001583874563 2
0 0.775 0.075 0.001800318297 2
0 0.775 0.085 0.002024018791 2
0 0.775 0.095 0.00225226359 2
0 0.775 0.105 0.002476929651 2
0 0.775 0.115 0.002688729835 2
0 0.775 0.125 0.002881353247 2
0 0.775 0.135 0.003052023912 2
0 0.775 0.145 0.003200339751 2
0 0.775 0.155 0.0033265173 2
0 0.775 0.165 0.003431371443 2
0 0.775 0.175 0.003515798347 2
0 0.775 0.185 0.003580859868 2
0 0.775 0.195 0.003627317845 2
0 0.775 0.205 0.003655601475 2
0 0.775 0.215 0.003665815978 2
0 0.775 0.225 0.003657832126 2
0 0.775 0.235 0.003631358571 2
0 0.775 0.245 0.003586019997 2
0 0.775 0.255 0.00352142163 2
0 0.775 0.265 0.003437198881 2
0 0.775 0.275 0.003333052736 2
0 0.775 0.285 0.003208772035 2
0 0.775 0.295 0.003064246146 2
0 0.775 0.305 0.002899460365 2
0 0.775 0.315 0.002714496921 2
0 0.775 0.325 0.002509459805 2
0 0.775 0.335 0.002284554774 2
0 0.775 0.345 0.002039556544 2
0 0.775 0.355 0.001774995325 2
0 0.775 0.365 0.001487624392 2
0 0.775 0.375 0.001183547703 2
0 0.775 0.385 0.0008352650951 2
0 0.775 0.395 0.0005177049089 2
0 0.775 0.405 0 2
0 0.775 0.415 0 2
0 0.775 0.425 0 2
0 0.775 0.435 0 2
0 0.775 0.445 0 2
0 0.775 0.455 0 2
0 0.775 0.465 0 2
0 0.785 -0.455 0 2
0 0.785 -0.445 0 2
0 0.785 -0.435 0 2
0 0.785 -0.425 0 2
0 0.785 -0.415 0 2
0 0.785 -0.405 0 2
0 0.785 -0.395 -0.0003842931843 2
0 0.785 -0.385 -0.0005954423801 2
0 0.785 -0.375 -0.0008158451431 2
0 0.785 -0.365 -0.0009958211983 2
0 0.785 -0.355 -0.001152388324 2
0 0.785 -0.345 -0.001285608563 2
0 0.785 -0.335 -0.001382335949 1
0 0.785 -0.325 -0.001449105159 1
0 0.785 -0.315 -0.001501002209 1
0 0.785 -0.305 -0.001567926144 1
0 0.785 -0.295 -0.001639497759 1
0 0.785 -0.285 -0.00171801243 1
0 0.785 -0.275 -0.001821632653 2
0 0.785 -0.265 -0.001891478937 2
0 0.785 -0.255 -0.001943472655 2
0 0.785 -0.245 -0.001987419395 2
0 0.785 -0.235 -0.001998180527 1
0 0.785 -0.225 -0.001979943639 1
0 0.785 -0.215 -0.001959662476 1
0 0.785 -0.205 -0.001943078484 1
0 0.785 -0.195 -0.001916377469 1
0 0.785 -0.185 -0.001879274633 1
0 0.785 -0.175 -0.001823427234 1
0 0.785 -0.165 -0.001764542463 1
0 0.785 -0.155 -0.001715529641 1
0 0.785 -0.145 -0.001662468432 1
0 0.785 -0.135 -0.001609465946 1
0 0.785 -0.125 -0.001562839466 1
0 0.785 -0.115 -0.001510155548 2
0 0.785 -0.105 -0.001436752805 2
0 0.785 -0.095 -0.001357223089 2
0 0.785 -0.085 -0.001260005064 2
0 0.785 -0.075 -0.001138826893 2
0 0.785 -0.065 -0.001003304226 2
0 0.785 -0.055 -0.0008566039667 2
0 0.785 -0.045 -0.0007049243719 2
0 0.785 -0.035 -0.0005480340102 2
0 0.785 -0.025 -0.0003769019724 2
0 0.785 -0.015 -0.0001921109006 2
0 0.785 -0.005 -6.349219648e-06 2
0 0.785 0.005 0.0001784802734 2
0 0.785 0.015 0.0003604653292 2
0 0.785 0.025 0.0005270934645 2
0 0.785 0.035 0.0006792427744 2
0 0.785 0.045 0.0008296291679 2
0 0.785 0.055 0.0009835146936 2
0 0.785 0.065 0.001140240136 2
0 0.785 0.075 0.001301768502 2
0 0.785 0.085 0.001468586555 2
0 0.785 0.095 0.001638451629 2
0 0.785 0.105 0.001806172682 2
0 0.785 0.115 0.001965595051 2
0 0.785 0.125 0.002111701697 2
0 0.785 0.135 0.002241518113 2
0 0.785 0.145 0.002353923089 2
0 0.785 0.155 0.002448947937 2
0 0.785 0.165 0.002527358404 2
0 0.785 0.175 0.002590130353 2
0 0.785 0.185 0.002638219916 2
0 0.785 0.195 0.002672367044 2
0 0.785 0.205 0.002693055159 2
0 0.785 0.215 0.002700500761 2
0 0.785 0.225 0.00269470629 2
0 0.785 0.235 0.002675519728 2
0 0.785 0.245 0.002642700213 2
0 0.785 0.255 0.002595973051 2
0 0.785 0.265 0.002535073897 2
0 0.785 0.275 0.002459781428 2
0 0.785 0.285 0.002369939182 2
0 0.785 0.295 0.002265469679 2
0 0.785 0.305 0.002146375139 2
0 0.785 0.315 0.002012742816 2
0 0.785 0.325 0.001864691377 2
0 0.785 0.335 0.001702434865 2
0 0.785 0.345 0.00152586946 2
0 0.785 0.355 0.001335440851 2
0 0.785 0.365 0.001128624786 2
0 0.785 0.375 0.0009094251984 2
0 0.785 0.385 0.0006551078817 2
0 0.785 0.395 0.0004179128296 2
0 0.785 0.405 0 2
0 0.785 0.415 0 2
0 0.785 0.425 0 2
0 0.785 0.435 0 2
0 0.785 0.445 0 2
0 0.785 0.455 0 2
0 0.785 0.465 0 2
0 0.795 -0.455 0 2
0 0.795 -0.445 0 2
0 0.795 -0.435 0 2
0 0.795 -0.425 0 2
0 0.795 -0.415 0 2
0 0.795 -0.405 0 2
0 0.795 -0.395 -0.0002724357904 2
0 0.795 -0.385 -0.0004006993566 2
0 0.795 -0.375 -0.0005305421532 2
0 0.795 -0.365 -0.0006361720891 2
0 0.795 -0.355 -0.0007280199217 2
0 0.795 -0.345 -0.0008016516201 2
0 0.795 -0.335 -0.0008461237534 1
0 0.795 -0.325 -0.0008742022583 1
0 0.795 -0.315 -0.0008966005626 1
0 0.795 -0.305 -0.0009329345403 1
0 0.795 -0.295 -0.0009656462881 1
0 0.795 -0.285 -0.000999788372 1
0 0.795 -0.275 -0.001052100288 1
0 0.795 -0.265 -0.001108491359 2
0 0.795 -0.255 -0.001143422163 2
0 0.795 -0.245 -0.001186625816 2
0 0.795 -0.235 -0.001185539489 1
0 0.795 -0.225 -0.001167323273 1
0 0.795 -0.215 -0.001165275253 1
0 0.795 -0.205 -0.001154346148 1
0 0.795 -0.195 -0.001133952994 1
0 0.795 -0.185 -0.001107536546 1
0 0.795 -0.175 -0.001071448123 1
0 0.795 -0.165 -0.001037931254 1
0 0.795 -0.155 -0.001013137011 1
0 0.795 -0.145 -0.0009894637137 1
0 0.795 -0.135 -0.0009574465666 1
0 0.795 -0.125 -0.0009357390051 1
0 0.795 -0.115 -0.0009212053848 2
0 0.795 -0.105 -0.0008759207391 2
0 0.795 -0.095 -0.0008275760989 2
0 0.795 -0.085 -0.000775129904 2
0 0.795 -0.075 -0.0006983592752 2
0 0.795 -0.065 -0.0006140544636 2
0 0.795 -0.055 -0.0005240592303 2
0 0.795 -0.045 -0.0004249891548 2
0 0.795 -0.035 -0.0003213708589 2
0 0.795 -0.025 -0.0002151976735 2
0 0.795 -0.015 -0.0001094318298 2
0 0.795 -0.005 -7.569129219e-06 2
0 0.795 0.005 9.667608959e-05 2
0 0.795 0.015 0.0002046377321 2
0 0.795 0.025 0.0003035232878 2
0 0.795 0.035 0.0003934054233 2
0 0.795 0.045 0.0004867193304 2
0 0.795 0.055 0.0005818337595 2
0 0.795 0.065 0.0006784557501 2
0 0.795 0.075 0.0007780870632 2
0 0.795 0.085 0.0008811590137 2
0 0.795 0.095 0.0009863411596 2
0 0.795 0.105 0.001090530208 2
0 0.795 0.115 0.001189920788 2
0 0.795 0.125 0.001281222488 2
0 0.795 0.135 0.001362334875 2
0 0.795 0.145 0.001432384387 2
0 0.795 0.155 0.001491365935 2
0 0.795 0.165 0.00153979884 2
0 0.795 0.175 0.001578387203 2
0 0.795 0.185 0.00160783374 2
0 0.795 0.195 0.001628707021 2
0 0.795 0.205 0.001641396695 2
0 0.795 0.215 0.001646105276 2
0 0.795 0.225 0.001642880187 2
0 0.795 0.235 0.001631655859 2
0 0.795 0.245 0.001612298295 2
0 0.795 0.255 0.001584643656 2
0 0.795 0.265 0.001548529648 2
0 0.795 0.275 0.001503819147 2
0 0.795 0.285 0.001450416692 2
0 0.795 0.295 0.001388280275 2
0 0.795 0.305 0.001317425104 2
0 0.795 0.315 0.001237932058 2
0 0.795 0.325 0.001149919464 2
0 0.795 0.335 0.00105359623 2
0 0.795 0.345 0.0009490057709 2
0 0.795 0.355 0.0008365997497 2
0 0.795 0.365 0.0007149911022 2
0 0.795 0.375 0.0005867049839 2
0 0.795 0.385 0.0004373981383 2
0 0.795 0.395 0.0002939961964 2
0 0.795 0.405 0 2
0 0.795 0.415 0 2
0 0.795 0.425 0 2
0 0.795 0.435 0 2
0 0.795 0.445 0 2
0 0.795 0.455 0 2
0 0.795 0.465 0 2
0 0.805 -0.455 0 2
0 0.805 -0.445 0 2
0 0.805 -0.435 0 2
0 0.805 -0.425 0 2
0 0.805 -0.415 0 2
0 0.805 -0.405 0 2
0 0.805 -0.395 0 2
0 0.805 -0.385 0 2
0 0.805 -0.375 0 2
0 0.805 -0.365 0 2
0 0.805 -0.355 0 2
0 0.805 -0.345 0 2
0 0.805 -0.335 0 1
0 0.805 -0.325 0 1
0 0.805 -0.315 0 1
0 0.805 -0.305 0 1
0 0.805 -0.295 0 1
0 0.805 -0.285 0 1
0 0.805 -0.275 0 1
0 0.805 -0.265 0 1
0 0.805 -0.255 0 2
0 0.805 -0.245 0 1
0 0.805 -0.235 0 1
0 0.805 -0.225 0 1
0 0.805 -0.215 0 1
0 0.805 -0.205 0 1
0 0.805 -0.195 0 1
0 0.805 -0.185 0 1
0 0.805 -0.175 0 1
0 0.805 -0.165 0 1
0 0.805 -0.155 0 1
0 0.805 -0.145 0 1
0 0.805 -0.135 0 1
0 0.805 -0.125 0 1
0 0.805 -0.115 0 1
0 0.805 -0.105 0 2
0 0.805 -0.095 0 2
0 0.805 -0.085 0 2
0 0.805 -0.075 0 2
0 0.805 -0.065 0 2
0 0.805 -0.055 0 2
0 0.805 -0.045 0 2
0 0.805 -0.035 0 2
0 0.805 -0.025 0 1
0 0.805 -0.015 0 1
0 0.805 -0.005 0 1
0 0.805 0.005 0 1
0 0.805 0.015 0 1
0 0.805 0.025 0 2
0 0.805 0.035 0 2
0 0.805 0.045 0 2
0 0.805 0.055 0 2
0 0.805 0.065 0 2
0 0.805 0.075 0 2
0 0.805 0.085 0 2
0 0.805 0.095 0 2
0 0.805 0.105 0 2
0 0.805 0.115 0 2
0 0.805 0.125 0 2
0 0.805 0.135 0 2
0 0.805 0.145 0 2
0 0.805 0.155 0 2
0 0.805 0.165 0 2
0 0.805 0.175 0 2
0 0.805 0.185 0 2
0 0.805 0.195 0 2
0 0.805 0.205 0 2
0 0.805 0.215 0 2
0 0.805 0.225 0 2
0 0.805 0.235 0 2
0 0.805 0.245 0 2
0 0.805 0.255 0 2
0 0.805 0.265 0 2
0 0.805 0.275 0 2
0 0.805 0.285 0 2
0 0.805 0.295 0 2
0 0.805 0.305 0 2
0 0.805 0.315 0 2
0 0.805 0.325 0 2
0 0.805 0.335 0 2
0 0.805 0.345 0 2
0 0.805 0.355 0 2
0 0.805 0.365 0 2
0 0.805 0.375 0 2
0 0.805 0.385 0 2
0 0.805 0.395 0 2
0 0.805 0.405 0 2
0 0.805 0.415 0 2
0 0.805 0.425 0 2
0 0.805 0.435 0 2
0 0.805 0.445 0 2
0 0.805 0.455 0 2
0 0.805 0.465 0 2
0 0.815 -0.455 0 2
0 0.815 -0.445 0 2
0 0.815 -0.435 0 2
0 0.815 -0.425 0 2
0 0.815 -0.415 0 2
0 0.815 -0.405 0 2
0 0.815 -0.395 0 2
0 0.815 -0.385 0 2
0 0.815 -0.375 0 2
0 0.815 -0.365 0 2
0 0.815 -0.355 0 2
0 0.815 -0.345 0 2
0 0.815 -0.335 0 1
0 0.815 -0.325 0 1
0 0.815 -0.315 0 1
0 0.815 -0.305 0 1
0 0.815 -0.295 0 1
0 0.815 -0.285 0 1
0 0.815 -0.275 0 1
0 0.815 -0.265 0 1
0 0.815 -0.255 0 2
0 0.815 -0.245 0 1
0 0.815 -0.235 0 1
0 0.815 -0.225 0 1
0 0.815 -0.215 0 1
0 0.815 -0.205 0 1
0 0.815 -0.195 0 1
0 0.815 -0.185 0 1
0 0.815 -0.175 0 1
0 0.815 -0.165 0 1
0 0.815 -0.155 0 1
0 0.815 -0.145 0 1
0 0.815 -0.135 0 1
0 0.815 -0.125 0 1
0 0.815 -0.115 0 1
0 0.815 -0.105 0 2
0 0.815 -0.095 0 2
0 0.815 -0.085 0 2
0 0.815 -0.075 0 2
0 0.815 -0.065 0 2
0 0.815 -0.055 0 2
0 0.815 -0.045 0 1
0 0.815 -0.035 0 1
0 0.815 -0.025 0 1
0 0.815 -0.015 0 1
0 0.815 -0.005 0 1
0 0.815 0.005 0 1
0 0.815 0.015 0 1
0 0.815 0.025 0 2
0 0.815 0.035 0 2
0 0.815 0.045 0 2
0 0.815 0.055 0 2
0 0.815 0.065 0 2
0 0.815 0.075 0 2
0 0.815 0.085 0 2
0 0.815 0.095 0 2
0 0.815 0.105 0 2
0 0.815 0.115 0 2
0 0.815 0.125 0 2
0 0.815 0.135 0 2
0 0.815 0.145 0 2
0 0.815 0.155 0 2
0 0.815 0.165 0 2
0 0.815 0.175 0 2
0 0.815 0.185 0 2
0 0.815 0.195 0 2
0 0.815 0.205 0 2
0 0.815 0.215 0 2
0 0.815 0.225 0 2
0 0.815 0.235 0 2
0 0.815 0.245 0 2
0 0.815 0.255 0 2
0 0.815 0.265 0 2
0 0.815 0.275 0 2
0 0.815 0.285 0 2
0 0.815 0.295 0 2
0 0.815 0.305 0 2
0 0.815 0.315 0 2
0 0.815 0.325 0 2
0 0.815 0.335 0 2
0 0.815 0.345 0 2
0 0.815 0.355 0 2
0 0.815 0.365 0 2
0 0.815 0.375 0 2
0 0.815 0.385 0 2
0 0.815 0.395 0 2
0 0.815 0.405 0 2
0 0.815 0.415 0 2
0 0.815 0.425 0 2
0 0.815 0.435 0 2
0 0.815 0.445 0 2
0 0.815 0.455 0 2
0 0.815 0.465 0 2
0 0.825 -0.455 0 2
0 0.825 -0.445 0 2
0 0.825 -0.435 0 2
0 0.825 -0.425 0 2
0 0.825 -0.415 0 2
0 0.825 -0.405 0 2
0 0.825 -0.395 0 2
0 0.825 -0.385 0 2
0 0.825 -0.375 0 2
0 0.825 -0.365 0 2
0 0.825 -0.355 0 2
0 0.825 -0.345 0 2
0 0.825 -0.335 0 1
0 0.825 -0.325 0 1
0 0.825 -0.315 0 1
0 0.825 -0.305 0 1
0 0.825 -0.295 0 1
0 0.825 -0.285 0 1
0 0.825 -0.275 0 1
0 0.825 -0.265 0 1
0 0.825 -0.255 0 1
0 0.825 -0.245 0 1
0 0.825 -0.235 0 1
0 0.825 -0.225 0 1
0 0.825 -0.215 0 1
0 0.825 -0.205 0 1
0 0.825 -0.195 0 1
0 0.825 -0.185 0 1
0 0.825 -0.175 0 1
0 0.825 -0.165 0 1
0 0.825 -0.155 0 1
0 0.825 -0.145 0 1
0 0.825 -0.135 0 1
0 0.825 -0.125 0 1
0 0.825 -0.115 0 1
0 0.825 -0.105 0 2
0 0.825 -0.095 0 2
0 0.825 -0.085 0 2
0 0.825 -0.075 0 2
0 0.825 -0.065 0 2
0 0.825 -0.055 0 1
0 0.825 -0.045 0 1
0 0.825 -0.035 0 1
0 0.825 -0.025 0 1
0 0.825 -0.015 0 1
0 0.825 -0.005 0 1
0 0.825 0.005 0 1
0 0.825 0.015 0 1
0 0.825 0.025 0 1
0 0.825 0.035 0 2
0 0.825 0.045 0 2
0 0.825 0.055 0 2
0 0.825 0.065 0 2
0 0.825 0.075 0 2
0 0.825 0.085 0 2
0 0.825 0.095 0 2
0 0.825 0.105 0 2
0 0.825 0.115 0 2
0 0.825 0.125 0 2
0 0.825 0.135 0 2
0 0.825 0.145 0 2
0 0.825 0.155 0 2
0 0.825 0.165 0 2
0 0.825 0.175 0 2
0 0.825 0.185 0 2
0 0.825 0.195 0 2
0 0.825 0.205 0 2
0 0.825 0.215 0 2
0 0.825 0.225 0 2
0 0.825 0.235 0 2
0 0.825 0.245 0 2
0 0.825 0.255 0 2
0 0.825 0.265 0 2
0 0.825 0.275 0 2
0 0.825 0.285 0 2
0 0.825 0.295 0 2
0 0.825 0.305 0 2
0 0.825 0.315 0 2
0 0.825 0.325 0 2
0 0.825 0.335 0 2
0 0.825 0.345 0 2
0 0.825 0.355 0 2
0 0.825 0.365 0 2
0 0.825 0.375 0 2
0 0.825 0.385 0 2
0 0.825 0.395 0 2
0 0.825 0.405 0 2
0 0.825 0.415 0 2
0 0.825 0.425 0 2
0 0.825 0.435 0 2
0 0.825 0.445 0 2
0 0.825 0.455 0 2
0 0.825 0.465 0 2
0 0.835 -0.455 0 2
0 0.835 -0.445 0 2
0 0.835 -0.435 0 2
0 0.835 -0.425 0 2
0 0.835 -0.415 0 2
0 0.835 -0.405 0 2
0 0.835 -0.395 0 2
0 0.835 -0.385 0 2
0 0.835 -0.375 0 2
0 0.835 -0.365 0 2
0 0.835 -0.355 0 2
0 0.835 -0.345 0 2
0 0.835 -0.335 0 2
0 0.835 -0.325 0 1
0 0.835 -0.315 0 1
0 0.835 -0.305 0 1
0 0.835 -0.295 0 1
0 0.835 -0.285 0 1
0 0.835 -0.275 0 1
0 0.835 -0.265 0 1
0 0.835 -0.255 0 1
0 0.835 -0.245 0 1
0 0.835 -0.235 0 1
0 0.835 -0.225 0 1
0 0.835 -0.215 0 1
0 0.835 -0.205 0 1
0 0.835 -0.195 0 1
0 0.835 -0.185 0 1
0 0.835 -0.175 0 1
0 0.835 -0.165 0 1
0 0.835 -0.155 0 1
0 0.835 -0.145 0 1
0 0.835 -0.135 0 1
0 0.835 -0.125 0 1
0 0.835 -0.115 0 2
0 0.835 -0.105 0 2
0 0.835 -0.095 0 2
0 0.835 -0.085 0 2
0 0.835 -0.075 0 2
0 0.835 -0.065 0 2
0 0.835 -0.055 0 1
0 0.835 -0.045 0 1
0 0.835 -0.035 0 1
0 0.835 -0.025 0 1
0 0.835 -0.015 0 1
0 0.835 -0.005 0 1
0 0.835 0.005 0 1
0 0.835 0.015 0 1
0 0.835 0.025 0 2
0 0.835 0.035 0 2
0 0.835 0.045 0 2
0 0.835 0.055 0 2
0 0.835 0.065 0 2
0 0.835 0.075 0 2
0 0.835 0.085 0 2
0 0.835 0.095 0 2
0 0.835 0.105 0 2
0 0.835 0.115 0 2
0 0.835 0.125 0 2
0 0.835 0.135 0 2
0 0.835 0.145 0 2
0 0.835 0.155 0 2
0 0.835 0.165 0 2
0 0.835 0.175 0 2
0 0.835 0.185 0 2
0 0.835 0.195 0 2
0 0.835 0.205 0 2
0 0.835 0.215 0 2
0 0.835 0.225 0 2
0 0.835 0.235 0 2
0 0.835 0.245 0 2
0 0.835 0.255 0 2
0 0.835 0.265 0 2
0 0.835 0.275 0 2
0 0.835 0.285 0 2
0 0.835 0.295 0 2
0 0.835 0.305 0 2
0 0.835 0.315 0 2
0 0.835 0.325 0 2
0 0.835 0.335 0 2
0 0.835 0.345 0 2
0 0.835 0.355 0 2
0 0.835 0.365 0 2
0 0.835 0.375 0 2
0 0.835 0.385 0 2
0 0.835 0.395 0 2
0 0.835 0.405 0 2
0 0.835 0.415 0 2
0 0.835 0.425 0 2
0 0.835 0.435 0 2
0 0.835 0.445 0 2
0 0.835 0.455 0 2
0 0.835 0.465 0 2
0 0.845 -0.455 0 2
0 0.845 -0.445 0 2
0 0.845 -0.435 0 2
0 0.845 -0.425 0 2
0 0.845 -0.415 0 2
0 0.845 -0.405 0 2
0 0.845 -0.395 0 2
0 0.845 -0.385 0 2
0 0.845 -0.375 0 2
0 0.845 -0.365 0 2
0 0.845 -0.355 0 2
0 0.845 -0.345 0 2
0 0.845 -0.335 0 2
0 0.845 -0.325 0 1
0 0.845 -0.315 0 1
0 0.845 -0.305 0 1
0 0.845 -0.295 0 1
0 0.845 -0.285 0 1
0 0.845 -0.275 0 1
0 0.845 -0.265 0 1
0 0.845 -0.255 0 1
0 0.845 -0.245 0 1
0 0.845 -0.235 0 1
0 0.845 -0.225 0 1
0 0.845 -0.215 0 1
0 0.845 -0.205 0 1
0 0.845 -0.195 0 1
0 0.845 -0.185 0 1
0 0.845 -0.175 0 1
0 0.845 -0.165 0 1
0 0.845 -0.155 0 1
0 0.845 -0.145 0 1
0 0.845 -0.135 0 1
0 0.845 -0.125 0 1
0 0.845 -0.115 0 2
0 0.845 -0.105 0 2
0 0.845 -0.095 0 2
0 0.845 -0.085 0 2
0 0.845 -0.075 0 2
0 0.845 -0.065 0 1
0 0.845 -0.055 0 1
0 0.845 -0.045 0 1
0 0.845 -0.035 0 1
0 0.845 -0.025 0 1
0 0.845 -0.015 0 1
0 0.845 -0.005 0 1
0 0.845 0.005 0 1
0 0.845 0.015 0 1
0 0.845 0.025 0 2
0 0.845 0.035 0 2
0 0.845 0.045 0 2
0 0.845 0.055 0 2
0 0.845 0.065 0 2
0 0.845 0.075 0 2
0 0.845 0.085 0 2
0 0.845 0.095 0 2
0 0.845 0.105 0 2
0 0.845 0.115 0 2
0 0.845 0.125 0 2
0 0.845 0.135 0 2
0 0.845 0.145 0 2
0 0.845 0.155 0 2
0 0.845 0.165 0 2
0 0.845 0.175 0 2
0 0.845 0.185 0 2
0 0.845 0.195 0 2
0 0.845 0.205 0 2
0 0.845 0.215 0 2
0 0.845 0.225 0 2
0 0.845 0.235 0 2
0 0.845 0.245 0 2
0 0.845 0.255 0 2
0 0.845 0.265 0 2
0 0.845 0.275 0 2
0 0.845 0.285 0 2
0 0.845 0.295 0 2
0 0.845 0.305 0 2
0 0.845 0.315 0 2
0 0.845 0.325 0 2
0 0.845 0.335 0 2
0 0.845 0.345 0 2
0 0.845 0.355 0 2
0 0.845 0.365 0 2
0 0.845 0.375 0 2
0 0.845 0.385 0 2
0 0.845 0.395 0 2
0 0.845 0.405 0 2
0 0.845 0.415 0 2
0 0.845 0.425 0 2
0 0.845 0.435 0 2
0 0.845 0.445 0 2
0 0.845 0.455 0 2
0 0.845 0.465 0 2
0 0.855 -0.455 0 2
0 0.855 -0.445 0 2
0 0.855 -0.435 0 2
0 0.855 -0.425 0 2
0 0.855 -0.415 0 2
0 0.855 -0.405 0 2
0 0.855 -0.395 0 2
0 0.855 -0.385 0 2
0 0.855 -0.375 0 2
0 0.855 -0.365 0 2
0 0.855 -0.355 0 2
0 0.855 -0.345 0 2
0 0.855 -0.335 0 2
0 0.855 -0.325 0 2
0 0.855 -0.315 0 1
0 0.855 -0.305 0 1
0 0.855 -0.295 0 1
0 0.855 -0.285 0 1
0 0.855 -0.275 0 1
0 0.855 -0.265 0 1
0 0.855 -0.255 0 1
0 0.855 -0.245 0 2
0 0.855 -0.235 0 1
0 0.855 -0.225 0 1
0 0.855 -0.215 0 1
0 0.855 -0.205 0 1
0 0.855 -0.195 0 1
0 0.855 -0.185 0 1
0 0.855 -0.175 0 1
0 0.855 -0.165 0 1
0 0.855 -0.155 0 1
0 0.855 -0.145 0 1
0 0.855 -0.135 0 1
0 0.855 -0.125 0 1
0 0.855 -0.115 0 2
0 0.855 -0.105 0 2
0 0.855 -0.095 0 2
0 0.855 -0.085 0 2
0 0.855 -0.075 0 2
0 0.855 -0.065 0 1
0 0.855 -0.055 0 1
0 0.855 -0.045 0 1
0 0.855 -0.035 0 1
0 0.855 -0.025 0 1
0 0.855 -0.015 0 1
0 0.855 -0.005 0 1
0 0.855 0.005 0 1
0 0.855 0.015 0 1
0 0.855 0.025 0 2
0 0.855 0.035 0 2
0 0.855 0.045 0 2
0 0.855 0.055 0 2
0 0.855 0.065 0 2
0 0.855 0.075 0 2
0 0.855 0.085 0 2
0 0.855 0.095 0 2
0 0.855 0.105 0 2
0 0.855 0.115 0 2
0 0.855 0.125 0 2
0 0.855 0.135 0 2
0 0.855 0.145 0 2
0 0.855 0.155 0 2
0 0.855 0.165 0 2
0 0.855 0.175 0 2
0 0.855 0.185 0 2
0 0.855 0.195 0 2
0 0.855 0.205 0 2
0 0.855 0.215 0 2
0 0.855 0.225 0 2
0 0.855 0.235 0 2
0 0.855 0.245 0 2
0 0.855 0.255 0 2
0 0.855 0.265 0 2
0 0.855 0.275 0 2
0 0.855 0.285 0 2
0 0.855 0.295 0 2
0 0.855 0.305 0 2
0 0.855 0.315 0 2
0 0.855 0.325 0 2
0 0.855 0.335 0 2
0 0.855 0.345 0 2
0 0.855 0.355 0 2
0 0.855 0.365 0 2
0 0.855 0.375 0 2
0 0.855 0.385 0 2
0 0.855 0.395 0 2
0 0.855 0.405 0 2
0 0.855 0.415 0 2
0 0.855 0.425 0 2
0 0.855 0.435 0 2
0 0.855 0.445 0 2
0 0.855 0.455 0 2
0 0.855 0.465 0 2
0 0.865 -0.455 0 2
0 0.865 -0.445 0 2
0 0.865 -0.435 0 2
0 0.865 -0.425 0 2
0 0.865 -0.415 0 2
0 0.865 -0.405 0 2
0 0.865 -0.395 0 2
0 0.865 -0.385 0 2
0 0.865 -0.375 0 2
0 0.865 -0.365 0 2
0 0.865 -0.355 0 2
0 0.865 -0.345 0 2
0 0.865 -0.335 0 2
0 0.865 -0.325 0 2
0 0.865 -0.315 0 2
0 0.865 -0.305 0 1
0 0.865 -0.295 0 1
0 0.865 -0.285 0 1
0 0.865 -0.275 0 1
0 0.865 -0.265 0 1
0 0.865 -0.255 0 1
0 0.865 -0.245 0 2
0 0.865 -0.235 0 2
0 0.865 -0.225 0 2
0 0.865 -0.215 0 2
0 0.865 -0.205 0 2
0 0.865 -0.195 0 1
0 0.865 -0.185 0 1
0 0.865 -0.175 0 1
0 0.865 -0.165 0 1
0 0.865 -0.155 0 1
0 0.865 -0.145 0 1
0 0.865 -0.135 0 1
0 0.865 -0.125 0 2
0 0.865 -0.115 0 2
0 0.865 -0.105 0 2
0 0.865 -0.095 0 2
0 0.865 -0.085 0 2
0 0.865 -0.075 0 1
0 0.865 -0.065 0 1
0 0.865 -0.055 0 1
0 0.865 -0.045 0 1
0 0.865 -0.035 0 1
0 0.865 -0.025 0 1
0 0.865 -0.015 0 1
0 0.865 -0.005 0 1
0 0.865 0.005 0 1
0 0.865 0.015 0 1
0 0.865 0.025 0 2
0 0.865 0.035 0 2
0 0.865 0.045 0 2
0 0.865 0.055 0 2
0 0.865 0.065 0 2
0 0.865 0.075 0 2
0 0.865 0.085 0 2
0 0.865 0.095 0 2
0 0.865 0.105 0 2
0 0.865 0.115 0 2
0 0.865 0.125 0 2
0 0.865 0.135 0 2
0 0.865 0.145 0 2
0 0.865 0.155 0 2
0 0.865 0.165 0 2
0 0.865 0.175 0 2
0 0.865 0.185 0 2
0 0.865 0.195 0 2
0 0.865 0.205 0 2
0 0.865 0.215 0 2
0 0.865 0.225 0 2
0 0.865 0.235 0 2
0 0.865 0.245 0 2
0 0.865 0.255 0 2
0 0.865 0.265 0 2
0 0.865 0.275 0 2
0 0.865 0.285 0 2
0 0.865 0.295 0 2
0 0.865 0.305 0 2
0 0.865 0.315 0 2
0 0.865 0.325 0 2
0 0.865 0.335 0 2
0 0.865 0.345 0 2
0 0.865 0.355 0 2
0 0.865 0.365 0 2
0 0.865 0.375 0 2
0 0.865 0.385 0 2
0 0.865 0.395 0 2
0 0.865 0.405 0 2
0 0.865 0.415 0 2
0 0.865 0.425 0 2
0 0.865 0.435 0 2
0 0.865 0.445 0 2
0 0.865 0.455 0 2
0 0.865 0.465 0 2
