t x y content type
0 -0.055 -0.205 0 2
0 -0.055 -0.195 0 2
0 -0.055 -0.185 0 2
0 -0.055 -0.175 0 2
0 -0.055 -0.165 0 2
0 -0.055 -0.155 0 2
0 -0.055 -0.145 0 2
0 -0.055 -0.135 0 2
0 -0.055 -0.125 0 2
0 -0.055 -0.115 0 2
0 -0.055 -0.105 0 2
0 -0.055 -0.095 0 2
0 -0.055 -0.085 0 2
0 -0.055 -0.075 0 2
0 -0.055 -0.065 0 2
0 -0.055 -0.055 0 2
0 -0.055 -0.045 0 2
0 -0.055 -0.035 0 2
0 -0.055 -0.025 0 2
0 -0.055 -0.015 0 1
0 -0.055 -0.005 0 1
0 -0.055 0.005 0 1
0 -0.055 0.015 0 1
0 -0.055 0.025 0 1
0 -0.055 0.035 0 1
0 -0.055 0.045 0 1
0 -0.055 0.055 0 1
0 -0.055 0.065 0 1
0 -0.055 0.075 0 1
0 -0.055 0.085 0 1
0 -0.055 0.095 0 2
0 -0.055 0.105 0 2
0 -0.055 0.115 0 2
0 -0.055 0.125 0 2
0 -0.055 0.135 0 2
0 -0.055 0.145 0 2
0 -0.055 0.155 0 2
0 -0.055 0.165 0 2
0 -0.055 0.175 0 2
0 -0.055 0.185 0 2
0 -0.055 0.195 0 2
0 -0.055 0.205 0 2
0 -0.055 0.215 0 2
0 -0.045 -0.205 0 2
0 -0.045 -0.195 0 2
0 -0.045 -0.185 0 2
0 -0.045 -0.175 0 2
0 -0.045 -0.165 0 2
0 -0.045 -0.155 0 2
0 -0.045 -0.145 0 2
0 -0.045 -0.135 0 2
0 -0.045 -0.125 0 2
0 -0.045 -0.115 0 2
0 -0.045 -0.105 0 2
0 -0.045 -0.095 0 2
0 -0.045 -0.085 0 2
0 -0.045 -0.075 0 2
0 -0.045 -0.065 0 2
0 -0.045 -0.055 0 2
0 -0.045 -0.045 0 2
0 -0.045 -0.035 0 2
0 -0.045 -0.025 0 2
0 -0.045 -0.015 0 1
0 -0.045 -0.005 0 1
0 -0.045 0.005 0 1
0 -0.045 0.015 0 1
0 -0.045 0.025 0 1
0 -0.045 0.035 0 1
0 -0.045 0.045 0 1
0 -0.045 0.055 0 1
0 -0.045 0.065 0 1
0 -0.045 0.075 0 1
0 -0.045 0.085 0 1
0 -0.045 0.095 0 2
0 -0.045 0.105 0 2
0 -0.045 0.115 0 2
0 -0.045 0.125 0 2
0 -0.045 0.135 0 2
0 -0.045 0.145 0 2
0 -0.045 0.155 0 2
0 -0.045 0.165 0 2
0 -0.045 0.175 0 2
0 -0.045 0.185 0 2
0 -0.045 0.195 0 2
0 -0.045 0.205 0 2
0 -0.045 0.215 0 2
0 -0.035 -0.205 0 2
0 -0.035 -0.195 0 2
0 -0.035 -0.185 0 2
0 -0.035 -0.175 0 2
0 -0.035 -0.165 0 2
0 -0.035 -0.155 0 2
0 -0.035 -0.145 0 2
0 -0.035 -0.135 0 2
0 -0.035 -0.125 0 2
0 -0.035 -0.115 0 2
0 -0.035 -0.105 0 2
0 -0.035 -0.095 0 2
0 -0.035 -0.085 0 2
0 -0.035 -0.075 0 2
0 -0.035 -0.065 0 2
0 -0.035 -0.055 0 2
0 -0.035 -0.045 0 2
0 -0.035 -0.035 0 2
0 -0.035 -0.025 0 2
0 -0.035 -0.015 0 2
0 -0.035 -0.005 0 1
0 -0.035 0.005 0 1
0 -0.035 0.015 0 1
0 -0.035 0.025 0 1
0 -0.035 0.035 0 1
0 -0.035 0.045 0 1
0 -0.035 0.055 0 1
0 -0.035 0.065 0 1
0 -0.035 0.075 0 1
0 -0.035 0.085 0 1
0 -0.035 0.095 0 2
0 -0.035 0.105 0 2
0 -0.035 0.115 0 2
0 -0.035 0.125 0 2
0 -0.035 0.135 0 2
0 -0.035 0.145 0 2
0 -0.035 0.155 0 2
0 -0.035 0.165 0 2
0 -0.035 0.175 0 2
0 -0.035 0.185 0 2
0 -0.035 0.195 0 2
0 -0.035 0.205 0 2
0 -0.035 0.215 0 2
0 -0.025 -0.205 0 2
0 -0.025 -0.195 0 2
0 -0.025 -0.185 0 2
0 -0.025 -0.175 0 2
0 -0.025 -0.165 0 2
0 -0.025 -0.155 0 2
0 -0.025 -0.145 0 2
0 -0.025 -0.135 0 2
0 -0.025 -0.125 0 2
0 -0.025 -0.115 0 2
0 -0.025 -0.105 0 2
0 -0.025 -0.095 0 2
0 -0.025 -0.085 0 2
0 -0.025 -0.075 0 2
0 -0.025 -0.065 0 2
0 -0.025 -0.055 0 2
0 -0.025 -0.045 0 2
0 -0.025 -0.035 0 2
0 -0.025 -0.025 0 2
0 -0.025 -0.015 0 2
0 -0.025 -0.005 0 2
0 -0.025 0.005 0 2
0 -0.025 0.015 0 1
0 -0.025 0.025 0 1
0 -0.025 0.035 0 1
0 -0.025 0.045 0 1
0 -0.025 0.055 0 1
0 -0.025 0.065 0 1
0 -0.025 0.075 0 1
0 -0.025 0.085 0 2
0 -0.025 0.095 0 2
0 -0.025 0.105 0 2
0 -0.025 0.115 0 2
0 -0.025 0.125 0 2
0 -0.025 0.135 0 2
0 -0.025 0.145 0 2
0 -0.025 0.155 0 2
0 -0.025 0.165 0 2
0 -0.025 0.175 0 2
0 -0.025 0.185 0 2
0 -0.025 0.195 0 2
0 -0.025 0.205 0 2
0 -0.025 0.215 0 2
0 -0.015 -0.205 0 2
0 -0.015 -0.195 0 2
0 -0.015 -0.185 0 2
0 -0.015 -0.175 0 2
0 -0.015 -0.165 0 2
0 -0.015 -0.155 0 2
0 -0.015 -0.145 0 2
0 -0.015 -0.135 0 2
0 -0.015 -0.125 0 2
0 -0.015 -0.115 0 2
0 -0.015 -0.105 0 2
0 -0.015 -0.095 0 2
0 -0.015 -0.085 0 2
0 -0.015 -0.075 0 2
0 -0.015 -0.065 0 2
0 -0.015 -0.055 0 2
0 -0.015 -0.045 0 2
0 -0.015 -0.035 0 2
0 -0.015 -0.025 0 2
0 -0.015 -0.015 0 2
0 -0.015 -0.005 0 2
0 -0.015 0.005 0 2
0 -0.015 0.015 0 2
0 -0.015 0.025 0 2
0 -0.015 0.035 0 2
0 -0.015 0.045 0 1
0 -0.015 0.055 0 1
0 -0.015 0.065 0 2
0 -0.015 0.075 0 2
0 -0.015 0.085 0 2
0 -0.015 0.095 0 2
0 -0.015 0.105 0 2
0 -0.015 0.115 0 2
0 -0.015 0.125 0 2
0 -0.015 0.135 0 2
0 -0.015 0.145 0 2
0 -0.015 0.155 0 2
0 -0.015 0.165 0 2
0 -0.015 0.175 0 2
0 -0.015 0.185 0 2
0 -0.015 0.195 0 2
0 -0.015 0.205 0 2
0 -0.015 0.215 0 2
0 -0.005 -0.205 0 2
0 -0.005 -0.195 0 2
0 -0.005 -0.185 0 2
0 -0.005 -0.175 0 2
0 -0.005 -0.165 0 2
0 -0.005 -0.155 0 2
0 -0.005 -0.145 0 2
0 -0.005 -0.135 0 2
0 -0.005 -0.125 0 2
0 -0.005 -0.115 0 2
0 -0.005 -0.105 0 2
0 -0.005 -0.095 0 2
0 -0.005 -0.085 0 2
0 -0.005 -0.075 0 2
0 -0.005 -0.065 0 2
0 -0.005 -0.055 0 2
0 -0.005 -0.045 0 2
0 -0.005 -0.035 0 2
0 -0.005 -0.025 0 2
0 -0.005 -0.015 0 2
0 -0.005 -0.005 0 2
0 -0.005 0.005 0 2
0 -0.005 0.015 0 2
0 -0.005 0.025 0 2
0 -0.005 0.035 0 2
0 -0.005 0.045 0 2
0 -0.005 0.055 0 2
0 -0.005 0.065 0 2
0 -0.005 0.075 0 2
0 -0.005 0.085 0 2
0 -0.005 0.095 0 2
0 -0.005 0.105 0 2
0 -0.005 0.115 0 2
0 -0.005 0.125 0 2
0 -0.005 0.135 0 2
0 -0.005 0.145 0 2
0 -0.005 0.155 0 2
0 -0.005 0.165 0 2
0 -0.005 0.175 0 2
0 -0.005 0.185 0 2
0 -0.005 0.195 0 2
0 -0.005 0.205 0 2
0 -0.005 0.215 0 2
0 0.005 -0.205 0 2
0 0.005 -0.195 0 2
0 0.005 -0.185 0 1
0 0.005 -0.175 0 1
0 0.005 -0.165 0 1
0 0.005 -0.155 0 1
0 0.005 -0.145 0.02755380599 1
0 0.005 -0.135 0.02730770064 2
0 0.005 -0.125 0.0267539865 2
0 0.005 -0.115 0.02589890092 2
0 0.005 -0.105 0.02475207605 2
0 0.005 -0.095 0.02332643034 2
0 0.005 -0.085 0.02163802305 2
0 0.005 -0.075 0.01970587331 2
0 0.005 -0.065 0.0175517459 2
0 0.005 -0.055 0.01519990609 2
0 0.005 -0.045 0.01267684627 2
0 0.005 -0.035 0.01001098757 2
0 0.005 -0.025 0.007232359671 2
0 0.005 -0.015 0.004372262538 2
0 0.005 -0.005 0.001462913865 2
0 0.005 0.005 -0.001462913865 2
0 0.005 0.015 -0.004372262538 2
0 0.005 0.025 -0.007232359671 2
0 0.005 0.035 -0.01001098757 2
0 0.005 0.045 -0.01267684627 2
0 0.005 0.055 -0.01519990609 2
0 0.005 0.065 -0.0175517459 2
0 0.005 0.075 -0.01970587331 2
0 0.005 0.085 -0.02163802305 2
0 0.005 0.095 -0.02332643034 2
0 0.005 0.105 -0.02475207605 2
0 0.005 0.115 -0.02589890092 2
0 0.005 0.125 -0.0267539865 2
0 0.005 0.135 -0.02730770064 2
0 0.005 0.145 -0.02755380599 2
0 0.005 0.155 0 2
0 0.005 0.165 0 2
0 0.005 0.175 0 2
0 0.005 0.185 0 2
0 0.005 0.195 0 2
0 0.005 0.205 0 2
0 0.005 0.215 0 2
0 0.015 -0.205 0 2
0 0.015 -0.195 0 1
0 0.015 -0.185 0 1
0 0.015 -0.175 0 1
0 0.015 -0.165 0 1
0 0.015 -0.155 0 1
0 0.015 -0.145 0.08257766013 1
0 0.015 -0.135 0.08184009217 1
0 0.015 -0.125 0.08018063294 1
0 0.015 -0.115 0.07761797549 2
0 0.015 -0.105 0.07418098698 2
0 0.015 -0.095 0.06990838353 2
0 0.015 -0.085 0.06484829406 2
0 0.015 -0.075 0.05905771816 2
0 0.015 -0.065 0.05260188403 2
0 0.015 -0.055 0.0455535137 2
0 0.015 -0.045 0.03799200384 2
0 0.015 -0.035 0.0300025314 2
0 0.015 -0.025 0.02167509414 2
0 0.015 -0.015 0.01310349685 2
0 0.015 -0.005 0.004384294641 2
0 0.015 0.005 -0.004384294641 2
0 0.015 0.015 -0.01310349685 2
0 0.015 0.025 -0.02167509414 2
0 0.015 0.035 -0.0300025314 2
0 0.015 0.045 -0.03799200384 2
0 0.015 0.055 -0.0455535137 2
0 0.015 0.065 -0.05260188403 2
0 0.015 0.075 -0.05905771816 2
0 0.015 0.085 -0.06484829406 2
0 0.015 0.095 -0.06990838353 2
0 0.015 0.105 -0.07418098698 2
0 0.015 0.115 -0.07761797549 2
0 0.015 0.125 -0.08018063294 2
0 0.015 0.135 -0.08184009217 2
0 0.015 0.145 -0.08257766013 2
0 0.015 0.155 0 2
0 0.015 0.165 0 2
0 0.015 0.175 0 2
0 0.015 0.185 0 2
0 0.015 0.195 0 2
0 0.015 0.205 0 2
0 0.015 0.215 0 2
0 0.025 -0.205 0 2
0 0.025 -0.195 0 1
0 0.025 -0.185 0 1
0 0.025 -0.175 0 1
0 0.025 -0.165 0 1
0 0.025 -0.155 0 1
0 0.025 -0.145 0.1373504953 1
0 0.025 -0.135 0.1361237068 1
0 0.025 -0.125 0.1333635469 1
0 0.025 -0.115 0.1291011075 1
0 0.025 -0.105 0.1233844031 2
0 0.025 -0.095 0.1162778298 2
0 0.025 -0.085 0.1078614397 2
0 0.025 -0.075 0.09823003982 2
0 0.025 -0.065 0.08749212337 2
0 0.025 -0.055 0.0757686481 2
0 0.025 -0.045 0.06319167361 2
0 0.025 -0.035 0.04990287376 2
0 0.025 -0.025 0.03605194083 2
0 0.025 -0.015 0.02179489924 2
0 0.025 -0.005 0.007292348072 2
0 0.025 0.005 -0.007292348072 2
0 0.025 0.015 -0.02179489924 2
0 0.025 0.025 -0.03605194083 2
0 0.025 0.035 -0.04990287376 2
0 0.025 0.045 -0.06319167361 2
0 0.025 0.055 -0.0757686481 2
0 0.025 0.065 -0.08749212337 2
0 0.025 0.075 -0.09823003982 2
0 0.025 0.085 -0.1078614397 2
0 0.025 0.095 -0.1162778298 2
0 0.025 0.105 -0.1233844031 2
0 0.025 0.115 -0.1291011075 2
0 0.025 0.125 -0.1333635469 2
0 0.025 0.135 -0.1361237068 2
0 0.025 0.145 -0.1373504953 2
0 0.025 0.155 0 2
0 0.025 0.165 0 2
0 0.025 0.175 0 2
0 0.025 0.185 0 2
0 0.025 0.195 0 2
0 0.025 0.205 0 2
0 0.025 0.215 0 2
0 0.035 -0.205 0 2
0 0.035 -0.195 0 1
0 0.035 -0.185 0 1
0 0.035 -0.175 0 1
0 0.035 -0.165 0 1
0 0.035 -0.155 0 1
0 0.035 -0.145 0.1917058136 1
0 0.035 -0.135 0.1899935337 1
0 0.035 -0.125 0.1861410634 1
0 0.035 -0.115 0.180191799 1
0 0.035 -0.105 0.1722127563 1
0 0.035 -0.095 0.1622938155 2
0 0.035 -0.085 0.150546709 2
0 0.035 -0.075 0.1371037626 2
0 0.035 -0.065 0.1221164048 2
0 0.035 -0.055 0.1057534615 2
0 0.035 -0.045 0.08819925381 2
0 0.035 -0.035 0.06965152176 2
0 0.035 -0.025 0.05031919711 2
0 0.035 -0.015 0.03042004968 2
0 0.035 -0.005 0.01017823428 2
0 0.035 0.005 -0.01017823428 2
0 0.035 0.015 -0.03042004968 2
0 0.035 0.025 -0.05031919711 2
0 0.035 0.035 -0.06965152176 2
0 0.035 0.045 -0.08819925381 2
0 0.035 0.055 -0.1057534615 2
0 0.035 0.065 -0.1221164048 2
0 0.035 0.075 -0.1371037626 2
0 0.035 0.085 -0.150546709 2
0 0.035 0.095 -0.1622938155 2
0 0.035 0.105 -0.1722127563 2
0 0.035 0.115 -0.180191799 2
0 0.035 0.125 -0.1861410634 2
0 0.035 0.135 -0.1899935337 2
0 0.035 0.145 -0.1917058136 2
0 0.035 0.155 0 2
0 0.035 0.165 0 2
0 0.035 0.175 0 2
0 0.035 0.185 0 2
0 0.035 0.195 0 2
0 0.035 0.205 0 2
0 0.035 0.215 0 2
0 0.045 -0.205 0 2
0 0.045 -0.195 0 2
0 0.045 -0.185 0 1
0 0.045 -0.175 0 1
0 0.045 -0.165 0 1
0 0.045 -0.155 0 1
0 0.045 -0.145 0.245478386 1
0 0.045 -0.135 0.2432858197 1
0 0.045 -0.125 0.2383527497 1
0 0.045 -0.115 0.2307347449 1
0 0.045 -0.105 0.2205176185 1
0 0.045 -0.095 0.2078164618 2
0 0.045 -0.085 0.1927743476 2
0 0.045 -0.075 0.1755607184 2
0 0.045 -0.065 0.1563694778 2
0 0.045 -0.055 0.1354168064 2
0 0.045 -0.045 0.1129387266 2
0 0.045 -0.035 0.08918844359 2
0 0.045 -0.025 0.06443349348 2
0 0.045 -0.015 0.03895272948 2
0 0.045 -0.005 0.01303318077 2
0 0.045 0.005 -0.01303318077 2
0 0.045 0.015 -0.03895272948 2
0 0.045 0.025 -0.06443349348 2
0 0.045 0.035 -0.08918844359 2
0 0.045 0.045 -0.1129387266 2
0 0.045 0.055 -0.1354168064 2
0 0.045 0.065 -0.1563694778 2
0 0.045 0.075 -0.1755607184 2
0 0.045 0.085 -0.1927743476 2
0 0.045 0.095 -0.2078164618 2
0 0.045 0.105 -0.2205176185 2
0 0.045 0.115 -0.2307347449 2
0 0.045 0.125 -0.2383527497 2
0 0.045 0.135 -0.2432858197 2
0 0.045 0.145 -0.245478386 2
0 0.045 0.155 0 2
0 0.045 0.165 0 2
0 0.045 0.175 0 2
0 0.045 0.185 0 2
0 0.045 0.195 0 2
0 0.045 0.205 0 2
0 0.045 0.215 0 2
0 0.055 -0.205 0 2
0 0.055 -0.195 0 2
0 0.055 -0.185 0 1
0 0.055 -0.175 0 1
0 0.055 -0.165 0 1
0 0.055 -0.155 0 1
0 0.055 -0.145 0.2985047551 1
0 0.055 -0.135 0.2958385673 1
0 0.055 -0.125 0.2898398932 1
0 0.055 -0.115 0.2805763051 1
0 0.055 -0.105 0.268152153 1
0 0.055 -0.095 0.2527073893 1
0 0.055 -0.085 0.2344159922 2
0 0.055 -0.075 0.213484006 2
0 0.055 -0.065 0.19014722 2
0 0.055 -0.055 0.1646685124 2
0 0.055 -0.045 0.1373348892 2
0 0.055 -0.035 0.1084542511 2
0 0.055 -0.025 0.07835192542 2
0 0.055 -0.015 0.04736700108 2
0 0.055 -0.005 0.0158485091 2
0 0.055 0.005 -0.0158485091 2
0 0.055 0.015 -0.04736700108 2
0 0.055 0.025 -0.07835192542 2
0 0.055 0.035 -0.1084542511 2
0 0.055 0.045 -0.1373348892 2
0 0.055 0.055 -0.1646685124 2
0 0.055 0.065 -0.19014722 2
0 0.055 0.075 -0.213484006 2
0 0.055 0.085 -0.2344159922 2
0 0.055 0.095 -0.2527073893 1
0 0.055 0.105 -0.268152153 1
0 0.055 0.115 -0.2805763051 1
0 0.055 0.125 -0.2898398932 2
0 0.055 0.135 -0.2958385673 2
0 0.055 0.145 -0.2985047551 2
0 0.055 0.155 0 2
0 0.055 0.165 0 2
0 0.055 0.175 0 2
0 0.055 0.185 0 2
0 0.055 0.195 0 2
0 0.055 0.205 0 2
0 0.055 0.215 0 2
0 0.065 -0.205 0 2
0 0.065 -0.195 0 2
0 0.065 -0.185 0 2
0 0.065 -0.175 0 1
0 0.065 -0.165 0 1
0 0.065 -0.155 0 1
0 0.065 -0.145 0.3506237317 1
0 0.065 -0.135 0.3474920272 1
0 0.065 -0.125 0.3404459837 1
0 0.065 -0.115 0.3295649716 1
0 0.065 -0.105 0.3149715606 1
0 0.065 -0.095 0.2968301387 1
0 0.065 -0.085 0.2753450609 2
0 0.065 -0.075 0.2507583467 2
0 0.065 -0.065 0.2233469542 2
0 0.065 -0.055 0.1934196603 2
0 0.065 -0.045 0.1613135822 2
0 0.065 -0.035 0.1273903802 2
0 0.065 -0.025 0.09203218378 2
0 0.065 -0.015 0.05563728683 2
0 0.065 -0.005 0.01861566125 2
0 0.065 0.005 -0.01861566125 2
0 0.065 0.015 -0.05563728683 2
0 0.065 0.025 -0.09203218378 2
0 0.065 0.035 -0.1273903802 2
0 0.065 0.045 -0.1613135822 2
0 0.065 0.055 -0.1934196603 2
0 0.065 0.065 -0.2233469542 2
0 0.065 0.075 -0.2507583467 2
0 0.065 0.085 -0.2753450609 1
0 0.065 0.095 -0.2968301387 1
0 0.065 0.105 -0.3149715606 1
0 0.065 0.115 -0.3295649716 1
0 0.065 0.125 -0.3404459837 1
0 0.065 0.135 -0.3474920272 1
0 0.065 0.145 -0.3506237317 2
0 0.065 0.155 0 2
0 0.065 0.165 0 2
0 0.065 0.175 0 2
0 0.065 0.185 0 2
0 0.065 0.195 0 2
0 0.065 0.205 0 2
0 0.065 0.215 0 2
0 0.075 -0.205 0 2
0 0.075 -0.195 0 2
0 0.075 -0.185 0 2
0 0.075 -0.175 0 2
0 0.075 -0.165 0 1
0 0.075 -0.155 0 1
0 0.075 -0.145 0.4016768851 1
0 0.075 -0.135 0.3980891835 1
0 0.075 -0.125 0.3900171891 1
0 0.075 -0.115 0.377551829 1
0 0.075 -0.105 0.3608335201 1
0 0.075 -0.095 0.3400505862 1
0 0.075 -0.085 0.3154371378 2
0 0.075 -0.075 0.2872704341 2
0 0.075 -0.065 0.2558677601 2
0 0.075 -0.055 0.2215828526 2
0 0.075 -0.045 0.1848019154 2
0 0.075 -0.035 0.145939269 2
0 0.075 -0.025 0.1054326834 2
0 0.075 -0.015 0.0637384468 2
0 0.075 -0.005 0.02132622566 2
0 0.075 0.005 -0.02132622566 2
0 0.075 0.015 -0.0637384468 2
0 0.075 0.025 -0.1054326834 2
0 0.075 0.035 -0.145939269 2
0 0.075 0.045 -0.1848019154 2
0 0.075 0.055 -0.2215828526 2
0 0.075 0.065 -0.2558677601 2
0 0.075 0.075 -0.2872704341 2
0 0.075 0.085 -0.3154371378 1
0 0.075 0.095 -0.3400505862 1
0 0.075 0.105 -0.3608335201 1
0 0.075 0.115 -0.377551829 1
0 0.075 0.125 -0.3900171891 1
0 0.075 0.135 -0.3980891835 1
0 0.075 0.145 -0.4016768851 1
0 0.075 0.155 0 2
0 0.075 0.165 0 2
0 0.075 0.175 0 2
0 0.075 0.185 0 2
0 0.075 0.195 0 2
0 0.075 0.205 0 2
0 0.075 0.215 0 2
0 0.085 -0.205 0 2
0 0.085 -0.195 0 2
0 0.085 -0.185 0 2
0 0.085 -0.175 0 2
0 0.085 -0.165 0 2
0 0.085 -0.155 0 2
0 0.085 -0.145 0.4515090242 1
0 0.085 -0.135 0.4474762314 1
0 0.085 -0.125 0.4384028232 1
0 0.085 -0.115 0.4243910074 1
0 0.085 -0.105 0.4055986206 1
0 0.085 -0.095 0.3822373506 2
0 0.085 -0.085 0.3545703514 2
0 0.085 -0.075 0.322909279 2
0 0.085 -0.065 0.2876107811 2
0 0.085 -0.055 0.249072479 2
0 0.085 -0.045 0.2077284892 2
0 0.085 -0.035 0.1640445328 2
0 0.085 -0.025 0.1185126896 2
0 0.085 -0.015 0.07164585512 2
0 0.085 -0.005 0.02397196278 2
0 0.085 0.005 -0.02397196278 2
0 0.085 0.015 -0.07164585512 2
0 0.085 0.025 -0.1185126896 2
0 0.085 0.035 -0.1640445328 2
0 0.085 0.045 -0.2077284892 2
0 0.085 0.055 -0.249072479 2
0 0.085 0.065 -0.2876107811 2
0 0.085 0.075 -0.322909279 2
0 0.085 0.085 -0.3545703514 1
0 0.085 0.095 -0.3822373506 1
0 0.085 0.105 -0.4055986206 1
0 0.085 0.115 -0.4243910074 1
0 0.085 0.125 -0.4384028232 1
0 0.085 0.135 -0.4474762314 1
0 0.085 0.145 -0.4515090242 1
0 0.085 0.155 0 1
0 0.085 0.165 0 2
0 0.085 0.175 0 2
0 0.085 0.185 0 2
0 0.085 0.195 0 2
0 0.085 0.205 0 2
0 0.085 0.215 0 2
0 0.095 -0.205 0 2
0 0.095 -0.195 0 2
0 0.095 -0.185 0 2
0 0.095 -0.175 0 2
0 0.095 -0.165 0 2
0 0.095 -0.155 0 2
0 0.095 -0.145 0.4999686696 2
0 0.095 -0.135 0.4955030445 2
0 0.095 -0.125 0.4854558039 2
0 0.095 -0.115 0.4699401252 2
0 0.095 -0.105 0.4491307857 2
0 0.095 -0.095 0.4232621929 2
0 0.095 -0.085 0.3926257447 2
0 0.095 -0.075 0.3575665469 2
0 0.095 -0.065 0.3184795251 2
0 0.095 -0.055 0.2758049769 2
0 0.095 -0.045 0.2300236115 2
0 0.095 -0.035 0.1816511353 2
0 0.095 -0.025 0.1312324419 2
0 0.095 -0.015 0.07933547494 2
0 0.095 -0.005 0.02654483011 2
0 0.095 0.005 -0.02654483011 2
0 0.095 0.015 -0.07933547494 2
0 0.095 0.025 -0.1312324419 2
0 0.095 0.035 -0.1816511353 2
0 0.095 0.045 -0.2300236115 2
0 0.095 0.055 -0.2758049769 2
0 0.095 0.065 -0.3184795251 2
0 0.095 0.075 -0.3575665469 2
0 0.095 0.085 -0.3926257447 1
0 0.095 0.095 -0.4232621929 1
0 0.095 0.105 -0.4491307857 1
0 0.095 0.115 -0.4699401252 1
0 0.095 0.125 -0.4854558039 1
0 0.095 0.135 -0.4955030445 1
0 0.095 0.145 -0.4999686696 1
0 0.095 0.155 0 1
0 0.095 0.165 0 2
0 0.095 0.175 0 2
0 0.095 0.185 0 2
0 0.095 0.195 0 2
0 0.095 0.205 0 2
0 0.095 0.215 0 2
0 0.105 -0.205 0 2
0 0.105 -0.195 0 2
0 0.105 -0.185 0 2
0 0.105 -0.175 0 2
0 0.105 -0.165 0 2
0 0.105 -0.155 0 2
0 0.105 -0.145 0.5469085142 2
0 0.105 -0.135 0.5420236313 2
0 0.105 -0.125 0.5310330997 2
0 0.105 -0.115 0.5140607227 2
0 0.105 -0.105 0.4912976864 2
0 0.105 -0.095 0.463000406 2
0 0.105 -0.085 0.4294876374 2
0 0.105 -0.075 0.3911368867 2
0 0.105 -0.065 0.3483801575 2
0 0.105 -0.055 0.3016990849 2
0 0.105 -0.045 0.2516195099 2
0 0.105 -0.035 0.198705556 2
0 0.105 -0.025 0.1435532747 2
0 0.105 -0.015 0.08678393139 1
0 0.105 -0.005 0.02903700667 1
0 0.105 0.005 -0.02903700667 1
0 0.105 0.015 -0.08678393139 1
0 0.105 0.025 -0.1435532747 2
0 0.105 0.035 -0.198705556 2
0 0.105 0.045 -0.2516195099 2
0 0.105 0.055 -0.3016990849 2
0 0.105 0.065 -0.3483801575 2
0 0.105 0.075 -0.3911368867 2
0 0.105 0.085 -0.4294876374 1
0 0.105 0.095 -0.463000406 1
0 0.105 0.105 -0.4912976864 1
0 0.105 0.115 -0.5140607227 1
0 0.105 0.125 -0.5310330997 1
0 0.105 0.135 -0.5420236313 1
0 0.105 0.145 -0.5469085142 1
0 0.105 0.155 0 1
0 0.105 0.165 0 1
0 0.105 0.175 0 2
0 0.105 0.185 0 2
0 0.105 0.195 0 2
0 0.105 0.205 0 2
0 0.105 0.215 0 2
0 0.115 -0.205 0 2
0 0.115 -0.195 0 2
0 0.115 -0.185 0 2
0 0.115 -0.175 0 2
0 0.115 -0.165 0 2
0 0.115 -0.155 0 2
0 0.115 -0.145 0.5921858705 2
0 0.115 -0.135 0.5868965789 2
0 0.115 -0.125 0.5749961653 2
0 0.115 -0.115 0.5566186825 2
0 0.115 -0.105 0.5319711443 1
0 0.115 -0.095 0.5013311941 1
0 0.115 -0.085 0.4650439769 1
0 0.115 -0.075 0.4235182516 1
0 0.115 -0.065 0.3772217866 1
0 0.115 -0.055 0.3266760904 1
0 0.115 -0.045 0.2724505372 1
0 0.115 -0.035 0.2151559532 2
0 0.115 -0.025 0.1554377355 1
0 0.115 -0.015 0.09396858272 1
0 0.115 -0.005 0.03144091676 1
0 0.115 0.005 -0.03144091676 1
0 0.115 0.015 -0.09396858272 1
0 0.115 0.025 -0.1554377355 1
0 0.115 0.035 -0.2151559532 2
0 0.115 0.045 -0.2724505372 2
0 0.115 0.055 -0.3266760904 2
0 0.115 0.065 -0.3772217866 2
0 0.115 0.075 -0.4235182516 2
0 0.115 0.085 -0.4650439769 2
0 0.115 0.095 -0.5013311941 1
0 0.115 0.105 -0.5319711443 1
0 0.115 0.115 -0.5566186825 1
0 0.115 0.125 -0.5749961653 1
0 0.115 0.135 -0.5868965789 1
0 0.115 0.145 -0.5921858705 1
0 0.115 0.155 0 1
0 0.115 0.165 0 1
0 0.115 0.175 0 2
0 0.115 0.185 0 2
0 0.115 0.195 0 2
0 0.115 0.205 0 2
0 0.115 0.215 0 2
0 0.125 -0.205 0 2
0 0.125 -0.195 0 2
0 0.125 -0.185 0 2
0 0.125 -0.175 0 2
0 0.125 -0.165 0 2
0 0.125 -0.155 0 2
0 0.125 -0.145 0.6356631048 2
0 0.125 -0.135 0.6299854828 2
0 0.125 -0.125 0.617211362 2
0 0.125 -0.115 0.597484637 1
0 0.125 -0.105 0.5710275204 1
0 0.125 -0.095 0.5381380395 1
0 0.125 -0.085 0.4991866793 1
0 0.125 -0.075 0.454612209 1
0 0.125 -0.065 0.4049167399 1
0 0.125 -0.055 0.3506600685 1
0 0.125 -0.045 0.2924533715 1
0 0.125 -0.035 0.2309523209 1
0 0.125 -0.025 0.1668496978 1
0 0.125 -0.015 0.1008675891 1
0 0.125 -0.005 0.033749253 1
0 0.125 0.005 -0.033749253 1
0 0.125 0.015 -0.1008675891 1
0 0.125 0.025 -0.1668496978 1
0 0.125 0.035 -0.2309523209 2
0 0.125 0.045 -0.2924533715 2
0 0.125 0.055 -0.3506600685 2
0 0.125 0.065 -0.4049167399 2
0 0.125 0.075 -0.454612209 2
0 0.125 0.085 -0.4991866793 2
0 0.125 0.095 -0.5381380395 1
0 0.125 0.105 -0.5710275204 1
0 0.125 0.115 -0.597484637 1
0 0.125 0.125 -0.617211362 1
0 0.125 0.135 -0.6299854828 1
0 0.125 0.145 -0.6356631048 1
0 0.125 0.155 0 1
0 0.125 0.165 0 1
0 0.125 0.175 0 2
0 0.125 0.185 0 2
0 0.125 0.195 0 2
0 0.125 0.205 0 2
0 0.125 0.215 0 2
0 0.135 -0.205 0 2
0 0.135 -0.195 0 2
0 0.135 -0.185 0 2
0 0.135 -0.175 0 2
0 0.135 -0.165 0 2
0 0.135 -0.155 0 2
0 0.135 -0.145 0.6772080554 2
0 0.135 -0.135 0.6711593618 2
0 0.135 -0.125 0.6575503644 2
0 0.135 -0.115 0.6365343624 1
0 0.135 -0.105 0.6083480915 1
0 0.135 -0.095 0.5733090571 1
0 0.135 -0.085 0.5318119579 1
0 0.135 -0.075 0.4843242398 1
0 0.135 -0.065 0.4313808303 1
0 0.135 -0.055 0.3735781128 1
0 0.135 -0.045 0.3115672083 1
0 0.135 -0.035 0.2460466416 1
0 0.135 -0.025 0.1777544717 1
0 0.135 -0.015 0.1074599789 1
0 0.135 -0.005 0.03595499852 1
0 0.135 0.005 -0.03595499852 1
0 0.135 0.015 -0.1074599789 1
0 0.135 0.025 -0.1777544717 1
0 0.135 0.035 -0.2460466416 1
0 0.135 0.045 -0.3115672083 2
0 0.135 0.055 -0.3735781128 2
0 0.135 0.065 -0.4313808303 2
0 0.135 0.075 -0.4843242398 2
0 0.135 0.085 -0.5318119579 2
0 0.135 0.095 -0.5733090571 2
0 0.135 0.105 -0.6083480915 1
0 0.135 0.115 -0.6365343624 1
0 0.135 0.125 -0.6575503644 1
0 0.135 0.135 -0.6711593618 1
0 0.135 0.145 -0.6772080554 1
0 0.135 0.155 0 1
0 0.135 0.165 0 1
0 0.135 0.175 0 2
0 0.135 0.185 0 2
0 0.135 0.195 0 2
0 0.135 0.205 0 2
0 0.135 0.215 0 2
0 0.145 -0.205 0 2
0 0.145 -0.195 0 2
0 0.145 -0.185 0 2
0 0.145 -0.175 0 2
0 0.145 -0.165 0 2
0 0.145 -0.155 0 2
0 0.145 -0.145 0.7166944341 2
0 0.145 -0.135 0.7102930557 2
0 0.145 -0.125 0.6958905503 2
0 0.145 -0.115 0.6736491556 1
0 0.145 -0.105 0.6438194107 1
0 0.145 -0.095 0.6067373342 1
0 0.145 -0.085 0.5628206386 1
0 0.145 -0.075 0.5125640255 1
0 0.145 -0.065 0.4565336127 1
0 0.145 -0.055 0.3953605572 1
0 0.145 -0.045 0.3297339456 1
0 0.145 -0.035 0.2603930316 1
0 0.145 -0.025 0.188118909 1
0 0.145 -0.015 0.1137257128 1
0 0.145 -0.005 0.03805144832 1
0 0.145 0.005 -0.03805144832 1
0 0.145 0.015 -0.1137257128 1
0 0.145 0.025 -0.188118909 1
0 0.145 0.035 -0.2603930316 1
0 0.145 0.045 -0.3297339456 2
0 0.145 0.055 -0.3953605572 2
0 0.145 0.065 -0.4565336127 2
0 0.145 0.075 -0.5125640255 2
0 0.145 0.085 -0.5628206386 2
0 0.145 0.095 -0.6067373342 2
0 0.145 0.105 -0.6438194107 2
0 0.145 0.115 -0.6736491556 1
0 0.145 0.125 -0.6958905503 1
0 0.145 0.135 -0.7102930557 1
0 0.145 0.145 -0.7166944341 1
0 0.145 0.155 0 1
0 0.145 0.165 0 1
0 0.145 0.175 0 2
0 0.145 0.185 0 2
0 0.145 0.195 0 2
0 0.145 0.205 0 2
0 0.145 0.215 0 2
0 0.155 -0.205 0 2
0 0.155 -0.195 0 2
0 0.155 -0.185 0 2
0 0.155 -0.175 0 2
0 0.155 -0.165 0 2
0 0.155 -0.155 0 2
0 0.155 -0.145 0.7540022107 2
0 0.155 -0.135 0.7472676063 2
0 0.155 -0.125 0.7321153735 2
0 0.155 -0.115 0.7087161953 1
0 0.155 -0.105 0.6773336528 1
0 0.155 -0.095 0.6383212559 1
0 0.155 -0.085 0.5921184616 1
0 0.155 -0.075 0.5392457231 1
0 0.155 -0.065 0.4802986278 1
0 0.155 -0.055 0.4159411877 1
0 0.155 -0.045 0.3468983601 1
0 0.155 -0.035 0.2739478809 1
0 0.155 -0.025 0.1979115038 1
0 0.155 -0.015 0.1196457441 1
0 0.155 -0.005 0.04003222962 1
0 0.155 0.005 -0.04003222962 1
0 0.155 0.015 -0.1196457441 1
0 0.155 0.025 -0.1979115038 1
0 0.155 0.035 -0.2739478809 1
0 0.155 0.045 -0.3468983601 2
0 0.155 0.055 -0.4159411877 2
0 0.155 0.065 -0.4802986278 2
0 0.155 0.075 -0.5392457231 2
0 0.155 0.085 -0.5921184616 2
0 0.155 0.095 -0.6383212559 2
0 0.155 0.105 -0.6773336528 2
0 0.155 0.115 -0.7087161953 2
0 0.155 0.125 -0.7321153735 2
0 0.155 0.135 -0.7472676063 1
0 0.155 0.145 -0.7540022107 1
0 0.155 0.155 0 1
0 0.155 0.165 0 2
0 0.155 0.175 0 2
0 0.155 0.185 0 2
0 0.155 0.195 0 2
0 0.155 0.205 0 2
0 0.155 0.215 0 2
0 0.165 -0.205 0 2
0 0.165 -0.195 0 2
0 0.165 -0.185 0 2
0 0.165 -0.175 0 2
0 0.165 -0.165 0 2
0 0.165 -0.155 0 2
0 0.165 -0.145 0.7890179772 2
0 0.165 -0.135 0.7819706186 2
0 0.165 -0.125 0.766114718 2
0 0.165 -0.115 0.741628885 2
0 0.165 -0.105 0.7087889412 1
0 0.165 -0.095 0.6679648136 1
0 0.165 -0.085 0.6196163674 1
0 0.165 -0.075 0.5642882257 1
0 0.165 -0.065 0.5026036348 1
0 0.165 -0.055 0.4352574434 1
0 0.165 -0.045 0.3630082757 1
0 0.165 -0.035 0.2866699855 1
0 0.165 -0.025 0.2071024888 1
0 0.165 -0.015 0.1252020772 1
0 0.165 -0.005 0.04189132125 1
0 0.165 0.005 -0.04189132125 1
0 0.165 0.015 -0.1252020772 1
0 0.165 0.025 -0.2071024888 1
0 0.165 0.035 -0.2866699855 1
0 0.165 0.045 -0.3630082757 2
0 0.165 0.055 -0.4352574434 2
0 0.165 0.065 -0.5026036348 2
0 0.165 0.075 -0.5642882257 2
0 0.165 0.085 -0.6196163674 2
0 0.165 0.095 -0.6679648136 2
0 0.165 0.105 -0.7087889412 2
0 0.165 0.115 -0.741628885 2
0 0.165 0.125 -0.766114718 2
0 0.165 0.135 -0.7819706186 2
0 0.165 0.145 -0.7890179772 2
0 0.165 0.155 0 2
0 0.165 0.165 0 2
0 0.165 0.175 0 2
0 0.165 0.185 0 2
0 0.165 0.195 0 2
0 0.165 0.205 0 2
0 0.165 0.215 0 1
0 0.175 -0.205 0 2
0 0.175 -0.195 0 2
0 0.175 -0.185 0 2
0 0.175 -0.175 0 2
0 0.175 -0.165 0 2
0 0.175 -0.155 0 2
0 0.175 -0.145 0.8216352929 2
0 0.175 -0.135 0.8142966027 2
0 0.175 -0.125 0.797785233 2
0 0.175 -0.115 0.772287177 2
0 0.175 -0.105 0.7380896585 2
0 0.175 -0.095 0.6955778971 2
0 0.175 -0.085 0.6452307682 1
0 0.175 -0.075 0.5876154093 1
0 0.175 -0.065 0.5233808312 1
0 0.175 -0.055 0.4532506069 1
0 0.175 -0.045 0.3780147216 1
0 0.175 -0.035 0.298520673 1
0 0.175 -0.025 0.2156639253 1
0 0.175 -0.015 0.1303778219 1
0 0.175 -0.005 0.04362307198 1
0 0.175 0.005 -0.04362307198 1
0 0.175 0.015 -0.1303778219 1
0 0.175 0.025 -0.2156639253 1
0 0.175 0.035 -0.298520673 1
0 0.175 0.045 -0.3780147216 2
0 0.175 0.055 -0.4532506069 2
0 0.175 0.065 -0.5233808312 2
0 0.175 0.075 -0.5876154093 2
0 0.175 0.085 -0.6452307682 2
0 0.175 0.095 -0.6955778971 2
0 0.175 0.105 -0.7380896585 2
0 0.175 0.115 -0.772287177 2
0 0.175 0.125 -0.797785233 2
0 0.175 0.135 -0.8142966027 2
0 0.175 0.145 -0.8216352929 2
0 0.175 0.155 0 2
0 0.175 0.165 0 2
0 0.175 0.175 0 2
0 0.175 0.185 0 2
0 0.175 0.195 0 1
0 0.175 0.205 0 1
0 0.175 0.215 0 1
0 0.185 -0.205 0 2
0 0.185 -0.195 0 2
0 0.185 -0.185 0 2
0 0.185 -0.175 0 2
0 0.185 -0.165 0 2
0 0.185 -0.155 0 2
0 0.185 -0.145 0.8517550081 2
0 0.185 -0.135 0.8441472943 2
0 0.185 -0.125 0.8270306467 2
0 0.185 -0.115 0.8005978764 2
0 0.185 -0.105 0.7651467366 2
0 0.185 -0.095 0.7210765682 2
0 0.185 -0.085 0.6688838015 2
0 0.185 -0.075 0.6091563642 2
0 0.185 -0.065 0.5425670586 2
0 0.185 -0.055 0.4698659828 2
0 0.185 -0.045 0.3918720812 2
0 0.185 -0.035 0.3094639196 2
0 0.185 -0.025 0.2235697882 2
0 0.185 -0.015 0.1351572452 1
0 0.185 -0.005 0.04522221763 1
0 0.185 0.005 -0.04522221763 1
0 0.185 0.015 -0.1351572452 1
0 0.185 0.025 -0.2235697882 1
0 0.185 0.035 -0.3094639196 1
0 0.185 0.045 -0.3918720812 2
0 0.185 0.055 -0.4698659828 2
0 0.185 0.065 -0.5425670586 2
0 0.185 0.075 -0.6091563642 2
0 0.185 0.085 -0.6688838015 2
0 0.185 0.095 -0.7210765682 2
0 0.185 0.105 -0.7651467366 2
0 0.185 0.115 -0.8005978764 2
0 0.185 0.125 -0.8270306467 2
0 0.185 0.135 -0.8441472943 2
0 0.185 0.145 -0.8517550081 2
0 0.185 0.155 0 2
0 0.185 0.165 0 2
0 0.185 0.175 0 2
0 0.185 0.185 0 2
0 0.185 0.195 0 1
0 0.185 0.205 0 1
0 0.185 0.215 0 1
0 0.195 -0.205 0 2
0 0.195 -0.195 0 2
0 0.195 -0.185 0 2
0 0.195 -0.175 0 2
0 0.195 -0.165 0 2
0 0.195 -0.155 0 2
0 0.195 -0.145 0.879285565 2
0 0.195 -0.135 0.8714319535 2
0 0.195 -0.125 0.8537620589 2
0 0.195 -0.115 0.8264749246 2
0 0.195 -0.105 0.7898779276 2
0 0.195 -0.095 0.7443833164 2
0 0.195 -0.085 0.690503567 2
0 0.195 -0.075 0.6288456103 2
0 0.195 -0.065 0.5601039948 2
0 0.195 -0.055 0.4850530636 2
0 0.195 -0.045 0.4045382311 2
0 0.195 -0.035 0.3194664602 2
0 0.195 -0.025 0.2307960454 2
0 0.195 -0.015 0.1395258186 1
0 0.195 -0.005 0.04668389713 1
0 0.195 0.005 -0.04668389713 1
0 0.195 0.015 -0.1395258186 1
0 0.195 0.025 -0.2307960454 1
0 0.195 0.035 -0.3194664602 1
0 0.195 0.045 -0.4045382311 2
0 0.195 0.055 -0.4850530636 2
0 0.195 0.065 -0.5601039948 2
0 0.195 0.075 -0.6288456103 2
0 0.195 0.085 -0.690503567 2
0 0.195 0.095 -0.7443833164 2
0 0.195 0.105 -0.7898779276 2
0 0.195 0.115 -0.8264749246 2
0 0.195 0.125 -0.8537620589 2
0 0.195 0.135 -0.8714319535 2
0 0.195 0.145 -0.879285565 2
0 0.195 0.155 0 2
0 0.195 0.165 0 2
0 0.195 0.175 0 2
0 0.195 0.185 0 2
0 0.195 0.195 0 1
0 0.195 0.205 0 1
0 0.195 0.215 0 1
0 0.205 -0.205 0 2
0 0.205 -0.195 0 2
0 0.205 -0.185 0 2
0 0.205 -0.175 0 2
0 0.205 -0.165 0 2
0 0.205 -0.155 0 2
0 0.205 -0.145 0.9041432765 2
0 0.205 -0.135 0.8960676406 2
0 0.205 -0.125 0.8778982119 2
0 0.205 -0.115 0.8498396607 2
0 0.205 -0.105 0.8122080538 2
0 0.205 -0.095 0.765427294 2
0 0.205 -0.085 0.7100243452 2
0 0.205 -0.075 0.6466232963 2
0 0.205 -0.065 0.5759383313 2
0 0.205 -0.055 0.4987656839 2
0 0.205 -0.045 0.4159746689 2
0 0.205 -0.035 0.3284978891 2
0 0.205 -0.025 0.2373207306 2
0 0.205 -0.015 0.1434702625 2
0 0.205 -0.005 0.04800366728 1
0 0.205 0.005 -0.04800366728 1
0 0.205 0.015 -0.1434702625 1
0 0.205 0.025 -0.2373207306 1
0 0.205 0.035 -0.3284978891 2
0 0.205 0.045 -0.4159746689 2
0 0.205 0.055 -0.4987656839 2
0 0.205 0.065 -0.5759383313 2
0 0.205 0.075 -0.6466232963 2
0 0.205 0.085 -0.7100243452 2
0 0.205 0.095 -0.765427294 2
0 0.205 0.105 -0.8122080538 2
0 0.205 0.115 -0.8498396607 2
0 0.205 0.125 -0.8778982119 2
0 0.205 0.135 -0.8960676406 2
0 0.205 0.145 -0.9041432765 2
0 0.205 0.155 0 2
0 0.205 0.165 0 2
0 0.205 0.175 0 2
0 0.205 0.185 0 2
0 0.205 0.195 0 1
0 0.205 0.205 0 1
0 0.205 0.215 0 1
0 0.215 -0.205 0 2
0 0.215 -0.195 0 2
0 0.215 -0.185 0 2
0 0.215 -0.175 0 2
0 0.215 -0.165 0 2
0 0.215 -0.155 0 2
0 0.215 -0.145 0.9262525802 2
0 0.215 -0.135 0.9179794683 2
0 0.215 -0.125 0.8993657368 2
0 0.215 -0.115 0.8706210609 2
0 0.215 -0.105 0.8320692363 2
0 0.215 -0.095 0.7841445316 2
0 0.215 -0.085 0.7273867968 2
0 0.215 -0.075 0.6624353819 2
0 0.215 -0.065 0.5900219349 2
0 0.215 -0.055 0.5109621602 2
0 0.215 -0.045 0.4261466301 2
0 0.215 -0.035 0.3365307527 2
0 0.215 -0.025 0.2431240101 2
0 0.215 -0.015 0.1469785865 2
0 0.215 -0.005 0.04917751626 2
0 0.215 0.005 -0.04917751626 2
0 0.215 0.015 -0.1469785865 2
0 0.215 0.025 -0.2431240101 2
0 0.215 0.035 -0.3365307527 2
0 0.215 0.045 -0.4261466301 2
0 0.215 0.055 -0.5109621602 2
0 0.215 0.065 -0.5900219349 2
0 0.215 0.075 -0.6624353819 2
0 0.215 0.085 -0.7273867968 2
0 0.215 0.095 -0.7841445316 2
0 0.215 0.105 -0.8320692363 2
0 0.215 0.115 -0.8706210609 2
0 0.215 0.125 -0.8993657368 2
0 0.215 0.135 -0.9179794683 2
0 0.215 0.145 -0.9262525802 2
0 0.215 0.155 0 2
0 0.215 0.165 0 2
0 0.215 0.175 0 2
0 0.215 0.185 0 2
0 0.215 0.195 0 1
0 0.215 0.205 0 1
0 0.215 0.215 0 1
0 0.225 -0.205 0 2
0 0.225 -0.195 0 2
0 0.225 -0.185 0 2
0 0.225 -0.175 0 2
0 0.225 -0.165 0 2
0 0.225 -0.155 0 2
0 0.225 -0.145 0.9455462686 2
0 0.225 -0.135 0.9371008291 2
0 0.225 -0.125 0.9180993766 2
0 0.225 -0.115 0.8887559539 2
0 0.225 -0.105 0.8494011011 2
0 0.225 -0.095 0.8004781328 2
0 0.225 -0.085 0.7425381438 2
0 0.225 -0.075 0.6762338016 2
0 0.225 -0.065 0.6023119944 2
0 0.225 -0.055 0.5216054177 2
0 0.225 -0.045 0.435023194 2
0 0.225 -0.035 0.3435406328 2
0 0.225 -0.025 0.2481882431 2
0 0.225 -0.015 0.1500401262 2
0 0.225 -0.005 0.05020187581 2
0 0.225 0.005 -0.05020187581 2
0 0.225 0.015 -0.1500401262 2
0 0.225 0.025 -0.2481882431 2
0 0.225 0.035 -0.3435406328 2
0 0.225 0.045 -0.435023194 2
0 0.225 0.055 -0.5216054177 2
0 0.225 0.065 -0.6023119944 2
0 0.225 0.075 -0.6762338016 2
0 0.225 0.085 -0.7425381438 2
0 0.225 0.095 -0.8004781328 2
0 0.225 0.105 -0.8494011011 2
0 0.225 0.115 -0.8887559539 2
0 0.225 0.125 -0.9180993766 2
0 0.225 0.135 -0.9371008291 2
0 0.225 0.145 -0.9455462686 2
0 0.225 0.155 0 2
0 0.225 0.165 0 2
0 0.225 0.175 0 2
0 0.225 0.185 0 2
0 0.225 0.195 0 2
0 0.225 0.205 0 1
0 0.225 0.215 0 1
0 0.235 -0.205 0 2
0 0.235 -0.195 0 2
0 0.235 -0.185 0 2
0 0.235 -0.175 0 2
0 0.235 -0.165 0 2
0 0.235 -0.155 0 2
0 0.235 -0.145 0.9619656927 2
0 0.235 -0.135 0.9533735981 2
0 0.235 -0.125 0.9340421851 2
0 0.235 -0.115 0.9041892134 2
0 0.235 -0.105 0.8641509631 2
0 0.235 -0.095 0.8143784467 2
0 0.235 -0.085 0.755432329 2
0 0.235 -0.075 0.687976611 2
0 0.235 -0.065 0.6127711506 2
0 0.235 -0.055 0.530663103 2
0 0.235 -0.045 0.4425773779 2
0 0.235 -0.035 0.3495062206 2
0 0.235 -0.025 0.2524980354 2
0 0.235 -0.015 0.1526455751 2
0 0.235 -0.005 0.05107363208 2
0 0.235 0.005 -0.05107363208 2
0 0.235 0.015 -0.1526455751 2
0 0.235 0.025 -0.2524980354 2
0 0.235 0.035 -0.3495062206 2
0 0.235 0.045 -0.4425773779 2
0 0.235 0.055 -0.530663103 2
0 0.235 0.065 -0.6127711506 2
0 0.235 0.075 -0.687976611 2
0 0.235 0.085 -0.755432329 2
0 0.235 0.095 -0.8143784467 2
0 0.235 0.105 -0.8641509631 2
0 0.235 0.115 -0.9041892134 2
0 0.235 0.125 -0.9340421851 2
0 0.235 0.135 -0.9533735981 2
0 0.235 0.145 -0.9619656927 2
0 0.235 0.155 0 2
0 0.235 0.165 0 2
0 0.235 0.175 0 2
0 0.235 0.185 0 2
0 0.235 0.195 0 2
0 0.235 0.205 0 1
0 0.235 0.215 0 1
0 0.245 -0.205 0 2
0 0.245 -0.195 0 2
0 0.245 -0.185 0 2
0 0.245 -0.175 0 2
0 0.245 -0.165 0 2
0 0.245 -0.155 0 2
0 0.245 -0.145 0.975460941 2
0 0.245 -0.135 0.9667483094 2
0 0.245 -0.125 0.9471456994 2
0 0.245 -0.115 0.9168739256 2
0 0.245 -0.105 0.8762739856 2
0 0.245 -0.095 0.8258032194 2
0 0.245 -0.085 0.7660301569 2
0 0.245 -0.075 0.6976281144 2
0 0.245 -0.065 0.6213676098 2
0 0.245 -0.055 0.5381076828 2
0 0.245 -0.045 0.4487862184 2
0 0.245 -0.035 0.3544093822 2
0 0.245 -0.025 0.2560402861 2
0 0.245 -0.015 0.1547870131 2
0 0.245 -0.005 0.05179013512 2
0 0.245 0.005 -0.05179013512 2
0 0.245 0.015 -0.1547870131 2
0 0.245 0.025 -0.2560402861 2
0 0.245 0.035 -0.3544093822 2
0 0.245 0.045 -0.4487862184 2
0 0.245 0.055 -0.5381076828 2
0 0.245 0.065 -0.6213676098 2
0 0.245 0.075 -0.6976281144 2
0 0.245 0.085 -0.7660301569 2
0 0.245 0.095 -0.8258032194 2
0 0.245 0.105 -0.8762739856 2
0 0.245 0.115 -0.9168739256 2
0 0.245 0.125 -0.9471456994 2
0 0.245 0.135 -0.9667483094 2
0 0.245 0.145 -0.975460941 2
0 0.245 0.155 0 2
0 0.245 0.165 0 2
0 0.245 0.175 0 2
0 0.245 0.185 0 2
0 0.245 0.195 0 2
0 0.245 0.205 0 2
0 0.245 0.215 0 1
0 0.255 -0.205 0 2
0 0.255 -0.195 0 2
0 0.255 -0.185 0 2
0 0.255 -0.175 0 2
0 0.255 -0.165 0 2
0 0.255 -0.155 0 2
0 0.255 -0.145 0.9859909907 2
0 0.255 -0.135 0.9771843067 2
0 0.255 -0.125 0.9573700875 2
0 0.255 -0.115 0.9267715315 2
0 0.255 -0.105 0.8857333174 2
0 0.255 -0.095 0.8347177218 2
0 0.255 -0.085 0.7742994122 2
0 0.255 -0.075 0.7051589733 1
0 0.255 -0.065 0.6280752406 1
0 0.255 -0.055 0.543916527 1
0 0.255 -0.045 0.4536308421 1
0 0.255 -0.035 0.3582352129 2
0 0.255 -0.025 0.2588042276 2
0 0.255 -0.015 0.1564579308 2
0 0.255 -0.005 0.05234920692 2
0 0.255 0.005 -0.05234920692 2
0 0.255 0.015 -0.1564579308 2
0 0.255 0.025 -0.2588042276 2
0 0.255 0.035 -0.3582352129 2
0 0.255 0.045 -0.4536308421 2
0 0.255 0.055 -0.543916527 2
0 0.255 0.065 -0.6280752406 2
0 0.255 0.075 -0.7051589733 2
0 0.255 0.085 -0.7742994122 2
0 0.255 0.095 -0.8347177218 2
0 0.255 0.105 -0.8857333174 2
0 0.255 0.115 -0.9267715315 2
0 0.255 0.125 -0.9573700875 2
0 0.255 0.135 -0.9771843067 2
0 0.255 0.145 -0.9859909907 2
0 0.255 0.155 0 2
0 0.255 0.165 0 2
0 0.255 0.175 0 2
0 0.255 0.185 0 2
0 0.255 0.195 0 2
0 0.255 0.205 0 2
0 0.255 0.215 0 2
0 0.265 -0.205 0 2
0 0.265 -0.195 0 2
0 0.265 -0.185 0 2
0 0.265 -0.175 0 2
0 0.265 -0.165 0 2
0 0.265 -0.155 0 2
0 0.265 -0.145 0.9935238327 2
0 0.265 -0.135 0.9846498667 2
0 0.265 -0.125 0.9646842695 2
0 0.265 -0.115 0.9338519446 2
0 0.265 -0.105 0.8925002038 2
0 0.265 -0.095 0.8410948558 2
0 0.265 -0.085 0.7802149583 1
0 0.265 -0.075 0.7105462955 1
0 0.265 -0.065 0.6328736531 1
0 0.265 -0.055 0.548071978 1
0 0.265 -0.045 0.4570965223 1
0 0.265 -0.035 0.360972083 1
0 0.265 -0.025 0.260781458 2
0 0.265 -0.015 0.1576532489 2
0 0.265 -0.005 0.05274914799 2
0 0.265 0.005 -0.05274914799 2
0 0.265 0.015 -0.1576532489 2
0 0.265 0.025 -0.260781458 2
0 0.265 0.035 -0.360972083 2
0 0.265 0.045 -0.4570965223 2
0 0.265 0.055 -0.548071978 2
0 0.265 0.065 -0.6328736531 2
0 0.265 0.075 -0.7105462955 2
0 0.265 0.085 -0.7802149583 2
0 0.265 0.095 -0.8410948558 2
0 0.265 0.105 -0.8925002038 2
0 0.265 0.115 -0.9338519446 2
0 0.265 0.125 -0.9646842695 2
0 0.265 0.135 -0.9846498667 2
0 0.265 0.145 -0.9935238327 2
0 0.265 0.155 0 2
0 0.265 0.165 0 2
0 0.265 0.175 0 2
0 0.265 0.185 0 2
0 0.265 0.195 0 2
0 0.265 0.205 0 2
0 0.265 0.215 0 2
0 0.275 -0.205 0 2
0 0.275 -0.195 0 2
0 0.275 -0.185 0 2
0 0.275 -0.175 0 2
0 0.275 -0.165 0 2
0 0.275 -0.155 0 2
0 0.275 -0.145 0.9980365686 2
0 0.275 -0.135 0.9891222957 2
0 0.275 -0.125 0.9690660118 2
0 0.275 -0.115 0.9380936417 2
0 0.275 -0.105 0.8965540751 2
0 0.275 -0.095 0.8449152362 2
0 0.275 -0.085 0.7837588129 1
0 0.275 -0.075 0.7137737045 1
0 0.275 -0.065 0.6357482612 1
0 0.275 -0.055 0.550561404 1
0 0.275 -0.045 0.459172724 1
0 0.275 -0.035 0.3626116729 1
0 0.275 -0.025 0.2619659669 2
0 0.275 -0.015 0.1583693339 2
0 0.275 -0.005 0.05298874262 2
0 0.275 0.005 -0.05298874262 2
0 0.275 0.015 -0.1583693339 2
0 0.275 0.025 -0.2619659669 2
0 0.275 0.035 -0.3626116729 2
0 0.275 0.045 -0.459172724 2
0 0.275 0.055 -0.550561404 2
0 0.275 0.065 -0.6357482612 2
0 0.275 0.075 -0.7137737045 2
0 0.275 0.085 -0.7837588129 2
0 0.275 0.095 -0.8449152362 2
0 0.275 0.105 -0.8965540751 2
0 0.275 0.115 -0.9380936417 2
0 0.275 0.125 -0.9690660118 2
0 0.275 0.135 -0.9891222957 2
0 0.275 0.145 -0.9980365686 2
0 0.275 0.155 0 2
0 0.275 0.165 0 2
0 0.275 0.175 0 2
0 0.275 0.185 0 2
0 0.275 0.195 0 2
0 0.275 0.205 0 2
0 0.275 0.215 0 2
0 0.285 -0.205 0 2
0 0.285 -0.195 0 2
0 0.285 -0.185 0 2
0 0.285 -0.175 0 2
0 0.285 -0.165 0 2
0 0.285 -0.155 0 2
0 0.285 -0.145 0.9995154807 2
0 0.285 -0.135 0.9905879984 2
0 0.285 -0.125 0.9705019946 2
0 0.285 -0.115 0.939483729 2
0 0.285 -0.105 0.8978826082 2
0 0.285 -0.095 0.8461672498 2
0 0.285 -0.085 0.7849202036 1
0 0.285 -0.075 0.7148313897 1
0 0.285 -0.065 0.6366903267 1
0 0.285 -0.055 0.5513772378 1
0 0.285 -0.045 0.459853136 1
0 0.285 -0.035 0.3631489987 1
0 0.285 -0.025 0.2623541537 1
0 0.285 -0.015 0.158604009 2
0 0.285 -0.005 0.05306726248 2
0 0.285 0.005 -0.05306726248 2
0 0.285 0.015 -0.158604009 2
0 0.285 0.025 -0.2623541537 2
0 0.285 0.035 -0.3631489987 2
0 0.285 0.045 -0.459853136 2
0 0.285 0.055 -0.5513772378 2
0 0.285 0.065 -0.6366903267 2
0 0.285 0.075 -0.7148313897 2
0 0.285 0.085 -0.7849202036 2
0 0.285 0.095 -0.8461672498 2
0 0.285 0.105 -0.8978826082 2
0 0.285 0.115 -0.939483729 2
0 0.285 0.125 -0.9705019946 2
0 0.285 0.135 -0.9905879984 2
0 0.285 0.145 -0.9995154807 2
0 0.285 0.155 0 2
0 0.285 0.165 0 2
0 0.285 0.175 0 2
0 0.285 0.185 0 2
0 0.285 0.195 0 2
0 0.285 0.205 0 2
0 0.285 0.215 0 2
0 0.295 -0.205 0 2
0 0.295 -0.195 0 2
0 0.295 -0.185 0 1
0 0.295 -0.175 0 1
0 0.295 -0.165 0 1
0 0.295 -0.155 0 1
0 0.295 -0.145 0.9979560733 2
0 0.295 -0.135 0.9890425194 2
0 0.295 -0.125 0.9689878531 2
0 0.295 -0.115 0.9380179811 2
0 0.295 -0.105 0.8964817648 2
0 0.295 -0.095 0.8448470907 2
0 0.295 -0.085 0.7836955999 1
0 0.295 -0.075 0.7137161361 1
0 0.295 -0.065 0.6356969858 1
0 0.295 -0.055 0.5505169993 1
0 0.295 -0.045 0.4591356901 1
0 0.295 -0.035 0.362582427 1
0 0.295 -0.025 0.2619448384 1
0 0.295 -0.015 0.1583565608 2
0 0.295 -0.005 0.05298446889 2
0 0.295 0.005 -0.05298446889 2
0 0.295 0.015 -0.1583565608 2
0 0.295 0.025 -0.2619448384 2
0 0.295 0.035 -0.362582427 2
0 0.295 0.045 -0.4591356901 2
0 0.295 0.055 -0.5505169993 2
0 0.295 0.065 -0.6356969858 2
0 0.295 0.075 -0.7137161361 2
0 0.295 0.085 -0.7836955999 2
0 0.295 0.095 -0.8448470907 2
0 0.295 0.105 -0.8964817648 2
0 0.295 0.115 -0.9380179811 2
0 0.295 0.125 -0.9689878531 2
0 0.295 0.135 -0.9890425194 2
0 0.295 0.145 -0.9979560733 2
0 0.295 0.155 0 2
0 0.295 0.165 0 2
0 0.295 0.175 0 2
0 0.295 0.185 0 2
0 0.295 0.195 0 2
0 0.295 0.205 0 2
0 0.295 0.215 0 2
0 0.305 -0.205 0 2
0 0.305 -0.195 0 1
0 0.305 -0.185 0 1
0 0.305 -0.175 0 1
0 0.305 -0.165 0 1
0 0.305 -0.155 0 1
0 0.305 -0.145 0 1
0 0.305 -0.135 0 2
0 0.305 -0.125 0 2
0 0.305 -0.115 0 2
0 0.305 -0.105 0 2
0 0.305 -0.095 0 2
0 0.305 -0.085 0 1
0 0.305 -0.075 0 1
0 0.305 -0.065 0 1
0 0.305 -0.055 0 1
0 0.305 -0.045 0 1
0 0.305 -0.035 0 1
0 0.305 -0.025 0 1
0 0.305 -0.015 0 2
0 0.305 -0.005 0 2
0 0.305 0.005 0 2
0 0.305 0.015 0 2
0 0.305 0.025 0 2
0 0.305 0.035 0 2
0 0.305 0.045 0 2
0 0.305 0.055 0 2
0 0.305 0.065 0 2
0 0.305 0.075 0 2
0 0.305 0.085 0 2
0 0.305 0.095 0 2
0 0.305 0.105 0 2
0 0.305 0.115 0 2
0 0.305 0.125 0 2
0 0.305 0.135 0 2
0 0.305 0.145 0 2
0 0.305 0.155 0 2
0 0.305 0.165 0 2
0 0.305 0.175 0 2
0 0.305 0.185 0 2
0 0.305 0.195 0 2
0 0.305 0.205 0 2
0 0.305 0.215 0 2
0 0.315 -0.205 0 2
0 0.315 -0.195 0 1
0 0.315 -0.185 0 1
0 0.315 -0.175 0 1
0 0.315 -0.165 0 1
0 0.315 -0.155 0 1
0 0.315 -0.145 0 1
0 0.315 -0.135 0 2
0 0.315 -0.125 0 2
0 0.315 -0.115 0 2
0 0.315 -0.105 0 2
0 0.315 -0.095 0 2
0 0.315 -0.085 0 1
0 0.315 -0.075 0 1
0 0.315 -0.065 0 1
0 0.315 -0.055 0 1
0 0.315 -0.045 0 1
0 0.315 -0.035 0 1
0 0.315 -0.025 0 1
0 0.315 -0.015 0 2
0 0.315 -0.005 0 2
0 0.315 0.005 0 2
0 0.315 0.015 0 2
0 0.315 0.025 0 2
0 0.315 0.035 0 2
0 0.315 0.045 0 2
0 0.315 0.055 0 2
0 0.315 0.065 0 2
0 0.315 0.075 0 2
0 0.315 0.085 0 2
0 0.315 0.095 0 2
0 0.315 0.105 0 2
0 0.315 0.115 0 2
0 0.315 0.125 0 2
0 0.315 0.135 0 2
0 0.315 0.145 0 1
0 0.315 0.155 0 1
0 0.315 0.165 0 1
0 0.315 0.175 0 1
0 0.315 0.185 0 2
0 0.315 0.195 0 2
0 0.315 0.205 0 2
0 0.315 0.215 0 2
0 0.325 -0.205 0 2
0 0.325 -0.195 0 1
0 0.325 -0.185 0 1
0 0.325 -0.175 0 1
0 0.325 -0.165 0 1
0 0.325 -0.155 0 1
0 0.325 -0.145 0 1
0 0.325 -0.135 0 1
0 0.325 -0.125 0 2
0 0.325 -0.115 0 2
0 0.325 -0.105 0 2
0 0.325 -0.095 0 2
0 0.325 -0.085 0 1
0 0.325 -0.075 0 1
0 0.325 -0.065 0 1
0 0.325 -0.055 0 1
0 0.325 -0.045 0 1
0 0.325 -0.035 0 1
0 0.325 -0.025 0 1
0 0.325 -0.015 0 2
0 0.325 -0.005 0 2
0 0.325 0.005 0 2
0 0.325 0.015 0 2
0 0.325 0.025 0 2
0 0.325 0.035 0 2
0 0.325 0.045 0 2
0 0.325 0.055 0 2
0 0.325 0.065 0 2
0 0.325 0.075 0 2
0 0.325 0.085 0 2
0 0.325 0.095 0 2
0 0.325 0.105 0 2
0 0.325 0.115 0 2
0 0.325 0.125 0 2
0 0.325 0.135 0 2
0 0.325 0.145 0 1
0 0.325 0.155 0 1
0 0.325 0.165 0 1
0 0.325 0.175 0 1
0 0.325 0.185 0 1
0 0.325 0.195 0 2
0 0.325 0.205 0 2
0 0.325 0.215 0 2
0 0.335 -0.205 0 2
0 0.335 -0.195 0 1
0 0.335 -0.185 0 1
0 0.335 -0.175 0 1
0 0.335 -0.165 0 1
0 0.335 -0.155 0 1
0 0.335 -0.145 0 1
0 0.335 -0.135 0 1
0 0.335 -0.125 0 2
0 0.335 -0.115 0 2
0 0.335 -0.105 0 2
0 0.335 -0.095 0 2
0 0.335 -0.085 0 2
0 0.335 -0.075 0 1
0 0.335 -0.065 0 1
0 0.335 -0.055 0 1
0 0.335 -0.045 0 1
0 0.335 -0.035 0 1
0 0.335 -0.025 0 1
0 0.335 -0.015 0 2
0 0.335 -0.005 0 2
0 0.335 0.005 0 2
0 0.335 0.015 0 2
0 0.335 0.025 0 2
0 0.335 0.035 0 2
0 0.335 0.045 0 2
0 0.335 0.055 0 2
0 0.335 0.065 0 2
0 0.335 0.075 0 2
0 0.335 0.085 0 2
0 0.335 0.095 0 2
0 0.335 0.105 0 2
0 0.335 0.115 0 2
0 0.335 0.125 0 2
0 0.335 0.135 0 1
0 0.335 0.145 0 1
0 0.335 0.155 0 1
0 0.335 0.165 0 1
0 0.335 0.175 0 1
0 0.335 0.185 0 1
0 0.335 0.195 0 1
0 0.335 0.205 0 2
0 0.335 0.215 0 1
0 0.345 -0.205 0 2
0 0.345 -0.195 0 1
0 0.345 -0.185 0 1
0 0.345 -0.175 0 1
0 0.345 -0.165 0 1
0 0.345 -0.155 0 1
0 0.345 -0.145 0 1
0 0.345 -0.135 0 1
0 0.345 -0.125 0 2
0 0.345 -0.115 0 2
0 0.345 -0.105 0 2
0 0.345 -0.095 0 2
0 0.345 -0.085 0 2
0 0.345 -0.075 0 1
0 0.345 -0.065 0 1
0 0.345 -0.055 0 1
0 0.345 -0.045 0 1
0 0.345 -0.035 0 1
0 0.345 -0.025 0 1
0 0.345 -0.015 0 2
0 0.345 -0.005 0 2
0 0.345 0.005 0 2
0 0.345 0.015 0 2
0 0.345 0.025 0 2
0 0.345 0.035 0 2
0 0.345 0.045 0 2
0 0.345 0.055 0 2
0 0.345 0.065 0 2
0 0.345 0.075 0 2
0 0.345 0.085 0 2
0 0.345 0.095 0 2
0 0.345 0.105 0 2
0 0.345 0.115 0 2
0 0.345 0.125 0 2
0 0.345 0.135 0 1
0 0.345 0.145 0 1
0 0.345 0.155 0 1
0 0.345 0.165 0 1
0 0.345 0.175 0 1
0 0.345 0.185 0 1
0 0.345 0.195 0 1
0 0.345 0.205 0 1
0 0.345 0.215 0 1
0 0.355 -0.205 0 2
0 0.355 -0.195 0 1
0 0.355 -0.185 0 1
0 0.355 -0.175 0 1
0 0.355 -0.165 0 1
0 0.355 -0.155 0 1
0 0.355 -0.145 0 1
0 0.355 -0.135 0 1
0 0.355 -0.125 0 2
0 0.355 -0.115 0 2
0 0.355 -0.105 0 2
0 0.355 -0.095 0 2
0 0.355 -0.085 0 2
0 0.355 -0.075 0 2
0 0.355 -0.065 0 1
0 0.355 -0.055 0 1
0 0.355 -0.045 0 1
0 0.355 -0.035 0 1
0 0.355 -0.025 0 2
0 0.355 -0.015 0 2
0 0.355 -0.005 0 2
0 0.355 0.005 0 2
0 0.355 0.015 0 2
0 0.355 0.025 0 2
0 0.355 0.035 0 2
0 0.355 0.045 0 2
0 0.355 0.055 0 2
0 0.355 0.065 0 2
0 0.355 0.075 0 2
0 0.355 0.085 0 2
0 0.355 0.095 0 2
0 0.355 0.105 0 2
0 0.355 0.115 0 2
0 0.355 0.125 0 2
0 0.355 0.135 0 1
0 0.355 0.145 0 1
0 0.355 0.155 0 1
0 0.355 0.165 0 1
0 0.355 0.175 0 1
0 0.355 0.185 0 1
0 0.355 0.195 0 1
0 0.355 0.205 0 1
0 0.355 0.215 0 1
0 0.365 -0.205 0 2
0 0.365 -0.195 0 1
0 0.365 -0.185 0 1
0 0.365 -0.175 0 1
0 0.365 -0.165 0 1
0 0.365 -0.155 0 1
0 0.365 -0.145 0 1
0 0.365 -0.135 0 1
0 0.365 -0.125 0 2
0 0.365 -0.115 0 2
0 0.365 -0.105 0 2
0 0.365 -0.095 0 2
0 0.365 -0.085 0 2
0 0.365 -0.075 0 2
0 0.365 -0.065 0 2
0 0.365 -0.055 0 2
0 0.365 -0.045 0 2
0 0.365 -0.035 0 2
0 0.365 -0.025 0 2
0 0.365 -0.015 0 2
0 0.365 -0.005 0 2
0 0.365 0.005 0 2
0 0.365 0.015 0 2
0 0.365 0.025 0 2
0 0.365 0.035 0 2
0 0.365 0.045 0 2
0 0.365 0.055 0 2
0 0.365 0.065 0 2
0 0.365 0.075 0 2
0 0.365 0.085 0 2
0 0.365 0.095 0 2
0 0.365 0.105 0 2
0 0.365 0.115 0 2
0 0.365 0.125 0 2
0 0.365 0.135 0 2
0 0.365 0.145 0 1
0 0.365 0.155 0 1
0 0.365 0.165 0 1
0 0.365 0.175 0 1
0 0.365 0.185 0 1
0 0.365 0.195 0 1
0 0.365 0.205 0 1
0 0.365 0.215 0 1
