t x y content type
0 -0.055 -0.205 0 2
0 -0.055 -0.195 0 2
0 -0.055 -0.185 0 2
0 -0.055 -0.175 0 2
0 -0.055 -0.165 0 2
0 -0.055 -0.155 0 2
0 -0.055 -0.145 0 2
0 -0.055 -0.135 0 2
0 -0.055 -0.125 0 2
0 -0.055 -0.115 0 2
0 -0.055 -0.105 0 2
0 -0.055 -0.095 0 2
0 -0.055 -0.085 0 2
0 -0.055 -0.075 0 2
0 -0.055 -0.065 0 2
0 -0.055 -0.055 0 2
0 -0.055 -0.045 0 2
0 -0.055 -0.035 0 2
0 -0.055 -0.025 0 2
0 -0.055 -0.015 0 1
0 -0.055 -0.005 0 1
0 -0.055 0.005 0 1
0 -0.055 0.015 0 1
0 -0.055 0.025 0 1
0 -0.055 0.035 0 1
0 -0.055 0.045 0 1
0 -0.055 0.055 0 1
0 -0.055 0.065 0 1
0 -0.055 0.075 0 1
0 -0.055 0.085 0 1
0 -0.055 0.095 0 2
0 -0.055 0.105 0 2
0 -0.055 0.115 0 2
0 -0.055 0.125 0 2
0 -0.055 0.135 0 2
0 -0.055 0.145 0 2
0 -0.055 0.155 0 2
0 -0.055 0.165 0 2
0 -0.055 0.175 0 2
0 -0.055 0.185 0 2
0 -0.055 0.195 0 2
0 -0.055 0.205 0 2
0 -0.055 0.215 0 2
0 -0.045 -0.205 0 2
0 -0.045 -0.195 0 2
0 -0.045 -0.185 0 2
0 -0.045 -0.175 0 2
0 -0.045 -0.165 0 2
0 -0.045 -0.155 0 2
0 -0.045 -0.145 0 2
0 -0.045 -0.135 0 2
0 -0.045 -0.125 0 2
0 -0.045 -0.115 0 2
0 -0.045 -0.105 0 2
0 -0.045 -0.095 0 2
0 -0.045 -0.085 0 2
0 -0.045 -0.075 0 2
0 -0.045 -0.065 0 2
0 -0.045 -0.055 0 2
0 -0.045 -0.045 0 2
0 -0.045 -0.035 0 2
0 -0.045 -0.025 0 2
0 -0.045 -0.015 0 1
0 -0.045 -0.005 0 1
0 -0.045 0.005 0 1
0 -0.045 0.015 0 1
0 -0.045 0.025 0 1
0 -0.045 0.035 0 1
0 -0.045 0.045 0 1
0 -0.045 0.055 0 1
0 -0.045 0.065 0 1
0 -0.045 0.075 0 1
0 -0.045 0.085 0 1
0 -0.045 0.095 0 2
0 -0.045 0.105 0 2
0 -0.045 0.115 0 2
0 -0.045 0.125 0 2
0 -0.045 0.135 0 2
0 -0.045 0.145 0 2
0 -0.045 0.155 0 2
0 -0.045 0.165 0 2
0 -0.045 0.175 0 2
0 -0.045 0.185 0 2
0 -0.045 0.195 0 2
0 -0.045 0.205 0 2
0 -0.045 0.215 0 2
0 -0.035 -0.205 0 2
0 -0.035 -0.195 0 2
0 -0.035 -0.185 0 2
0 -0.035 -0.175 0 2
0 -0.035 -0.165 0 2
0 -0.035 -0.155 0 2
0 -0.035 -0.145 0 2
0 -0.035 -0.135 0 2
0 -0.035 -0.125 0 2
0 -0.035 -0.115 0 2
0 -0.035 -0.105 0 2
0 -0.035 -0.095 0 2
0 -0.035 -0.085 0 2
0 -0.035 -0.075 0 2
0 -0.035 -0.065 0 2
0 -0.035 -0.055 0 2
0 -0.035 -0.045 0 2
0 -0.035 -0.035 0 2
0 -0.035 -0.025 0 2
0 -0.035 -0.015 0 2
0 -0.035 -0.005 0 1
0 -0.035 0.005 0 1
0 -0.035 0.015 0 1
0 -0.035 0.025 0 1
0 -0.035 0.035 0 1
0 -0.035 0.045 0 1
0 -0.035 0.055 0 1
0 -0.035 0.065 0 1
0 -0.035 0.075 0 1
0 -0.035 0.085 0 1
0 -0.035 0.095 0 2
0 -0.035 0.105 0 2
0 -0.035 0.115 0 2
0 -0.035 0.125 0 2
0 -0.035 0.135 0 2
0 -0.035 0.145 0 2
0 -0.035 0.155 0 2
0 -0.035 0.165 0 2
0 -0.035 0.175 0 2
0 -0.035 0.185 0 2
0 -0.035 0.195 0 2
0 -0.035 0.205 0 2
0 -0.035 0.215 0 2
0 -0.025 -0.205 0 2
0 -0.025 -0.195 0 2
0 -0.025 -0.185 0 2
0 -0.025 -0.175 0 2
0 -0.025 -0.165 0 2
0 -0.025 -0.155 0 2
0 -0.025 -0.145 0 2
0 -0.025 -0.135 0 2
0 -0.025 -0.125 0 2
0 -0.025 -0.115 0 2
0 -0.025 -0.105 0 2
0 -0.025 -0.095 0 2
0 -0.025 -0.085 0 2
0 -0.025 -0.075 0 2
0 -0.025 -0.065 0 2
0 -0.025 -0.055 0 2
0 -0.025 -0.045 0 2
0 -0.025 -0.035 0 2
0 -0.025 -0.025 0 2
0 -0.025 -0.015 0 2
0 -0.025 -0.005 0 2
0 -0.025 0.005 0 2
0 -0.025 0.015 0 1
0 -0.025 0.025 0 1
0 -0.025 0.035 0 1
0 -0.025 0.045 0 1
0 -0.025 0.055 0 1
0 -0.025 0.065 0 1
0 -0.025 0.075 0 1
0 -0.025 0.085 0 2
0 -0.025 0.095 0 2
0 -0.025 0.105 0 2
0 -0.025 0.115 0 2
0 -0.025 0.125 0 2
0 -0.025 0.135 0 2
0 -0.025 0.145 0 2
0 -0.025 0.155 0 2
0 -0.025 0.165 0 2
0 -0.025 0.175 0 2
0 -0.025 0.185 0 2
0 -0.025 0.195 0 2
0 -0.025 0.205 0 2
0 -0.025 0.215 0 2
0 -0.015 -0.205 0 2
0 -0.015 -0.195 0 2
0 -0.015 -0.185 0 2
0 -0.015 -0.175 0 2
0 -0.015 -0.165 0 2
0 -0.015 -0.155 0 2
0 -0.015 -0.145 0 2
0 -0.015 -0.135 0 2
0 -0.015 -0.125 0 2
0 -0.015 -0.115 0 2
0 -0.015 -0.105 0 2
0 -0.015 -0.095 0 2
0 -0.015 -0.085 0 2
0 -0.015 -0.075 0 2
0 -0.015 -0.065 0 2
0 -0.015 -0.055 0 2
0 -0.015 -0.045 0 2
0 -0.015 -0.035 0 2
0 -0.015 -0.025 0 2
0 -0.015 -0.015 0 2
0 -0.015 -0.005 0 2
0 -0.015 0.005 0 2
0 -0.015 0.015 0 2
0 -0.015 0.025 0 2
0 -0.015 0.035 0 2
0 -0.015 0.045 0 1
0 -0.015 0.055 0 1
0 -0.015 0.065 0 2
0 -0.015 0.075 0 2
0 -0.015 0.085 0 2
0 -0.015 0.095 0 2
0 -0.015 0.105 0 2
0 -0.015 0.115 0 2
0 -0.015 0.125 0 2
0 -0.015 0.135 0 2
0 -0.015 0.145 0 2
0 -0.015 0.155 0 2
0 -0.015 0.165 0 2
0 -0.015 0.175 0 2
0 -0.015 0.185 0 2
0 -0.015 0.195 0 2
0 -0.015 0.205 0 2
0 -0.015 0.215 0 2
0 -0.005 -0.205 0 2
0 -0.005 -0.195 0 2
0 -0.005 -0.185 0 2
0 -0.005 -0.175 0 2
0 -0.005 -0.165 0 2
0 -0.005 -0.155 0 2
0 -0.005 -0.145 0 2
0 -0.005 -0.135 0 2
0 -0.005 -0.125 0 2
0 -0.005 -0.115 0 2
0 -0.005 -0.105 0 2
0 -0.005 -0.095 0 2
0 -0.005 -0.085 0 2
0 -0.005 -0.075 0 2
0 -0.005 -0.065 0 2
0 -0.005 -0.055 0 2
0 -0.005 -0.045 0 2
0 -0.005 -0.035 0 2
0 -0.005 -0.025 0 2
0 -0.005 -0.015 0 2
0 -0.005 -0.005 0 2
0 -0.005 0.005 0 2
0 -0.005 0.015 0 2
0 -0.005 0.025 0 2
0 -0.005 0.035 0 2
0 -0.005 0.045 0 2
0 -0.005 0.055 0 2
0 -0.005 0.065 0 2
0 -0.005 0.075 0 2
0 -0.005 0.085 0 2
0 -0.005 0.095 0 2
0 -0.005 0.105 0 2
0 -0.005 0.115 0 2
0 -0.005 0.125 0 2
0 -0.005 0.135 0 2
0 -0.005 0.145 0 2
0 -0.005 0.155 0 2
0 -0.005 0.165 0 2
0 -0.005 0.175 0 2
0 -0.005 0.185 0 2
0 -0.005 0.195 0 2
0 -0.005 0.205 0 2
0 -0.005 0.215 0 2
0 0.005 -0.205 0 2
0 0.005 -0.195 0 2
0 0.005 -0.185 0 1
0 0.005 -0.175 0 1
0 0.005 -0.165 0 1
0 0.005 -0.155 0 1
0 0.005 -0.145 -7.427605069e-05 1
0 0.005 -0.135 -8.840673557e-05 2
0 0.005 -0.125 -8.908772966e-05 2
0 0.005 -0.115 -8.023375578e-05 2
0 0.005 -0.105 -6.963231405e-05 2
0 0.005 -0.095 -5.949533579e-05 2
0 0.005 -0.085 -5.006501269e-05 2
0 0.005 -0.075 -4.071487078e-05 2
0 0.005 -0.065 -3.209956148e-05 2
0 0.005 -0.055 -2.440796799e-05 2
0 0.005 -0.045 -1.776718377e-05 2
0 0.005 -0.035 -1.217995802e-05 2
0 0.005 -0.025 -7.506116745e-06 2
0 0.005 -0.015 -3.51963734e-06 2
0 0.005 -0.005 5.997353007e-08 2
0 0.005 0.005 3.463593111e-06 2
0 0.005 0.015 6.924655919e-06 2
0 0.005 0.025 9.527174465e-06 2
0 0.005 0.035 1.316430371e-05 2
0 0.005 0.045 2.167669607e-05 2
0 0.005 0.055 3.323944156e-05 2
0 0.005 0.065 4.291498391e-05 2
0 0.005 0.075 4.942760485e-05 2
0 0.005 0.085 5.613800328e-05 2
0 0.005 0.095 6.419842904e-05 2
0 0.005 0.105 7.257476202e-05 2
0 0.005 0.115 8.076769564e-05 2
0 0.005 0.125 8.740242743e-05 2
0 0.005 0.135 8.812294742e-05 2
0 0.005 0.145 7.772330624e-05 2
0 0.005 0.155 0 2
0 0.005 0.165 0 2
0 0.005 0.175 0 2
0 0.005 0.185 0 2
0 0.005 0.195 0 2
0 0.005 0.205 0 2
0 0.005 0.215 0 2
0 0.015 -0.205 0 2
0 0.015 -0.195 0 1
0 0.015 -0.185 0 1
0 0.015 -0.175 0 1
0 0.015 -0.165 0 1
0 0.015 -0.155 0 1
0 0.015 -0.145 -7.072025887e-05 1
0 0.015 -0.135 -9.24399412e-05 1
0 0.015 -0.125 -0.0001047714703 1
0 0.015 -0.115 -0.0001024209587 2
0 0.015 -0.105 -9.184965825e-05 2
0 0.015 -0.095 -7.854969924e-05 2
0 0.015 -0.085 -6.575795466e-05 2
0 0.015 -0.075 -5.353504467e-05 2
0 0.015 -0.065 -4.170797366e-05 2
0 0.015 -0.055 -3.115774577e-05 2
0 0.015 -0.045 -2.21096816e-05 2
0 0.015 -0.035 -1.457191077e-05 2
0 0.015 -0.025 -8.349173987e-06 2
0 0.015 -0.015 -3.109045994e-06 2
0 0.015 -0.005 1.581280372e-06 2
0 0.015 0.005 6.167511815e-06 2
0 0.015 0.015 1.117925677e-05 2
0 0.015 0.025 1.729458902e-05 2
0 0.015 0.035 2.508303301e-05 2
0 0.015 0.045 3.468871061e-05 2
0 0.015 0.055 4.566946784e-05 2
0 0.015 0.065 5.719166838e-05 2
0 0.015 0.075 6.850793903e-05 2
0 0.015 0.085 7.92691877e-05 2
0 0.015 0.095 8.935224606e-05 2
0 0.015 0.105 9.847673868e-05 2
0 0.015 0.115 0.000105545407 2
0 0.015 0.125 0.0001085662022 2
0 0.015 0.135 0.0001004458318 2
0 0.015 0.145 8.075902928e-05 2
0 0.015 0.155 0 2
0 0.015 0.165 0 2
0 0.015 0.175 0 2
0 0.015 0.185 0 2
0 0.015 0.195 0 2
0 0.015 0.205 0 2
0 0.015 0.215 0 2
0 0.025 -0.205 0 2
0 0.025 -0.195 0 1
0 0.025 -0.185 0 1
0 0.025 -0.175 0 1
0 0.025 -0.165 0 1
0 0.025 -0.155 0 1
0 0.025 -0.145 -5.209798945e-05 1
0 0.025 -0.135 -7.250896924e-05 1
0 0.025 -0.125 -8.783571899e-05 1
0 0.025 -0.115 -9.147194121e-05 1
0 0.025 -0.105 -8.823635278e-05 2
0 0.025 -0.095 -7.88760431e-05 2
0 0.025 -0.085 -6.589724277e-05 2
0 0.025 -0.075 -5.242310409e-05 2
0 0.025 -0.065 -3.963439612e-05 2
0 0.025 -0.055 -2.835241966e-05 2
0 0.025 -0.045 -1.88741758e-05 2
0 0.025 -0.035 -1.117682646e-05 2
0 0.025 -0.025 -5.028413114e-06 2
0 0.025 -0.015 -3.537123799e-08 2
0 0.025 -0.005 4.336199052e-06 2
0 0.025 0.005 8.697303098e-06 2
0 0.025 0.015 1.374361995e-05 2
0 0.025 0.025 2.022569119e-05 2
0 0.025 0.035 2.882522925e-05 2
0 0.025 0.045 3.977851946e-05 2
0 0.025 0.055 5.249394855e-05 2
0 0.025 0.065 6.579479364e-05 2
0 0.025 0.075 7.853379129e-05 2
0 0.025 0.085 8.997853675e-05 2
0 0.025 0.095 9.956856983e-05 2
0 0.025 0.105 0.0001065532713 2
0 0.025 0.115 0.0001094474276 2
0 0.025 0.125 0.0001065260462 2
0 0.025 0.135 9.098009842e-05 2
0 0.025 0.145 6.732203915e-05 2
0 0.025 0.155 0 2
0 0.025 0.165 0 2
0 0.025 0.175 0 2
0 0.025 0.185 0 2
0 0.025 0.195 0 2
0 0.025 0.205 0 2
0 0.025 0.215 0 2
0 0.035 -0.205 0 2
0 0.035 -0.195 0 1
0 0.035 -0.185 0 1
0 0.035 -0.175 0 1
0 0.035 -0.165 0 1
0 0.035 -0.155 0 1
0 0.035 -0.145 -3.432516143e-05 1
0 0.035 -0.135 -4.805648163e-05 1
0 0.035 -0.125 -5.755123067e-05 1
0 0.035 -0.115 -5.989772952e-05 1
0 0.035 -0.105 -5.96532452e-05 1
0 0.035 -0.095 -5.656596123e-05 2
0 0.035 -0.085 -4.755709155e-05 2
0 0.035 -0.075 -3.59087138e-05 2
0 0.035 -0.065 -2.502800921e-05 2
0 0.035 -0.055 -1.544381424e-05 2
0 0.035 -0.045 -7.677995322e-06 2
0 0.035 -0.035 -1.735537696e-06 2
0 0.035 -0.025 2.603969619e-06 2
0 0.035 -0.015 5.727459329e-06 2
0 0.035 -0.005 8.220856523e-06 2
0 0.035 0.005 1.084967565e-05 2
0 0.035 0.015 1.448048769e-05 2
0 0.035 0.025 1.993033443e-05 2
0 0.035 0.035 2.777680895e-05 2
0 0.035 0.045 3.816435947e-05 2
0 0.035 0.055 5.059736479e-05 2
0 0.035 0.065 6.397453365e-05 2
0 0.035 0.075 7.687809957e-05 2
0 0.035 0.085 8.789263147e-05 2
0 0.035 0.095 9.621069964e-05 2
0 0.035 0.105 0.0001005848689 2
0 0.035 0.115 9.956687909e-05 2
0 0.035 0.125 9.198983394e-05 2
0 0.035 0.135 7.396322078e-05 2
0 0.035 0.145 5.085887697e-05 2
0 0.035 0.155 0 2
0 0.035 0.165 0 2
0 0.035 0.175 0 2
0 0.035 0.185 0 2
0 0.035 0.195 0 2
0 0.035 0.205 0 2
0 0.035 0.215 0 2
0 0.045 -0.205 0 2
0 0.045 -0.195 0 2
0 0.045 -0.185 0 1
0 0.045 -0.175 0 1
0 0.045 -0.165 0 1
0 0.045 -0.155 0 1
0 0.045 -0.145 -1.462108884e-05 1
0 0.045 -0.135 -1.964534856e-05 1
0 0.045 -0.125 -2.227690956e-05 1
0 0.045 -0.115 -2.195573765e-05 1
0 0.045 -0.105 -1.993364522e-05 1
0 0.045 -0.095 -1.787196068e-05 2
0 0.045 -0.085 -1.432731636e-05 2
0 0.045 -0.075 -7.472490603e-06 2
0 0.045 -0.065 -1.441535512e-07 2
0 0.045 -0.055 5.749068923e-06 2
0 0.045 -0.045 1.006626754e-05 2
0 0.045 -0.035 1.273623814e-05 2
0 0.045 -0.025 1.388612187e-05 2
0 0.045 -0.015 1.378974511e-05 2
0 0.045 -0.005 1.300947605e-05 2
0 0.045 0.005 1.239992493e-05 2
0 0.045 0.015 1.298928908e-05 2
0 0.045 0.025 1.576358616e-05 2
0 0.045 0.035 2.139969551e-05 2
0 0.045 0.045 3.011203134e-05 2
0 0.045 0.055 4.142164818e-05 2
0 0.045 0.065 5.43250164e-05 2
0 0.045 0.075 6.731357368e-05 2
0 0.045 0.085 7.786432706e-05 2
0 0.045 0.095 8.443144629e-05 2
0 0.045 0.105 8.601713398e-05 2
0 0.045 0.115 8.210806083e-05 2
0 0.045 0.125 7.177113168e-05 2
0 0.045 0.135 5.361726581e-05 2
0 0.045 0.145 3.390845233e-05 2
0 0.045 0.155 0 2
0 0.045 0.165 0 2
0 0.045 0.175 0 2
0 0.045 0.185 0 2
0 0.045 0.195 0 2
0 0.045 0.205 0 2
0 0.045 0.215 0 2
0 0.055 -0.205 0 2
0 0.055 -0.195 0 2
0 0.055 -0.185 0 1
0 0.055 -0.175 0 1
0 0.055 -0.165 0 1
0 0.055 -0.155 0 1
0 0.055 -0.145 5.655140381e-06 1
0 0.055 -0.135 1.037552363e-05 1
0 0.055 -0.125 1.644154621e-05 1
0 0.055 -0.115 2.114143519e-05 1
0 0.055 -0.105 2.556886687e-05 1
0 0.055 -0.095 2.799836665e-05 1
0 0.055 -0.085 2.85210001e-05 2
0 0.055 -0.075 2.998926369e-05 2
0 0.055 -0.065 3.210504413e-05 2
0 0.055 -0.055 3.278588565e-05 2
0 0.055 -0.045 3.240023854e-05 2
0 0.055 -0.035 3.080166442e-05 2
0 0.055 -0.025 2.787027852e-05 2
0 0.055 -0.015 2.362259452e-05 2
0 0.055 -0.005 1.851254146e-05 2
0 0.055 0.005 1.347488402e-05 2
0 0.055 0.015 9.740589268e-06 2
0 0.055 0.025 8.523455198e-06 2
0 0.055 0.035 1.065166117e-05 2
0 0.055 0.045 1.643710395e-05 2
0 0.055 0.055 2.54025501e-05 2
0 0.055 0.065 3.711270802e-05 2
0 0.055 0.075 4.887292946e-05 2
0 0.055 0.085 5.715116908e-05 2
0 0.055 0.095 6.203068332e-05 1
0 0.055 0.105 6.319673619e-05 1
0 0.055 0.115 6.07892891e-05 1
0 0.055 0.125 5.052275391e-05 2
0 0.055 0.135 3.403425491e-05 2
0 0.055 0.145 1.853908038e-05 2
0 0.055 0.155 0 2
0 0.055 0.165 0 2
0 0.055 0.175 0 2
0 0.055 0.185 0 2
0 0.055 0.195 0 2
0 0.055 0.205 0 2
0 0.055 0.215 0 2
0 0.065 -0.205 0 2
0 0.065 -0.195 0 2
0 0.065 -0.185 0 2
0 0.065 -0.175 0 1
0 0.065 -0.165 0 1
0 0.065 -0.155 0 1
0 0.065 -0.145 3.028837629e-05 1
0 0.065 -0.135 4.468908642e-05 1
0 0.065 -0.125 5.790487112e-05 1
0 0.065 -0.115 6.7311803e-05 1
0 0.065 -0.105 7.33452579e-05 1
0 0.065 -0.095 7.591789861e-05 1
0 0.065 -0.085 7.575930811e-05 2
0 0.065 -0.075 7.258131211e-05 2
0 0.065 -0.065 6.779026384e-05 2
0 0.065 -0.055 6.253680877e-05 2
0 0.065 -0.045 5.699039758e-05 2
0 0.065 -0.035 5.091822808e-05 2
0 0.065 -0.025 4.371487152e-05 2
0 0.065 -0.015 3.49018185e-05 2
0 0.065 -0.005 2.47239375e-05 2
0 0.065 0.005 1.425375104e-05 2
0 0.065 0.015 5.091257862e-06 2
0 0.065 0.025 -1.18375279e-06 2
0 0.065 0.035 -3.557627796e-06 2
0 0.065 0.045 -1.777009925e-06 2
0 0.065 0.055 3.479611987e-06 2
0 0.065 0.065 1.209238019e-05 2
0 0.065 0.075 2.024158633e-05 2
0 0.065 0.085 2.527861498e-05 1
0 0.065 0.095 2.713879976e-05 1
0 0.065 0.105 2.807847491e-05 1
0 0.065 0.115 2.708341272e-05 1
0 0.065 0.125 2.342319366e-05 1
0 0.065 0.135 1.608617007e-05 1
0 0.065 0.145 4.374129259e-06 2
0 0.065 0.155 0 2
0 0.065 0.165 0 2
0 0.065 0.175 0 2
0 0.065 0.185 0 2
0 0.065 0.195 0 2
0 0.065 0.205 0 2
0 0.065 0.215 0 2
0 0.075 -0.205 0 2
0 0.075 -0.195 0 2
0 0.075 -0.185 0 2
0 0.075 -0.175 0 2
0 0.075 -0.165 0 1
0 0.075 -0.155 0 1
0 0.075 -0.145 5.919786715e-05 1
0 0.075 -0.135 8.329829112e-05 1
0 0.075 -0.125 0.0001031240103 1
0 0.075 -0.115 0.0001159531355 1
0 0.075 -0.105 0.0001227145209 1
0 0.075 -0.095 0.0001243091976 1
0 0.075 -0.085 0.0001216026512 2
0 0.075 -0.075 0.0001130676083 2
0 0.075 -0.065 0.0001019306694 2
0 0.075 -0.055 9.115536962e-05 2
0 0.075 -0.045 8.079658528e-05 2
0 0.075 -0.035 7.063480862e-05 2
0 0.075 -0.025 5.956752293e-05 2
0 0.075 -0.015 4.652735841e-05 2
0 0.075 -0.005 3.147785675e-05 2
0 0.075 0.005 1.55696054e-05 2
0 0.075 0.015 6.376454817e-07 2
0 0.075 0.025 -1.134236322e-05 2
0 0.075 0.035 -1.904310907e-05 2
0 0.075 0.045 -2.227676452e-05 2
0 0.075 0.055 -2.195743386e-05 2
0 0.075 0.065 -1.83371814e-05 2
0 0.075 0.075 -1.438292542e-05 2
0 0.075 0.085 -1.151399684e-05 1
0 0.075 0.095 -1.136542397e-05 1
0 0.075 0.105 -1.166154596e-05 1
0 0.075 0.115 -1.242432114e-05 1
0 0.075 0.125 -1.247456412e-05 1
0 0.075 0.135 -1.083432122e-05 1
0 0.075 0.145 -1.236407867e-05 1
0 0.075 0.155 0 2
0 0.075 0.165 0 2
0 0.075 0.175 0 2
0 0.075 0.185 0 2
0 0.075 0.195 0 2
0 0.075 0.205 0 2
0 0.075 0.215 0 2
0 0.085 -0.205 0 2
0 0.085 -0.195 0 2
0 0.085 -0.185 0 2
0 0.085 -0.175 0 2
0 0.085 -0.165 0 2
0 0.085 -0.155 0 2
0 0.085 -0.145 8.844982168e-05 1
0 0.085 -0.135 0.0001200580302 1
0 0.085 -0.125 0.0001459209534 1
0 0.085 -0.115 0.0001602693717 1
0 0.085 -0.105 0.0001664798023 1
0 0.085 -0.095 0.0001654519175 2
0 0.085 -0.085 0.000157473527 2
0 0.085 -0.075 0.0001449309705 2
0 0.085 -0.065 0.000130554627 2
0 0.085 -0.055 0.000115904621 2
0 0.085 -0.045 0.000101790393 2
0 0.085 -0.035 8.91457331e-05 2
0 0.085 -0.025 7.608124423e-05 2
0 0.085 -0.015 5.96189535e-05 2
0 0.085 -0.005 3.959585162e-05 2
0 0.085 0.005 1.768877796e-05 2
0 0.085 0.015 -3.62815514e-06 2
0 0.085 0.025 -2.141973535e-05 2
0 0.085 0.035 -3.367184447e-05 2
0 0.085 0.045 -4.160625396e-05 2
0 0.085 0.055 -4.691443775e-05 2
0 0.085 0.065 -4.868200198e-05 2
0 0.085 0.075 -4.84291874e-05 2
0 0.085 0.085 -4.743594566e-05 1
0 0.085 0.095 -4.888566187e-05 1
0 0.085 0.105 -5.014407284e-05 1
0 0.085 0.115 -4.996450846e-05 1
0 0.085 0.125 -4.754195104e-05 1
0 0.085 0.135 -3.922624116e-05 1
0 0.085 0.145 -3.141996307e-05 1
0 0.085 0.155 0 1
0 0.085 0.165 0 2
0 0.085 0.175 0 2
0 0.085 0.185 0 2
0 0.085 0.195 0 2
0 0.085 0.205 0 2
0 0.085 0.215 0 2
0 0.095 -0.205 0 2
0 0.095 -0.195 0 2
0 0.095 -0.185 0 2
0 0.095 -0.175 0 2
0 0.095 -0.165 0 2
0 0.095 -0.155 0 2
0 0.095 -0.145 9.644126244e-05 2
0 0.095 -0.135 0.0001381072024 2
0 0.095 -0.125 0.000173595597 2
0 0.095 -0.115 0.0001907767969 2
0 0.095 -0.105 0.0001960090696 2
0 0.095 -0.095 0.0001907201774 2
0 0.095 -0.085 0.0001799839741 2
0 0.095 -0.075 0.0001669338145 2
0 0.095 -0.065 0.0001518724404 2
0 0.095 -0.055 0.0001343633849 2
0 0.095 -0.045 0.000117024002 2
0 0.095 -0.035 0.0001016732901 2
0 0.095 -0.025 8.63192684e-05 2
0 0.095 -0.015 6.739775644e-05 2
0 0.095 -0.005 4.61641864e-05 2
0 0.095 0.005 2.473303962e-05 2
0 0.095 0.015 6.993414878e-07 2
0 0.095 0.025 -2.330302818e-05 2
0 0.095 0.035 -4.272319762e-05 2
0 0.095 0.045 -5.697279079e-05 2
0 0.095 0.055 -6.792465878e-05 2
0 0.095 0.065 -7.638019725e-05 2
0 0.095 0.075 -8.039478261e-05 2
0 0.095 0.085 -8.0782229e-05 1
0 0.095 0.095 -8.29300321e-05 1
0 0.095 0.105 -8.472716872e-05 1
0 0.095 0.115 -8.356067759e-05 1
0 0.095 0.125 -7.867842526e-05 1
0 0.095 0.135 -6.530475893e-05 1
0 0.095 0.145 -4.872803647e-05 1
0 0.095 0.155 0 1
0 0.095 0.165 0 2
0 0.095 0.175 0 2
0 0.095 0.185 0 2
0 0.095 0.195 0 2
0 0.095 0.205 0 2
0 0.095 0.215 0 2
0 0.105 -0.205 0 2
0 0.105 -0.195 0 2
0 0.105 -0.185 0 2
0 0.105 -0.175 0 2
0 0.105 -0.165 0 2
0 0.105 -0.155 0 2
0 0.105 -0.145 0.0001016703283 2
0 0.105 -0.135 0.0001462026707 2
0 0.105 -0.125 0.0001851175918 2
0 0.105 -0.115 0.0002029614748 2
0 0.105 -0.105 0.0002072249414 2
0 0.105 -0.095 0.0002019052166 2
0 0.105 -0.085 0.0001932001902 2
0 0.105 -0.075 0.0001817087721 2
0 0.105 -0.065 0.0001674142035 2
0 0.105 -0.055 0.0001505903964 2
0 0.105 -0.045 0.0001314249572 2
0 0.105 -0.035 0.0001110187816 2
0 0.105 -0.025 8.997439844e-05 2
0 0.105 -0.015 6.960026834e-05 1
0 0.105 -0.005 5.224300063e-05 1
0 0.105 0.005 3.512001147e-05 1
0 0.105 0.015 1.402341845e-05 1
0 0.105 0.025 -1.313123156e-05 2
0 0.105 0.035 -4.102690725e-05 2
0 0.105 0.045 -6.359556886e-05 2
0 0.105 0.055 -8.166478794e-05 2
0 0.105 0.065 -9.714992172e-05 2
0 0.105 0.075 -0.0001067803814 2
0 0.105 0.085 -0.0001101392239 1
0 0.105 0.095 -0.0001140693301 1
0 0.105 0.105 -0.0001163583756 1
0 0.105 0.115 -0.0001134368382 1
0 0.105 0.125 -0.0001052177518 1
0 0.105 0.135 -8.684654689e-05 1
0 0.105 0.145 -6.284299218e-05 1
0 0.105 0.155 0 1
0 0.105 0.165 0 1
0 0.105 0.175 0 2
0 0.105 0.185 0 2
0 0.105 0.195 0 2
0 0.105 0.205 0 2
0 0.105 0.215 0 2
0 0.115 -0.205 0 2
0 0.115 -0.195 0 2
0 0.115 -0.185 0 2
0 0.115 -0.175 0 2
0 0.115 -0.165 0 2
0 0.115 -0.155 0 2
0 0.115 -0.145 0.0001058885899 2
0 0.115 -0.135 0.000150738753 2
0 0.115 -0.125 0.0001894999937 2
0 0.115 -0.115 0.0002070815397 2
0 0.115 -0.105 0.0002108886728 1
0 0.115 -0.095 0.000207367975 1
0 0.115 -0.085 0.0002008907779 1
0 0.115 -0.075 0.0001906893736 1
0 0.115 -0.065 0.0001778243973 1
0 0.115 -0.055 0.0001634276878 1
0 0.115 -0.045 0.0001456847231 1
0 0.115 -0.035 0.0001237936236 2
0 0.115 -0.025 0.0001014517754 1
0 0.115 -0.015 8.125146973e-05 1
0 0.115 -0.005 6.224541534e-05 1
0 0.115 0.005 4.219299268e-05 1
0 0.115 0.015 2.092621103e-05 1
0 0.115 0.025 -4.342198707e-06 1
0 0.115 0.035 -3.403445503e-05 2
0 0.115 0.045 -6.406855955e-05 2
0 0.115 0.055 -8.934441804e-05 2
0 0.115 0.065 -0.000109263525 2
0 0.115 0.075 -0.0001260294856 2
0 0.115 0.085 -0.0001373763871 2
0 0.115 0.095 -0.0001422654564 1
0 0.115 0.105 -0.0001438557974 1
0 0.115 0.115 -0.0001390285472 1
0 0.115 0.125 -0.0001278430474 1
0 0.115 0.135 -0.000103983617 1
0 0.115 0.145 -7.457218656e-05 1
0 0.115 0.155 0 1
0 0.115 0.165 0 1
0 0.115 0.175 0 2
0 0.115 0.185 0 2
0 0.115 0.195 0 2
0 0.115 0.205 0 2
0 0.115 0.215 0 2
0 0.125 -0.205 0 2
0 0.125 -0.195 0 2
0 0.125 -0.185 0 2
0 0.125 -0.175 0 2
0 0.125 -0.165 0 2
0 0.125 -0.155 0 2
0 0.125 -0.145 0.0001113250636 2
0 0.125 -0.135 0.000157696651 2
0 0.125 -0.125 0.0001966157506 2
0 0.125 -0.115 0.0002146212155 1
0 0.125 -0.105 0.0002192599759 1
0 0.125 -0.095 0.0002162890379 1
0 0.125 -0.085 0.0002097268164 1
0 0.125 -0.075 0.0001992569556 1
0 0.125 -0.065 0.0001859519497 1
0 0.125 -0.055 0.0001704481875 1
0 0.125 -0.045 0.0001527444103 1
0 0.125 -0.035 0.0001348638197 1
0 0.125 -0.025 0.0001161108512 1
0 0.125 -0.015 9.456483323e-05 1
0 0.125 -0.005 7.149161714e-05 1
0 0.125 0.005 4.711305389e-05 1
0 0.125 0.015 2.33386787e-05 1
0 0.125 0.025 -2.539095628e-06 1
0 0.125 0.035 -3.17672615e-05 2
0 0.125 0.045 -6.2911528e-05 2
0 0.125 0.055 -9.101754075e-05 2
0 0.125 0.065 -0.0001149447042 2
0 0.125 0.075 -0.000137665752 2
0 0.125 0.085 -0.0001556898161 2
0 0.125 0.095 -0.0001640473706 1
0 0.125 0.105 -0.000165990334 1
0 0.125 0.115 -0.0001604260846 1
0 0.125 0.125 -0.0001467775281 1
0 0.125 0.135 -0.0001184677019 1
0 0.125 0.145 -8.426084656e-05 1
0 0.125 0.155 0 1
0 0.125 0.165 0 1
0 0.125 0.175 0 2
0 0.125 0.185 0 2
0 0.125 0.195 0 2
0 0.125 0.205 0 2
0 0.125 0.215 0 2
0 0.135 -0.205 0 2
0 0.135 -0.195 0 2
0 0.135 -0.185 0 2
0 0.135 -0.175 0 2
0 0.135 -0.165 0 2
0 0.135 -0.155 0 2
0 0.135 -0.145 0.0001158277033 2
0 0.135 -0.135 0.0001642502663 2
0 0.135 -0.125 0.0002040782168 2
0 0.135 -0.115 0.0002232713523 1
0 0.135 -0.105 0.0002280749315 1
0 0.135 -0.095 0.0002245206603 1
0 0.135 -0.085 0.0002168619009 1
0 0.135 -0.075 0.0002054831326 1
0 0.135 -0.065 0.0001912872987 1
0 0.135 -0.055 0.0001746393682 1
0 0.135 -0.045 0.0001573229117 1
0 0.135 -0.035 0.0001404483671 1
0 0.135 -0.025 0.0001221788095 1
0 0.135 -0.015 0.0001003892511 1
0 0.135 -0.005 7.589305609e-05 1
0 0.135 0.005 5.037448254e-05 1
0 0.135 0.015 2.329874441e-05 1
0 0.135 0.025 -5.133733502e-06 1
0 0.135 0.035 -3.334079743e-05 1
0 0.135 0.045 -5.984440452e-05 2
0 0.135 0.055 -8.78616373e-05 2
0 0.135 0.065 -0.0001162044075 2
0 0.135 0.075 -0.0001416517693 2
0 0.135 0.085 -0.0001634008568 2
0 0.135 0.095 -0.0001797604722 2
0 0.135 0.105 -0.0001853884694 1
0 0.135 0.115 -0.0001796129044 1
0 0.135 0.125 -0.0001625651893 1
0 0.135 0.135 -0.000130081821 1
0 0.135 0.145 -9.263841881e-05 1
0 0.135 0.155 0 1
0 0.135 0.165 0 1
0 0.135 0.175 0 2
0 0.135 0.185 0 2
0 0.135 0.195 0 2
0 0.135 0.205 0 2
0 0.135 0.215 0 2
0 0.145 -0.205 0 2
0 0.145 -0.195 0 2
0 0.145 -0.185 0 2
0 0.145 -0.175 0 2
0 0.145 -0.165 0 2
0 0.145 -0.155 0 2
0 0.145 -0.145 0.0001193992875 2
0 0.145 -0.135 0.0001691831756 2
0 0.145 -0.125 0.0002089386034 2
0 0.145 -0.115 0.0002276175563 1
0 0.145 -0.105 0.0002322865574 1
0 0.145 -0.095 0.0002283809137 1
0 0.145 -0.085 0.0002198920128 1
0 0.145 -0.075 0.0002079800658 1
0 0.145 -0.065 0.0001934337432 1
0 0.145 -0.055 0.0001773660184 1
0 0.145 -0.045 0.000160582049 1
0 0.145 -0.035 0.000143146683 1
0 0.145 -0.025 0.0001240583722 1
0 0.145 -0.015 0.0001022347054 1
0 0.145 -0.005 7.75436274e-05 1
0 0.145 0.005 5.08556078e-05 1
0 0.145 0.015 2.244432855e-05 1
0 0.145 0.025 -5.96357059e-06 1
0 0.145 0.035 -3.400598223e-05 1
0 0.145 0.045 -5.927809163e-05 2
0 0.145 0.055 -8.599880794e-05 2
0 0.145 0.065 -0.0001149303033 2
0 0.145 0.075 -0.0001413234973 2
0 0.145 0.085 -0.000164315252 2
0 0.145 0.095 -0.0001837524361 2
0 0.145 0.105 -0.0001960847269 2
0 0.145 0.115 -0.0001932174398 1
0 0.145 0.125 -0.0001768440042 1
0 0.145 0.135 -0.0001419303169 1
0 0.145 0.145 -0.0001009444374 1
0 0.145 0.155 0 1
0 0.145 0.165 0 1
0 0.145 0.175 0 2
0 0.145 0.185 0 2
0 0.145 0.195 0 2
0 0.145 0.205 0 2
0 0.145 0.215 0 2
0 0.155 -0.205 0 2
0 0.155 -0.195 0 2
0 0.155 -0.185 0 2
0 0.155 -0.175 0 2
0 0.155 -0.165 0 2
0 0.155 -0.155 0 2
0 0.155 -0.145 0.0001216620585 2
0 0.155 -0.135 0.000171787223 2
0 0.155 -0.125 0.0002111140323 2
0 0.155 -0.115 0.0002277381988 1
0 0.155 -0.105 0.0002324217543 1
0 0.155 -0.095 0.0002294353532 1
0 0.155 -0.085 0.0002209698781 1
0 0.155 -0.075 0.000207754698 1
0 0.155 -0.065 0.0001921639977 1
0 0.155 -0.055 0.0001759620218 1
0 0.155 -0.045 0.0001591266013 1
0 0.155 -0.035 0.0001416417029 1
0 0.155 -0.025 0.0001224964292 1
0 0.155 -0.015 0.000100588016 1
0 0.155 -0.005 7.579315059e-05 1
0 0.155 0.005 4.916060818e-05 1
0 0.155 0.015 2.170119968e-05 1
0 0.155 0.025 -6.093612341e-06 1
0 0.155 0.035 -3.518792713e-05 1
0 0.155 0.045 -6.104484034e-05 2
0 0.155 0.055 -8.667870619e-05 2
0 0.155 0.065 -0.0001142091478 2
0 0.155 0.075 -0.0001411370305 2
0 0.155 0.085 -0.0001641356677 2
0 0.155 0.095 -0.0001819972969 2
0 0.155 0.105 -0.0001942732563 2
0 0.155 0.115 -0.0001968910894 2
0 0.155 0.125 -0.0001849840832 2
0 0.155 0.135 -0.0001486613878 1
0 0.155 0.145 -0.0001074685697 1
0 0.155 0.155 0 1
0 0.155 0.165 0 2
0 0.155 0.175 0 2
0 0.155 0.185 0 2
0 0.155 0.195 0 2
0 0.155 0.205 0 2
0 0.155 0.215 0 2
0 0.165 -0.205 0 2
0 0.165 -0.195 0 2
0 0.165 -0.185 0 2
0 0.165 -0.175 0 2
0 0.165 -0.165 0 2
0 0.165 -0.155 0 2
0 0.165 -0.145 0.0001221978309 2
0 0.165 -0.135 0.0001722173121 2
0 0.165 -0.125 0.0002119986581 2
0 0.165 -0.115 0.0002266730977 2
0 0.165 -0.105 0.0002284914613 1
0 0.165 -0.095 0.0002236367047 1
0 0.165 -0.085 0.0002150312534 1
0 0.165 -0.075 0.0002024115858 1
0 0.165 -0.065 0.0001876954091 1
0 0.165 -0.055 0.0001714486541 1
0 0.165 -0.045 0.0001541448097 1
0 0.165 -0.035 0.0001367528807 1
0 0.165 -0.025 0.0001182772005 1
0 0.165 -0.015 9.636540408e-05 1
0 0.165 -0.005 7.095220289e-05 1
0 0.165 0.005 4.435208719e-05 1
0 0.165 0.015 1.788769064e-05 1
0 0.165 0.025 -8.940593257e-06 1
0 0.165 0.035 -3.72610194e-05 1
0 0.165 0.045 -6.240064761e-05 2
0 0.165 0.055 -8.713366857e-05 2
0 0.165 0.065 -0.0001136730761 2
0 0.165 0.075 -0.0001398751924 2
0 0.165 0.085 -0.000163108024 2
0 0.165 0.095 -0.0001806025557 2
0 0.165 0.105 -0.0001917722122 2
0 0.165 0.115 -0.0001941945985 2
0 0.165 0.125 -0.0001855648291 2
0 0.165 0.135 -0.0001552631946 2
0 0.165 0.145 -0.0001150665158 2
0 0.165 0.155 0 2
0 0.165 0.165 0 2
0 0.165 0.175 0 2
0 0.165 0.185 0 2
0 0.165 0.195 0 2
0 0.165 0.205 0 2
0 0.165 0.215 0 1
0 0.175 -0.205 0 2
0 0.175 -0.195 0 2
0 0.175 -0.185 0 2
0 0.175 -0.175 0 2
0 0.175 -0.165 0 2
0 0.175 -0.155 0 2
0 0.175 -0.145 0.0001200347312 2
0 0.175 -0.135 0.0001690773485 2
0 0.175 -0.125 0.0002095429394 2
0 0.175 -0.115 0.0002262735043 2
0 0.175 -0.105 0.0002272438245 2
0 0.175 -0.095 0.0002183275469 2
0 0.175 -0.085 0.0002068709526 1
0 0.175 -0.075 0.0001950576374 1
0 0.175 -0.065 0.0001810936303 1
0 0.175 -0.055 0.0001641614939 1
0 0.175 -0.045 0.0001453408806 1
0 0.175 -0.035 0.0001259017631 1
0 0.175 -0.025 0.0001063852934 1
0 0.175 -0.015 8.436709091e-05 1
0 0.175 -0.005 6.016335053e-05 1
0 0.175 0.005 3.593846743e-05 1
0 0.175 0.015 1.170332526e-05 1
0 0.175 0.025 -1.323857142e-05 1
0 0.175 0.035 -4.003748838e-05 1
0 0.175 0.045 -6.412075561e-05 2
0 0.175 0.055 -8.795021451e-05 2
0 0.175 0.065 -0.0001133717372 2
0 0.175 0.075 -0.0001382825524 2
0 0.175 0.085 -0.0001603541497 2
0 0.175 0.095 -0.000177882489 2
0 0.175 0.105 -0.0001893157154 2
0 0.175 0.115 -0.0001906496692 2
0 0.175 0.125 -0.0001810771024 2
0 0.175 0.135 -0.0001520212449 2
0 0.175 0.145 -0.0001137281586 2
0 0.175 0.155 0 2
0 0.175 0.165 0 2
0 0.175 0.175 0 2
0 0.175 0.185 0 2
0 0.175 0.195 0 1
0 0.175 0.205 0 1
0 0.175 0.215 0 1
0 0.185 -0.205 0 2
0 0.185 -0.195 0 2
0 0.185 -0.185 0 2
0 0.185 -0.175 0 2
0 0.185 -0.165 0 2
0 0.185 -0.155 0 2
0 0.185 -0.145 0.000114159825 2
0 0.185 -0.135 0.0001602270251 2
0 0.185 -0.125 0.0001990716465 2
0 0.185 -0.115 0.0002172902764 2
0 0.185 -0.105 0.0002222611307 2
0 0.185 -0.095 0.0002164845232 2
0 0.185 -0.085 0.000204613829 2
0 0.185 -0.075 0.0001898717047 2
0 0.185 -0.065 0.0001734585385 2
0 0.185 -0.055 0.0001549916481 2
0 0.185 -0.045 0.0001340200222 2
0 0.185 -0.035 0.0001098709779 2
0 0.185 -0.025 8.637084067e-05 2
0 0.185 -0.015 6.589859284e-05 1
0 0.185 -0.005 4.641641514e-05 1
0 0.185 0.005 2.605900187e-05 1
0 0.185 0.015 3.242592373e-06 1
0 0.185 0.025 -1.993292825e-05 1
0 0.185 0.035 -4.39320533e-05 1
0 0.185 0.045 -6.608748951e-05 2
0 0.185 0.055 -8.895468297e-05 2
0 0.185 0.065 -0.0001129140552 2
0 0.185 0.075 -0.0001355619139 2
0 0.185 0.085 -0.0001554632836 2
0 0.185 0.095 -0.0001712330913 2
0 0.185 0.105 -0.0001814241679 2
0 0.185 0.115 -0.000183301823 2
0 0.185 0.125 -0.0001749463606 2
0 0.185 0.135 -0.0001469488213 2
0 0.185 0.145 -0.0001087350834 2
0 0.185 0.155 0 2
0 0.185 0.165 0 2
0 0.185 0.175 0 2
0 0.185 0.185 0 2
0 0.185 0.195 0 1
0 0.185 0.205 0 1
0 0.185 0.215 0 1
0 0.195 -0.205 0 2
0 0.195 -0.195 0 2
0 0.195 -0.185 0 2
0 0.195 -0.175 0 2
0 0.195 -0.165 0 2
0 0.195 -0.155 0 2
0 0.195 -0.145 0.000104590433 2
0 0.195 -0.135 0.0001464761259 2
0 0.195 -0.125 0.0001810960204 2
0 0.195 -0.115 0.0001973759576 2
0 0.195 -0.105 0.0002042234125 2
0 0.195 -0.095 0.0002022704794 2
0 0.195 -0.085 0.0001927788344 2
0 0.195 -0.075 0.0001780136447 2
0 0.195 -0.065 0.0001612147083 2
0 0.195 -0.055 0.0001434184069 2
0 0.195 -0.045 0.0001233457126 2
0 0.195 -0.035 0.0001002092958 2
0 0.195 -0.025 7.642326312e-05 2
0 0.195 -0.015 5.466534026e-05 1
0 0.195 -0.005 3.51667298e-05 1
0 0.195 0.005 1.635605811e-05 1
0 0.195 0.015 -3.471393469e-06 1
0 0.195 0.025 -2.472665428e-05 1
0 0.195 0.035 -4.74817797e-05 1
0 0.195 0.045 -7.035025466e-05 2
0 0.195 0.055 -9.201920301e-05 2
0 0.195 0.065 -0.0001121038606 2
0 0.195 0.075 -0.0001309590091 2
0 0.195 0.085 -0.0001474412949 2
0 0.195 0.095 -0.0001605343148 2
0 0.195 0.105 -0.000168772383 2
0 0.195 0.115 -0.000169552788 2
0 0.195 0.125 -0.0001610791592 2
0 0.195 0.135 -0.0001348004657 2
0 0.195 0.145 -9.951004638e-05 2
0 0.195 0.155 0 2
0 0.195 0.165 0 2
0 0.195 0.175 0 2
0 0.195 0.185 0 2
0 0.195 0.195 0 1
0 0.195 0.205 0 1
0 0.195 0.215 0 1
0 0.205 -0.205 0 2
0 0.205 -0.195 0 2
0 0.205 -0.185 0 2
0 0.205 -0.175 0 2
0 0.205 -0.165 0 2
0 0.205 -0.155 0 2
0 0.205 -0.145 9.161363211e-05 2
0 0.205 -0.135 0.0001276407401 2
0 0.205 -0.125 0.00015732367 2
0 0.205 -0.115 0.0001712902572 2
0 0.205 -0.105 0.0001765406193 2
0 0.205 -0.095 0.0001743062047 2
0 0.205 -0.085 0.0001670824635 2
0 0.205 -0.075 0.0001565923481 2
0 0.205 -0.065 0.0001441862077 2
0 0.205 -0.055 0.0001304080465 2
0 0.205 -0.045 0.0001150055401 2
0 0.205 -0.035 9.87323174e-05 2
0 0.205 -0.025 7.962132685e-05 2
0 0.205 -0.015 5.597892256e-05 2
0 0.205 -0.005 3.156140422e-05 1
0 0.205 0.005 1.06340489e-05 1
0 0.205 0.015 -8.256454997e-06 1
0 0.205 0.025 -2.950756894e-05 1
0 0.205 0.035 -5.434558079e-05 2
0 0.205 0.045 -7.795145709e-05 2
0 0.205 0.055 -9.534370299e-05 2
0 0.205 0.065 -0.0001093397783 2
0 0.205 0.075 -0.0001231581518 2
0 0.205 0.085 -0.0001352892088 2
0 0.205 0.095 -0.0001449405145 2
0 0.205 0.105 -0.0001507372148 2
0 0.205 0.115 -0.0001503410515 2
0 0.205 0.125 -0.0001420884194 2
0 0.205 0.135 -0.0001184699486 2
0 0.205 0.145 -8.727495083e-05 2
0 0.205 0.155 0 2
0 0.205 0.165 0 2
0 0.205 0.175 0 2
0 0.205 0.185 0 2
0 0.205 0.195 0 1
0 0.205 0.205 0 1
0 0.205 0.215 0 1
0 0.215 -0.205 0 2
0 0.215 -0.195 0 2
0 0.215 -0.185 0 2
0 0.215 -0.175 0 2
0 0.215 -0.165 0 2
0 0.215 -0.155 0 2
0 0.215 -0.145 7.574430804e-05 2
0 0.215 -0.135 0.0001046364301 2
0 0.215 -0.125 0.0001281437817 2
0 0.215 -0.115 0.0001388983123 2
0 0.215 -0.105 0.0001429935186 2
0 0.215 -0.095 0.0001417015872 2
0 0.215 -0.085 0.0001372234422 2
0 0.215 -0.075 0.0001309041137 2
0 0.215 -0.065 0.0001235723488 2
0 0.215 -0.055 0.0001154080962 2
0 0.215 -0.045 0.0001059733198 2
0 0.215 -0.035 9.537999342e-05 2
0 0.215 -0.025 8.182901046e-05 2
0 0.215 -0.015 6.313531322e-05 2
0 0.215 -0.005 3.899161685e-05 2
0 0.215 0.005 1.285626192e-05 2
0 0.215 0.015 -1.225370598e-05 2
0 0.215 0.025 -3.814560529e-05 2
0 0.215 0.035 -6.218737889e-05 2
0 0.215 0.045 -8.008125585e-05 2
0 0.215 0.055 -9.216544631e-05 2
0 0.215 0.065 -0.0001016759087 2
0 0.215 0.075 -0.0001106459322 2
0 0.215 0.085 -0.0001183631334 2
0 0.215 0.095 -0.0001242925787 2
0 0.215 0.105 -0.0001273703364 2
0 0.215 0.115 -0.0001257357123 2
0 0.215 0.125 -0.0001180620278 2
0 0.215 0.135 -9.814294866e-05 2
0 0.215 0.145 -7.23296084e-05 2
0 0.215 0.155 0 2
0 0.215 0.165 0 2
0 0.215 0.175 0 2
0 0.215 0.185 0 2
0 0.215 0.195 0 1
0 0.215 0.205 0 1
0 0.215 0.215 0 1
0 0.225 -0.205 0 2
0 0.225 -0.195 0 2
0 0.225 -0.185 0 2
0 0.225 -0.175 0 2
0 0.225 -0.165 0 2
0 0.225 -0.155 0 2
0 0.225 -0.145 5.754885763e-05 2
0 0.225 -0.135 7.853350384e-05 2
0 0.225 -0.125 9.528167392e-05 2
0 0.225 -0.115 0.0001024447564 2
0 0.225 -0.105 0.0001049571935 2
0 0.225 -0.095 0.000104295276 2
0 0.225 -0.085 0.0001025954114 2
0 0.225 -0.075 0.0001008971098 2
0 0.225 -0.065 9.932127808e-05 2
0 0.225 -0.055 9.729581854e-05 2
0 0.225 -0.045 9.386495614e-05 2
0 0.225 -0.035 8.781787941e-05 2
0 0.225 -0.025 7.824215212e-05 2
0 0.225 -0.015 6.338895401e-05 2
0 0.225 -0.005 4.202511972e-05 2
0 0.225 0.005 1.594423198e-05 2
0 0.225 0.015 -1.147190682e-05 2
0 0.225 0.025 -3.709044106e-05 2
0 0.225 0.035 -5.789416874e-05 2
0 0.225 0.045 -7.199743806e-05 2
0 0.225 0.055 -8.122942167e-05 2
0 0.225 0.065 -8.809062769e-05 2
0 0.225 0.075 -9.306729495e-05 2
0 0.225 0.085 -9.672801218e-05 2
0 0.225 0.095 -9.89790237e-05 2
0 0.225 0.105 -9.93065384e-05 2
0 0.225 0.115 -9.651579575e-05 2
0 0.225 0.125 -8.974911095e-05 2
0 0.225 0.135 -7.433692199e-05 2
0 0.225 0.145 -5.492790552e-05 2
0 0.225 0.155 0 2
0 0.225 0.165 0 2
0 0.225 0.175 0 2
0 0.225 0.185 0 2
0 0.225 0.195 0 2
0 0.225 0.205 0 1
0 0.225 0.215 0 1
0 0.235 -0.205 0 2
0 0.235 -0.195 0 2
0 0.235 -0.185 0 2
0 0.235 -0.175 0 2
0 0.235 -0.165 0 2
0 0.235 -0.155 0 2
0 0.235 -0.145 3.769811896e-05 2
0 0.235 -0.135 5.051612048e-05 2
0 0.235 -0.125 6.052968061e-05 2
0 0.235 -0.115 6.43786982e-05 2
0 0.235 -0.105 6.551510595e-05 2
0 0.235 -0.095 6.500728463e-05 2
0 0.235 -0.085 6.541094785e-05 2
0 0.235 -0.075 6.808733087e-05 2
0 0.235 -0.065 7.215577923e-05 2
0 0.235 -0.055 7.626982158e-05 2
0 0.235 -0.045 7.884446271e-05 2
0 0.235 -0.035 7.760645879e-05 2
0 0.235 -0.025 7.062705004e-05 2
0 0.235 -0.015 5.729319977e-05 2
0 0.235 -0.005 3.853191257e-05 2
0 0.235 0.005 1.609006888e-05 2
0 0.235 0.015 -7.326124365e-06 2
0 0.235 0.025 -2.897141972e-05 2
0 0.235 0.035 -4.658003261e-05 2
0 0.235 0.045 -5.894613723e-05 2
0 0.235 0.055 -6.638928437e-05 2
0 0.235 0.065 -7.018935262e-05 2
0 0.235 0.075 -7.16089159e-05 2
0 0.235 0.085 -7.146781982e-05 2
0 0.235 0.095 -7.012417756e-05 2
0 0.235 0.105 -6.767473281e-05 2
0 0.235 0.115 -6.372270107e-05 2
0 0.235 0.125 -5.800762064e-05 2
0 0.235 0.135 -4.764408655e-05 2
0 0.235 0.145 -3.541356072e-05 2
0 0.235 0.155 0 2
0 0.235 0.165 0 2
0 0.235 0.175 0 2
0 0.235 0.185 0 2
0 0.235 0.195 0 2
0 0.235 0.205 0 1
0 0.235 0.215 0 1
0 0.245 -0.205 0 2
0 0.245 -0.195 0 2
0 0.245 -0.185 0 2
0 0.245 -0.175 0 2
0 0.245 -0.165 0 2
0 0.245 -0.155 0 2
0 0.245 -0.145 1.690681061e-05 2
0 0.245 -0.135 2.195401473e-05 2
0 0.245 -0.125 2.601304675e-05 2
0 0.245 -0.115 2.747182359e-05 2
0 0.245 -0.105 2.733478447e-05 2
0 0.245 -0.095 2.716242022e-05 2
0 0.245 -0.085 3.024919427e-05 2
0 0.245 -0.075 3.732366866e-05 2
0 0.245 -0.065 4.556293658e-05 2
0 0.245 -0.055 5.32132918e-05 2
0 0.245 -0.045 6.042490539e-05 2
0 0.245 -0.035 6.427021414e-05 2
0 0.245 -0.025 6.127058875e-05 2
0 0.245 -0.015 5.050668639e-05 2
0 0.245 -0.005 3.411843866e-05 2
0 0.245 0.005 1.499092741e-05 2
0 0.245 0.015 -4.696153676e-06 2
0 0.245 0.025 -2.234408148e-05 2
0 0.245 0.035 -3.611550245e-05 2
0 0.245 0.045 -4.511462072e-05 2
0 0.245 0.055 -4.953031094e-05 2
0 0.245 0.065 -5.024258434e-05 2
0 0.245 0.075 -4.82502265e-05 2
0 0.245 0.085 -4.444598305e-05 2
0 0.245 0.095 -3.955470979e-05 2
0 0.245 0.105 -3.422342294e-05 2
0 0.245 0.115 -2.890952918e-05 2
0 0.245 0.125 -2.40672753e-05 2
0 0.245 0.135 -1.886354311e-05 2
0 0.245 0.145 -1.420701612e-05 2
0 0.245 0.155 0 2
0 0.245 0.165 0 2
0 0.245 0.175 0 2
0 0.245 0.185 0 2
0 0.245 0.195 0 2
0 0.245 0.205 0 2
0 0.245 0.215 0 1
0 0.255 -0.205 0 2
0 0.255 -0.195 0 2
0 0.255 -0.185 0 2
0 0.255 -0.175 0 2
0 0.255 -0.165 0 2
0 0.255 -0.155 0 2
0 0.255 -0.145 -3.850450793e-06 2
0 0.255 -0.135 -5.378614853e-06 2
0 0.255 -0.125 -5.616589179e-06 2
0 0.255 -0.115 -4.826069455e-06 2
0 0.255 -0.105 -4.642360049e-06 2
0 0.255 -0.095 -2.567859434e-06 2
0 0.255 -0.085 4.948238104e-06 2
0 0.255 -0.075 1.461550057e-05 1
0 0.255 -0.065 2.34388254e-05 1
0 0.255 -0.055 3.07553786e-05 1
0 0.255 -0.045 3.862107176e-05 1
0 0.255 -0.035 4.606407921e-05 2
0 0.255 -0.025 4.812563408e-05 2
0 0.255 -0.015 4.093759251e-05 2
0 0.255 -0.005 2.729795375e-05 2
0 0.255 0.005 1.199314575e-05 2
0 0.255 0.015 -3.456938543e-06 2
0 0.255 0.025 -1.673109523e-05 2
0 0.255 0.035 -2.639586542e-05 2
0 0.255 0.045 -3.184301374e-05 2
0 0.255 0.055 -3.309404118e-05 2
0 0.255 0.065 -3.069221587e-05 2
0 0.255 0.075 -2.541266365e-05 2
0 0.255 0.085 -1.813402467e-05 2
0 0.255 0.095 -9.79975725e-06 2
0 0.255 0.105 -1.469115246e-06 2
0 0.255 0.115 5.586395496e-06 2
0 0.255 0.125 1.011365432e-05 2
0 0.255 0.135 1.062852535e-05 2
0 0.255 0.145 7.8891662e-06 2
0 0.255 0.155 0 2
0 0.255 0.165 0 2
0 0.255 0.175 0 2
0 0.255 0.185 0 2
0 0.255 0.195 0 2
0 0.255 0.205 0 2
0 0.255 0.215 0 2
0 0.265 -0.205 0 2
0 0.265 -0.195 0 2
0 0.265 -0.185 0 2
0 0.265 -0.175 0 2
0 0.265 -0.165 0 2
0 0.265 -0.155 0 2
0 0.265 -0.145 -2.394225455e-05 2
0 0.265 -0.135 -3.012972724e-05 2
0 0.265 -0.125 -3.219489794e-05 2
0 0.265 -0.115 -2.991616023e-05 2
0 0.265 -0.105 -2.684742764e-05 2
0 0.265 -0.095 -2.153536775e-05 2
0 0.265 -0.085 -1.306801068e-05 1
0 0.265 -0.075 -2.434236484e-06 1
0 0.265 -0.065 7.180422274e-06 1
0 0.265 -0.055 1.497753044e-05 1
0 0.265 -0.045 2.159028226e-05 1
0 0.265 -0.035 2.835106432e-05 1
0 0.265 -0.025 3.254782619e-05 2
0 0.265 -0.015 3.037530164e-05 2
0 0.265 -0.005 2.01837487e-05 2
0 0.265 0.005 7.296186649e-06 2
0 0.265 0.015 -4.104899593e-06 2
0 0.265 0.025 -1.316816114e-05 2
0 0.265 0.035 -1.880007096e-05 2
0 0.265 0.045 -2.07233001e-05 2
0 0.265 0.055 -1.89008614e-05 2
0 0.265 0.065 -1.366108658e-05 2
0 0.265 0.075 -5.551115338e-06 2
0 0.265 0.085 4.688451931e-06 2
0 0.265 0.095 1.609842951e-05 2
0 0.265 0.105 2.741018841e-05 2
0 0.265 0.115 3.676047687e-05 2
0 0.265 0.125 4.208545116e-05 2
0 0.265 0.135 3.930816053e-05 2
0 0.265 0.145 3.018701369e-05 2
0 0.265 0.155 0 2
0 0.265 0.165 0 2
0 0.265 0.175 0 2
0 0.265 0.185 0 2
0 0.265 0.195 0 2
0 0.265 0.205 0 2
0 0.265 0.215 0 2
0 0.275 -0.205 0 2
0 0.275 -0.195 0 2
0 0.275 -0.185 0 2
0 0.275 -0.175 0 2
0 0.275 -0.165 0 2
0 0.275 -0.155 0 2
0 0.275 -0.145 -3.771138348e-05 2
0 0.275 -0.135 -4.717182979e-05 2
0 0.275 -0.125 -5.077735284e-05 2
0 0.275 -0.115 -4.597984234e-05 2
0 0.275 -0.105 -3.974535422e-05 2
0 0.275 -0.095 -3.278217016e-05 2
0 0.275 -0.085 -2.48195887e-05 1
0 0.275 -0.075 -1.355303393e-05 1
0 0.275 -0.065 -3.422997357e-06 1
0 0.275 -0.055 4.720390153e-06 1
0 0.275 -0.045 1.054924796e-05 1
0 0.275 -0.035 1.625113492e-05 1
0 0.275 -0.025 1.975311268e-05 2
0 0.275 -0.015 1.963560655e-05 2
0 0.275 -0.005 1.172779025e-05 2
0 0.275 0.005 1.145334228e-06 2
0 0.275 0.015 -6.176808486e-06 2
0 0.275 0.025 -1.121540289e-05 2
0 0.275 0.035 -1.324941003e-05 2
0 0.275 0.045 -1.224424015e-05 2
0 0.275 0.055 -8.097242123e-06 2
0 0.275 0.065 -9.383767292e-07 2
0 0.275 0.075 8.927910272e-06 2
0 0.275 0.085 2.098110491e-05 2
0 0.275 0.095 3.442014952e-05 2
0 0.275 0.105 4.799147864e-05 2
0 0.275 0.115 5.965392859e-05 2
0 0.275 0.125 6.67802954e-05 2
0 0.275 0.135 6.290391672e-05 2
0 0.275 0.145 4.98055385e-05 2
0 0.275 0.155 0 2
0 0.275 0.165 0 2
0 0.275 0.175 0 2
0 0.275 0.185 0 2
0 0.275 0.195 0 2
0 0.275 0.205 0 2
0 0.275 0.215 0 2
0 0.285 -0.205 0 2
0 0.285 -0.195 0 2
0 0.285 -0.185 0 2
0 0.285 -0.175 0 2
0 0.285 -0.165 0 2
0 0.285 -0.155 0 2
0 0.285 -0.145 -4.842500351e-05 2
0 0.285 -0.135 -5.638394238e-05 2
0 0.285 -0.125 -5.752019987e-05 2
0 0.285 -0.115 -5.077689388e-05 2
0 0.285 -0.105 -4.263780974e-05 2
0 0.285 -0.095 -3.551401794e-05 2
0 0.285 -0.085 -2.813864467e-05 1
0 0.285 -0.075 -1.637890361e-05 1
0 0.285 -0.065 -7.10617744e-06 1
0 0.285 -0.055 -1.21899116e-06 1
0 0.285 -0.045 4.015164822e-06 1
0 0.285 -0.035 9.777842407e-06 1
0 0.285 -0.025 1.317288677e-05 1
0 0.285 -0.015 8.798873863e-06 2
0 0.285 -0.005 1.650202293e-06 2
0 0.285 0.005 -5.31081296e-06 2
0 0.285 0.015 -8.448273773e-06 2
0 0.285 0.025 -9.892129176e-06 2
0 0.285 0.035 -9.247374014e-06 2
0 0.285 0.045 -6.476006941e-06 2
0 0.285 0.055 -1.37543275e-06 2
0 0.285 0.065 6.107606183e-06 2
0 0.285 0.075 1.589955265e-05 2
0 0.285 0.085 2.775092348e-05 2
0 0.285 0.095 4.118083366e-05 2
0 0.285 0.105 5.527796647e-05 2
0 0.285 0.115 6.847454588e-05 2
0 0.285 0.125 7.830213111e-05 2
0 0.285 0.135 7.827309363e-05 2
0 0.285 0.145 6.6317689e-05 2
0 0.285 0.155 0 2
0 0.285 0.165 0 2
0 0.285 0.175 0 2
0 0.285 0.185 0 2
0 0.285 0.195 0 2
0 0.285 0.205 0 2
0 0.285 0.215 0 2
0 0.295 -0.205 0 2
0 0.295 -0.195 0 2
0 0.295 -0.185 0 1
0 0.295 -0.175 0 1
0 0.295 -0.165 0 1
0 0.295 -0.155 0 1
0 0.295 -0.145 -4.808370574e-05 2
0 0.295 -0.135 -5.203741889e-05 2
0 0.295 -0.125 -4.922822292e-05 2
0 0.295 -0.115 -4.191791083e-05 2
0 0.295 -0.105 -3.375469052e-05 2
0 0.295 -0.095 -2.802487641e-05 2
0 0.295 -0.085 -2.297786283e-05 1
0 0.295 -0.075 -1.333210679e-05 1
0 0.295 -0.065 -6.313231505e-06 1
0 0.295 -0.055 -2.710350328e-06 1
0 0.295 -0.045 5.072012658e-07 1
0 0.295 -0.035 4.317822189e-06 1
0 0.295 -0.025 6.562253879e-06 1
0 0.295 -0.015 1.170519457e-06 2
0 0.295 -0.005 -4.592927034e-06 2
0 0.295 0.005 -8.244850926e-06 2
0 0.295 0.015 -8.358150974e-06 2
0 0.295 0.025 -7.610922971e-06 2
0 0.295 0.035 -5.841146892e-06 2
0 0.295 0.045 -2.91819153e-06 2
0 0.295 0.055 1.405475306e-06 2
0 0.295 0.065 7.280545438e-06 2
0 0.295 0.075 1.477618962e-05 2
0 0.295 0.085 2.385501242e-05 2
0 0.295 0.095 3.434784577e-05 2
0 0.295 0.105 4.578216364e-05 2
0 0.295 0.115 5.729830121e-05 2
0 0.295 0.125 6.608660626e-05 2
0 0.295 0.135 6.982986889e-05 2
0 0.295 0.145 6.439597751e-05 2
0 0.295 0.155 0 2
0 0.295 0.165 0 2
0 0.295 0.175 0 2
0 0.295 0.185 0 2
0 0.295 0.195 0 2
0 0.295 0.205 0 2
0 0.295 0.215 0 2
0 0.305 -0.205 0 2
0 0.305 -0.195 0 1
0 0.305 -0.185 0 1
0 0.305 -0.175 0 1
0 0.305 -0.165 0 1
0 0.305 -0.155 0 1
0 0.305 -0.145 0 1
0 0.305 -0.135 0 2
0 0.305 -0.125 0 2
0 0.305 -0.115 0 2
0 0.305 -0.105 0 2
0 0.305 -0.095 0 2
0 0.305 -0.085 0 1
0 0.305 -0.075 0 1
0 0.305 -0.065 0 1
0 0.305 -0.055 0 1
0 0.305 -0.045 0 1
0 0.305 -0.035 0 1
0 0.305 -0.025 0 1
0 0.305 -0.015 0 2
0 0.305 -0.005 0 2
0 0.305 0.005 0 2
0 0.305 0.015 0 2
0 0.305 0.025 0 2
0 0.305 0.035 0 2
0 0.305 0.045 0 2
0 0.305 0.055 0 2
0 0.305 0.065 0 2
0 0.305 0.075 0 2
0 0.305 0.085 0 2
0 0.305 0.095 0 2
0 0.305 0.105 0 2
0 0.305 0.115 0 2
0 0.305 0.125 0 2
0 0.305 0.135 0 2
0 0.305 0.145 0 2
0 0.305 0.155 0 2
0 0.305 0.165 0 2
0 0.305 0.175 0 2
0 0.305 0.185 0 2
0 0.305 0.195 0 2
0 0.305 0.205 0 2
0 0.305 0.215 0 2
0 0.315 -0.205 0 2
0 0.315 -0.195 0 1
0 0.315 -0.185 0 1
0 0.315 -0.175 0 1
0 0.315 -0.165 0 1
0 0.315 -0.155 0 1
0 0.315 -0.145 0 1
0 0.315 -0.135 0 2
0 0.315 -0.125 0 2
0 0.315 -0.115 0 2
0 0.315 -0.105 0 2
0 0.315 -0.095 0 2
0 0.315 -0.085 0 1
0 0.315 -0.075 0 1
0 0.315 -0.065 0 1
0 0.315 -0.055 0 1
0 0.315 -0.045 0 1
0 0.315 -0.035 0 1
0 0.315 -0.025 0 1
0 0.315 -0.015 0 2
0 0.315 -0.005 0 2
0 0.315 0.005 0 2
0 0.315 0.015 0 2
0 0.315 0.025 0 2
0 0.315 0.035 0 2
0 0.315 0.045 0 2
0 0.315 0.055 0 2
0 0.315 0.065 0 2
0 0.315 0.075 0 2
0 0.315 0.085 0 2
0 0.315 0.095 0 2
0 0.315 0.105 0 2
0 0.315 0.115 0 2
0 0.315 0.125 0 2
0 0.315 0.135 0 2
0 0.315 0.145 0 1
0 0.315 0.155 0 1
0 0.315 0.165 0 1
0 0.315 0.175 0 1
0 0.315 0.185 0 2
0 0.315 0.195 0 2
0 0.315 0.205 0 2
0 0.315 0.215 0 2
0 0.325 -0.205 0 2
0 0.325 -0.195 0 1
0 0.325 -0.185 0 1
0 0.325 -0.175 0 1
0 0.325 -0.165 0 1
0 0.325 -0.155 0 1
0 0.325 -0.145 0 1
0 0.325 -0.135 0 1
0 0.325 -0.125 0 2
0 0.325 -0.115 0 2
0 0.325 -0.105 0 2
0 0.325 -0.095 0 2
0 0.325 -0.085 0 1
0 0.325 -0.075 0 1
0 0.325 -0.065 0 1
0 0.325 -0.055 0 1
0 0.325 -0.045 0 1
0 0.325 -0.035 0 1
0 0.325 -0.025 0 1
0 0.325 -0.015 0 2
0 0.325 -0.005 0 2
0 0.325 0.005 0 2
0 0.325 0.015 0 2
0 0.325 0.025 0 2
0 0.325 0.035 0 2
0 0.325 0.045 0 2
0 0.325 0.055 0 2
0 0.325 0.065 0 2
0 0.325 0.075 0 2
0 0.325 0.085 0 2
0 0.325 0.095 0 2
0 0.325 0.105 0 2
0 0.325 0.115 0 2
0 0.325 0.125 0 2
0 0.325 0.135 0 2
0 0.325 0.145 0 1
0 0.325 0.155 0 1
0 0.325 0.165 0 1
0 0.325 0.175 0 1
0 0.325 0.185 0 1
0 0.325 0.195 0 2
0 0.325 0.205 0 2
0 0.325 0.215 0 2
0 0.335 -0.205 0 2
0 0.335 -0.195 0 1
0 0.335 -0.185 0 1
0 0.335 -0.175 0 1
0 0.335 -0.165 0 1
0 0.335 -0.155 0 1
0 0.335 -0.145 0 1
0 0.335 -0.135 0 1
0 0.335 -0.125 0 2
0 0.335 -0.115 0 2
0 0.335 -0.105 0 2
0 0.335 -0.095 0 2
0 0.335 -0.085 0 2
0 0.335 -0.075 0 1
0 0.335 -0.065 0 1
0 0.335 -0.055 0 1
0 0.335 -0.045 0 1
0 0.335 -0.035 0 1
0 0.335 -0.025 0 1
0 0.335 -0.015 0 2
0 0.335 -0.005 0 2
0 0.335 0.005 0 2
0 0.335 0.015 0 2
0 0.335 0.025 0 2
0 0.335 0.035 0 2
0 0.335 0.045 0 2
0 0.335 0.055 0 2
0 0.335 0.065 0 2
0 0.335 0.075 0 2
0 0.335 0.085 0 2
0 0.335 0.095 0 2
0 0.335 0.105 0 2
0 0.335 0.115 0 2
0 0.335 0.125 0 2
0 0.335 0.135 0 1
0 0.335 0.145 0 1
0 0.335 0.155 0 1
0 0.335 0.165 0 1
0 0.335 0.175 0 1
0 0.335 0.185 0 1
0 0.335 0.195 0 1
0 0.335 0.205 0 2
0 0.335 0.215 0 1
0 0.345 -0.205 0 2
0 0.345 -0.195 0 1
0 0.345 -0.185 0 1
0 0.345 -0.175 0 1
0 0.345 -0.165 0 1
0 0.345 -0.155 0 1
0 0.345 -0.145 0 1
0 0.345 -0.135 0 1
0 0.345 -0.125 0 2
0 0.345 -0.115 0 2
0 0.345 -0.105 0 2
0 0.345 -0.095 0 2
0 0.345 -0.085 0 2
0 0.345 -0.075 0 1
0 0.345 -0.065 0 1
0 0.345 -0.055 0 1
0 0.345 -0.045 0 1
0 0.345 -0.035 0 1
0 0.345 -0.025 0 1
0 0.345 -0.015 0 2
0 0.345 -0.005 0 2
0 0.345 0.005 0 2
0 0.345 0.015 0 2
0 0.345 0.025 0 2
0 0.345 0.035 0 2
0 0.345 0.045 0 2
0 0.345 0.055 0 2
0 0.345 0.065 0 2
0 0.345 0.075 0 2
0 0.345 0.085 0 2
0 0.345 0.095 0 2
0 0.345 0.105 0 2
0 0.345 0.115 0 2
0 0.345 0.125 0 2
0 0.345 0.135 0 1
0 0.345 0.145 0 1
0 0.345 0.155 0 1
0 0.345 0.165 0 1
0 0.345 0.175 0 1
0 0.345 0.185 0 1
0 0.345 0.195 0 1
0 0.345 0.205 0 1
0 0.345 0.215 0 1
0 0.355 -0.205 0 2
0 0.355 -0.195 0 1
0 0.355 -0.185 0 1
0 0.355 -0.175 0 1
0 0.355 -0.165 0 1
0 0.355 -0.155 0 1
0 0.355 -0.145 0 1
0 0.355 -0.135 0 1
0 0.355 -0.125 0 2
0 0.355 -0.115 0 2
0 0.355 -0.105 0 2
0 0.355 -0.095 0 2
0 0.355 -0.085 0 2
0 0.355 -0.075 0 2
0 0.355 -0.065 0 1
0 0.355 -0.055 0 1
0 0.355 -0.045 0 1
0 0.355 -0.035 0 1
0 0.355 -0.025 0 2
0 0.355 -0.015 0 2
0 0.355 -0.005 0 2
0 0.355 0.005 0 2
0 0.355 0.015 0 2
0 0.355 0.025 0 2
0 0.355 0.035 0 2
0 0.355 0.045 0 2
0 0.355 0.055 0 2
0 0.355 0.065 0 2
0 0.355 0.075 0 2
0 0.355 0.085 0 2
0 0.355 0.095 0 2
0 0.355 0.105 0 2
0 0.355 0.115 0 2
0 0.355 0.125 0 2
0 0.355 0.135 0 1
0 0.355 0.145 0 1
0 0.355 0.155 0 1
0 0.355 0.165 0 1
0 0.355 0.175 0 1
0 0.355 0.185 0 1
0 0.355 0.195 0 1
0 0.355 0.205 0 1
0 0.355 0.215 0 1
0 0.365 -0.205 0 2
0 0.365 -0.195 0 1
0 0.365 -0.185 0 1
0 0.365 -0.175 0 1
0 0.365 -0.165 0 1
0 0.365 -0.155 0 1
0 0.365 -0.145 0 1
0 0.365 -0.135 0 1
0 0.365 -0.125 0 2
0 0.365 -0.115 0 2
0 0.365 -0.105 0 2
0 0.365 -0.095 0 2
0 0.365 -0.085 0 2
0 0.365 -0.075 0 2
0 0.365 -0.065 0 2
0 0.365 -0.055 0 2
0 0.365 -0.045 0 2
0 0.365 -0.035 0 2
0 0.365 -0.025 0 2
0 0.365 -0.015 0 2
0 0.365 -0.005 0 2
0 0.365 0.005 0 2
0 0.365 0.015 0 2
0 0.365 0.025 0 2
0 0.365 0.035 0 2
0 0.365 0.045 0 2
0 0.365 0.055 0 2
0 0.365 0.065 0 2
0 0.365 0.075 0 2
0 0.365 0.085 0 2
0 0.365 0.095 0 2
0 0.365 0.105 0 2
0 0.365 0.115 0 2
0 0.365 0.125 0 2
0 0.365 0.135 0 2
0 0.365 0.145 0 1
0 0.365 0.155 0 1
0 0.365 0.165 0 1
0 0.365 0.175 0 1
0 0.365 0.185 0 1
0 0.365 0.195 0 1
0 0.365 0.205 0 1
0 0.365 0.215 0 1
